nrun  cer1  cer2  cer3  cer4  cer5  cer6  cer7  cer8  cer9  cer10
1207  0.29  0.69  0.10  0.71  0.42  1.47  0.46  0.81  0.10  0.26  
1208  0.60  0.49  0.21  0.81  0.35  1.41  0.42  0.80  0.20  0.38  
1209  0.58  0.54  0.17  0.87  0.39  1.49  0.48  0.80  0.12  0.29  
1210  0.55  0.61  0.27  0.83  0.40  1.51  0.46  0.77  0.16  0.39  
1211  0.59  0.61  0.08  0.85  0.35  1.48  0.45  0.79  0.11  0.33  
1212  0.59  0.60  0.14  1.14  0.32  1.45  0.41  0.63  0.12  0.26  
1213  0.58  0.53  0.18  0.51  0.37  1.52  0.48  0.77  0.16  0.36  
1214  0.55  0.56  0.04  0.45  0.33  1.46  0.50  0.65  0.19  0.29  
1215  0.58  0.62  0.24  0.86  0.39  1.48  0.49  0.71  0.10  0.38  
1216  0.58  0.60  0.17  0.54  0.34  1.44  0.49  0.77  0.15  0.29  
1217  0.56  0.56  0.22  1.19  0.40  1.54  0.39  0.79  0.17  0.35  
1219  0.58  0.70  0.09  0.77  0.28  1.52  0.50  0.73  0.15  0.33  
1220  0.57  0.60  0.13  0.89  0.32  1.54  0.43  0.79  0.07  0.32  
1221  0.58  0.58  0.07  0.53  0.31  1.54  0.45  0.81  0.03  0.34  
1222  0.59  0.59  0.09  0.86  0.28  1.53  0.47  0.81  0.14  0.34  
1223  0.59  0.63  0.10  0.90  0.29  1.48  0.44  0.77  0.15  0.34  
1224  0.61  0.63  0.08  0.87  0.36  1.49  0.43  0.65  0.14  0.31  
1225  0.60  0.61  0.12  0.55  0.30  1.51  0.44  0.59  0.10  0.32  
1231  0.60  0.61  0.01  1.00  0.35  1.50  0.49  0.80  0.20  0.33  
1233  0.50  0.64  -0.06  0.62  0.36  1.46  0.41  0.72  0.11  0.49  
1234  0.22  0.25  0.17  1.16  0.22  0.53  0.12  0.13  0.21  0.28  
1235  0.58  0.61  0.14  0.95  0.29  1.60  0.49  0.77  0.05  0.26  
1236  0.60  0.65  0.18  0.92  0.36  1.57  0.47  0.71  0.11  0.32  
1237  0.59  0.66  0.31  0.83  0.34  1.52  0.40  0.73  0.02  0.25  
1238  0.57  0.59  0.27  0.92  0.31  1.62  0.48  0.70  0.05  0.26  
1239  0.68  0.50  0.18  0.86  0.29  1.54  0.38  0.72  0.12  0.21  
1240  0.64  0.53  0.19  0.60  0.37  1.52  0.35  0.74  0.11  0.24  
1241  0.71  0.50  -0.04  0.61  0.36  1.62  0.37  0.78  0.13  0.28  
1242  0.70  0.51  0.15  0.67  0.36  1.51  0.34  0.57  0.17  0.34  
1243  0.64  0.61  0.14  1.07  0.33  1.55  0.37  0.81  0.06  0.34  
1244  0.49  0.64  0.15  0.70  0.30  1.43  0.59  0.63  0.22  0.75  
1245  0.62  0.56  0.19  0.87  0.25  1.57  0.45  0.67  0.13  0.31  
1246  0.60  0.62  0.34  0.77  0.31  1.55  0.48  0.78  0.10  0.33  
1247  0.59  0.59  0.17  0.93  0.31  1.59  0.46  0.80  0.15  0.38  
1248  0.59  0.55  0.21  0.90  0.26  1.53  0.46  0.75  0.17  0.38  
1249  0.63  0.63  0.20  1.29  0.27  1.62  0.43  0.89  0.11  0.36  
1250  0.57  0.56  0.30  0.54  0.26  1.59  0.42  0.72  0.08  0.35  
1251  0.61  0.57  0.08  1.20  0.25  1.53  0.42  0.83  -0.04  0.37  
1257  0.64  1.01  0.34  0.68  0.81  0.78  0.48  0.53  0.16  0.25  
1258  0.65  0.81  0.31  0.48  0.42  1.27  0.51  0.89  0.17  0.39  
1260  0.60  0.62  0.41  0.71  0.34  1.40  0.59  0.65  0.03  0.37  
1261  0.67  0.64  0.36  0.67  0.25  1.33  0.50  0.89  0.20  0.33  
1262  0.61  0.65  0.31  0.92  0.39  1.46  0.51  0.80  0.20  0.35  
1263  0.60  0.63  0.36  1.03  0.33  1.36  0.52  0.80  0.13  0.38  
1264  0.56  0.72  0.48  0.74  0.33  1.40  0.54  0.73  0.21  0.39  
1265  0.65  0.65  0.42  0.74  0.39  1.36  0.56  0.74  0.13  0.46  
1266  0.64  0.61  0.47  0.75  0.33  1.44  0.48  0.98  0.23  0.44  
1267  0.66  0.60  0.25  0.59  0.38  1.34  0.46  0.89  0.13  0.46  
1268  0.62  0.70  0.31  1.08  0.28  1.42  0.45  0.85  0.16  0.48  
1271  0.57  0.65  0.35  0.51  0.44  1.34  0.44  0.65  -0.01  0.27  
1272  0.63  0.63  0.32  0.74  0.32  1.43  0.53  0.77  0.16  0.39  
1273  0.65  0.61  0.41  1.02  0.32  1.43  0.49  0.77  0.15  0.38  
1274  0.56  0.65  0.28  0.73  0.35  1.36  0.55  0.85  0.24  0.37  
1276  0.61  0.63  0.43  0.66  0.34  1.40  0.48  0.75  0.08  0.34  
1277  0.69  0.66  0.55  1.15  0.35  1.36  0.53  0.86  0.15  0.34  
1279  0.70  0.82  0.60  0.62  0.61  1.37  0.51  0.61  0.22  0.26  
1280  0.18  0.23  0.33  1.17  0.28  0.50  0.15  0.09  0.13  0.38  
1281  0.56  0.72  0.39  0.59  0.41  1.43  0.55  0.87  0.05  0.31  
1282  0.52  0.70  0.44  0.91  0.41  1.40  0.44  0.88  0.16  0.38  
1283  0.67  0.61  0.44  0.73  0.37  1.46  0.49  0.82  0.15  0.30  
1284  0.60  0.65  0.38  0.60  0.34  1.44  0.50  0.97  0.14  0.42  
1285  0.57  0.74  0.42  0.61  0.39  1.35  0.45  0.73  0.10  0.34  
1286  0.66  0.70  0.60  0.57  0.30  1.39  0.47  0.84  0.12  0.29  
1287  0.64  0.68  0.33  0.75  0.38  1.41  0.49  0.94  0.14  0.29  
1288  0.62  0.63  0.39  0.68  0.38  1.43  0.42  0.78  0.15  0.29  
1289  0.61  0.65  0.27  0.88  0.34  1.38  0.51  0.76  0.10  0.31  
1290  0.61  0.77  0.45  0.67  0.39  1.33  0.48  0.90  0.12  0.40  
1291  0.58  0.65  0.23  1.07  0.44  1.47  0.48  0.84  0.11  0.40  
1292  0.62  0.69  0.42  0.94  0.34  1.47  0.50  0.74  0.17  0.42  
1293  0.67  0.66  0.29  0.68  0.38  1.35  0.51  0.82  0.16  0.42  
1294  0.69  0.66  0.42  0.66  0.35  1.39  0.49  0.86  0.24  0.50  
1295  0.53  0.80  0.16  0.99  0.37  1.41  0.45  0.90  0.09  0.39  
1296  0.62  0.65  0.41  0.56  0.40  1.58  0.46  0.91  0.08  0.38  
1297  0.60  0.72  0.29  0.80  0.42  1.41  0.49  0.96  0.23  0.40  
1298  0.60  0.60  0.37  0.65  0.39  1.36  0.48  0.68  0.19  0.41  
1299  0.65  0.75  0.48  0.74  0.33  1.41  0.51  0.89  0.24  0.43  
1300  0.59  0.69  0.41  0.63  0.38  1.28  0.49  0.98  0.21  0.42  
1301  0.67  0.62  0.41  0.85  0.43  1.44  0.55  0.91  0.10  0.28  
1309  0.60  0.93  0.82  0.92  0.16  1.78  -0.27  0.84  -0.39  -0.41  
1312  0.33  0.32  0.04  3.29  0.31  1.75  0.47  0.34  -0.24  -0.37  
1313  0.60  0.08  -0.04  0.87  0.24  1.80  0.12  0.22  -0.08  0.25  
1318  0.94  0.43  1.07  0.53  0.51  1.73  -0.55  1.19  -0.64  -0.24  
1322  0.68  0.04  -0.01  0.62  0.02  1.55  0.04  0.16  -0.11  0.20  
1323  0.39  0.14  0.21  -0.67  0.24  1.61  0.23  0.08  0.06  0.18  
1325  0.30  0.09  0.34  0.54  0.02  1.42  -0.16  0.70  -0.16  0.25  
1326  0.65  0.16  0.17  -0.27  0.22  1.72  0.20  0.13  -0.08  0.11  
1327  0.51  0.17  -0.07  0.94  0.28  1.62  0.13  0.25  0.07  0.28  
1328  0.48  0.06  0.04  0.81  0.34  1.65  0.15  0.21  -0.05  0.32  
1329  0.54  0.06  0.04  0.12  0.30  1.66  0.15  0.30  -0.14  0.32  
1331  0.36  0.13  -0.00  0.47  0.29  1.73  0.19  0.26  -0.06  0.24  
1333  0.48  0.15  0.02  0.67  0.27  1.80  0.22  0.33  -0.04  0.23  
1334  0.49  0.11  0.08  0.60  0.25  1.67  0.20  0.30  -0.11  0.30  
1335  0.46  0.04  -0.00  0.28  0.21  1.65  0.14  0.15  0.09  0.27  
1336  0.58  0.03  -0.15  0.60  0.26  1.55  0.18  0.24  -0.07  0.27  
1337  0.52  0.11  0.07  0.50  0.13  1.66  0.10  0.10  -0.01  0.24  
1338  0.59  0.12  0.02  0.13  0.25  1.69  0.16  0.31  0.02  0.28  
1339  0.54  0.10  0.12  0.10  0.37  1.91  0.37  0.02  -0.09  0.23  
1342  0.46  0.10  0.01  0.32  0.34  1.56  0.15  0.24  0.07  0.22  
1343  0.61  0.17  -0.05  0.44  0.20  1.69  0.08  0.27  0.09  0.07  
1344  0.79  -0.11  0.02  0.42  0.34  1.84  0.26  0.21  -0.19  0.47  
1345  0.14  0.22  0.30  1.20  0.22  0.53  0.19  0.09  0.16  0.36  
1346  0.44  0.28  -0.09  1.27  0.47  1.72  -0.03  0.49  0.02  0.13  
1347  0.56  0.11  0.15  0.81  0.32  1.76  0.04  0.15  -0.07  0.18  
1348  0.58  0.07  -0.04  0.97  0.32  1.68  0.03  0.29  -0.05  0.24  
1350  0.53  -0.02  -0.18  0.04  0.27  1.72  -0.02  0.38  -0.09  0.17  
1351  0.52  0.15  -0.04  0.31  0.29  1.67  0.13  0.23  0.06  0.09  
1352  0.58  0.24  0.13  0.79  0.27  1.83  0.11  0.22  -0.07  0.08  
1353  0.59  0.24  0.17  0.90  0.25  1.66  0.15  0.21  -0.03  0.12  
1354  0.57  0.17  0.09  0.80  0.41  1.67  0.19  0.29  -0.09  0.21  
1355  0.45  0.19  0.29  1.29  0.40  1.78  0.14  0.23  0.02  0.20  
1356  0.42  0.17  0.10  0.38  0.26  1.73  0.15  0.26  0.03  0.22  
1357  0.58  0.13  0.15  0.43  0.32  1.61  0.11  0.26  0.07  0.25  
1358  0.41  0.12  0.05  1.03  0.26  1.60  0.06  0.24  -0.05  0.26  
1359  0.49  0.14  0.07  0.33  0.32  1.64  0.07  0.34  -0.07  0.20  
1360  0.58  0.14  0.28  0.18  0.28  1.63  -0.10  0.30  -0.25  0.18  
1362  0.41  0.20  0.21  0.48  0.31  1.79  -0.15  0.05  -0.14  0.04  
1363  0.47  0.20  0.42  0.50  0.27  1.85  0.24  0.40  -0.15  0.15  
1364  0.08  -0.09  0.62  2.07  0.34  1.72  -0.16  0.42  -0.14  0.23  
1365  0.21  0.24  0.19  1.32  0.26  0.46  0.16  0.11  0.22  0.42  
1366  0.44  0.19  0.06  1.26  0.34  1.67  0.05  0.18  -0.16  -0.03  
1367  0.51  0.33  0.13  0.25  0.39  1.69  -0.09  0.43  -0.06  0.03  
1368  0.53  0.18  0.11  0.62  0.31  1.79  0.22  0.35  -0.08  0.04  
1369  0.42  0.07  0.15  0.61  0.38  1.69  -0.00  0.46  0.02  0.13  
1370  0.46  0.14  0.22  0.77  0.30  1.82  0.00  0.42  -0.27  0.14  
1371  0.38  0.13  0.11  0.53  0.41  1.63  0.02  0.37  -0.02  0.22  
1372  0.65  0.02  0.47  0.49  0.45  1.84  0.01  0.26  -0.18  0.00  
1373  0.39  0.12  -0.04  0.97  0.39  1.68  -0.02  0.51  0.05  0.07  
1374  0.44  0.20  0.33  0.37  0.34  1.81  -0.00  0.17  -0.19  0.03  
1375  0.57  0.38  0.14  1.33  0.23  1.70  -0.13  0.42  -0.29  0.10  
1376  0.57  0.29  0.14  0.90  0.41  1.75  -0.23  0.29  -0.23  -0.02  
1377  0.53  0.14  0.27  0.60  0.31  1.53  -0.08  0.21  0.09  0.14  
1378  0.61  0.05  0.09  0.42  0.35  1.81  -0.03  0.30  0.04  0.05  
1379  0.32  0.13  0.28  0.88  0.31  1.80  -0.13  0.39  -0.27  -0.06  
1380  0.18  0.25  0.21  0.56  -0.07  2.25  -0.17  0.79  -0.25  -0.23  
1381  0.59  0.23  0.16  1.17  0.42  1.73  0.05  0.24  -0.10  0.01  
1382  0.51  0.05  -0.01  0.49  0.37  1.85  0.18  0.52  -0.06  0.17  
1383  0.56  0.18  -0.01  1.06  0.22  1.95  -0.00  0.59  0.03  0.07  
1384  0.03  0.14  0.46  -0.11  0.18  1.74  -0.08  0.15  0.18  0.05  
1386  0.51  0.06  0.12  0.74  0.26  1.77  -0.06  0.38  -0.07  0.06  
1387  0.53  0.21  0.28  1.13  0.34  1.67  0.01  0.31  -0.22  -0.01  
1388  0.40  0.09  -0.03  2.12  0.41  2.11  0.03  0.21  0.06  0.12  
1389  0.55  0.19  0.09  0.86  0.28  1.70  -0.08  0.31  0.04  0.07  
1390  0.45  0.37  0.07  1.60  0.19  1.80  0.06  0.54  -0.17  0.16  
1392  0.65  0.24  0.19  -0.26  0.27  1.83  -0.14  0.40  -0.21  -0.06  
1394  0.62  0.07  0.14  0.42  0.40  1.74  0.01  0.53  0.01  0.01  
1396  0.27  0.26  0.25  1.39  0.14  0.50  0.12  0.18  0.22  0.34  
1397  0.50  0.24  0.03  0.70  0.18  1.78  -0.09  0.25  -0.07  -0.02  
1398  0.39  0.24  0.21  1.50  0.40  1.83  0.06  0.63  0.11  -0.02  
1399  0.48  0.48  0.10  0.97  0.21  1.82  -0.42  0.48  -0.34  -0.13  
1402  0.57  0.45  -0.11  1.39  0.48  1.78  0.11  0.50  -0.17  -0.07  
1403  0.44  0.23  0.40  -0.41  0.27  1.79  -0.13  0.44  -0.28  0.19  
1404  0.47  0.17  0.17  0.05  0.30  1.66  -0.18  0.36  -0.21  -0.08  
1405  0.45  0.16  0.33  -0.19  0.46  1.71  -0.00  0.24  -0.09  0.04  
1406  0.36  0.28  0.13  0.85  0.46  1.78  -0.13  0.31  -0.34  0.08  
1407  0.57  0.26  0.24  0.72  0.36  1.64  0.29  0.29  -0.18  -0.05  
1408  0.41  0.21  0.12  1.71  0.44  1.76  -0.14  0.52  -0.10  -0.06  
1409  0.39  0.18  0.14  2.16  0.47  1.75  -0.02  0.52  -0.33  -0.23  
1410  0.25  0.24  0.45  1.65  0.50  1.48  0.04  0.35  -0.01  0.02  
1411  0.65  0.27  0.13  0.47  0.35  1.71  -0.26  0.32  -0.05  0.01  
1412  0.65  0.21  0.48  0.76  0.46  1.67  -0.14  0.74  -0.26  -0.04  
1413  0.35  0.31  -0.08  0.77  0.34  1.61  -0.18  0.50  -0.34  0.14  
1414  0.40  0.29  0.43  -0.58  0.40  1.55  -0.18  0.39  -0.08  0.04  
1415  0.02  0.12  0.21  -0.68  0.85  1.61  -0.60  0.72  -0.34  -0.07  
1416  0.63  0.32  -0.01  0.65  0.39  1.77  -0.11  0.40  -0.04  0.15  
1420  0.71  0.38  0.20  0.67  0.44  1.95  0.00  0.25  -0.10  -0.37  
1422  0.50  0.28  0.14  -0.29  0.39  1.83  -0.12  0.36  -0.07  0.11  
1423  0.52  0.63  0.75  0.07  -0.20  2.05  -0.26  0.33  -0.51  -0.32  
1425  0.31  0.25  0.45  0.58  0.60  1.91  0.03  0.52  -0.14  0.13  
1426  0.34  0.35  0.59  2.48  0.54  1.42  -0.16  0.39  -0.15  -0.07  
1427  0.55  0.16  0.25  0.06  0.31  1.44  0.02  0.73  -0.20  -0.10  
1428  0.53  0.14  0.34  0.11  0.45  1.72  -0.07  0.35  -0.00  -0.14  
1429  0.57  0.74  0.53  0.36  0.30  1.22  -0.37  0.50  0.31  -0.51  
1430  0.24  0.12  0.51  -0.39  0.47  1.46  -0.23  0.26  -0.11  0.08  
1431  0.43  0.11  0.34  0.53  0.39  1.53  -0.03  0.30  -0.18  0.09  
1432  0.71  0.44  0.50  -0.35  0.32  1.55  -0.22  0.39  -0.16  -0.36  
1433  0.41  0.33  0.23  1.27  0.29  1.53  -0.16  0.17  -0.15  -0.11  
1434  0.70  0.30  0.50  -0.58  0.50  1.73  -0.08  0.44  -0.00  0.08  
1435  0.56  0.26  0.34  0.10  0.31  1.73  -0.05  0.27  -0.08  0.18  
1436  0.48  0.31  0.20  -0.12  0.38  1.73  -0.08  0.55  -0.05  0.19  
1437  0.50  0.09  0.49  0.96  0.45  1.59  0.12  0.15  -0.08  -0.14  
1438  0.53  0.38  0.21  0.60  0.46  1.84  -0.12  0.37  0.03  0.04  
1439  0.59  0.33  0.46  0.26  0.43  1.80  -0.10  0.09  -0.11  -0.07  
1440  0.44  0.15  0.28  -0.05  0.42  1.55  -0.01  0.33  -0.13  0.05  
1441  0.63  0.21  0.68  0.46  0.46  1.72  -0.26  0.35  -0.23  -0.07  
1450  0.46  0.45  0.40  1.82  0.45  2.00  -0.19  0.20  -0.13  0.27  
1451  0.44  0.36  0.44  0.20  0.32  1.67  -0.16  0.32  -0.60  0.14  
1452  0.35  0.54  0.40  -0.50  0.17  1.50  -0.06  0.03  0.04  0.04  
1453  0.45  0.35  0.63  1.57  0.27  1.73  -0.24  0.28  -0.37  -0.07  
1454  0.51  0.26  0.20  0.86  0.31  1.64  -0.27  0.24  -0.20  -0.15  
1455  0.40  0.17  0.58  3.39  0.43  1.87  -0.19  0.42  -0.19  -0.18  
1456  0.37  0.17  0.15  1.32  0.37  1.58  0.00  0.26  -0.31  -0.09  
1457  0.35  0.04  -0.10  -0.09  0.45  1.80  -0.08  0.53  0.06  0.02  
1458  0.43  0.35  0.20  0.36  0.47  1.90  0.08  0.44  -0.19  0.16  
1459  0.57  0.04  0.34  0.52  0.41  1.89  0.12  0.31  -0.16  -0.01  
1460  0.32  0.24  0.36  0.22  0.36  1.77  -0.18  0.27  -0.26  0.08  
1461  0.36  0.04  0.23  0.38  0.46  1.74  0.04  0.20  -0.03  -0.09  
1462  0.44  0.34  0.12  2.00  0.48  1.75  -0.34  0.57  -0.03  -0.02  
1463  0.52  0.20  0.48  1.39  0.45  1.76  -0.06  0.47  -0.48  -0.24  
1464  0.08  0.59  0.61  0.37  0.21  1.69  0.32  -0.09  -0.58  -0.03  
1465  0.54  0.24  0.33  0.69  0.39  1.63  -0.01  0.29  -0.07  -0.01  
1466  0.41  0.42  0.11  1.45  0.58  1.60  0.14  0.27  0.02  -0.20  
1468  0.33  0.18  0.55  0.15  0.54  1.39  0.03  0.56  -0.34  -0.11  
1469  0.30  0.34  0.31  1.33  0.51  1.49  0.08  0.21  -0.31  -0.16  
1470  0.40  0.21  0.38  0.09  0.46  1.61  0.00  0.47  -0.15  0.16  
1472  0.48  0.38  0.51  1.22  0.48  1.61  -0.04  0.29  -0.33  0.02  
1474  0.18  0.25  0.17  1.59  0.21  0.58  0.12  0.25  0.18  0.39  
1475  0.37  0.55  0.41  0.02  0.35  1.39  0.07  0.31  -0.08  -0.02  
1476  0.53  0.55  0.43  -0.11  0.46  1.64  0.14  0.40  -0.05  -0.04  
1477  0.23  0.23  0.32  0.68  0.71  1.93  -0.45  0.26  -0.04  0.10  
1478  0.08  0.06  0.23  1.04  0.57  1.62  -0.12  0.69  -0.09  -0.07  
1479  0.20  0.56  0.69  -0.97  0.73  1.81  -0.05  0.34  -0.31  -0.42  
1482  0.48  0.38  0.54  0.92  0.40  1.61  -0.25  0.31  -0.36  -0.25  
1483  0.60  0.54  -0.19  0.27  0.59  1.81  -0.20  0.41  -0.62  -0.55  
1484  0.62  0.34  0.42  0.52  0.30  1.82  -0.01  0.03  -0.15  0.02  
1485  0.10  0.41  0.42  -0.01  0.30  1.75  -0.29  0.49  -0.35  -0.21  
1486  0.45  0.17  0.43  1.68  0.47  1.56  -0.16  -0.04  -0.16  0.06  
1487  0.47  0.27  0.43  -0.50  0.59  1.61  -0.41  0.19  -0.01  -0.14  
1488  0.24  0.30  0.08  1.54  0.65  1.86  -0.31  0.34  -0.22  -0.06  
1489  0.36  0.19  0.34  -0.72  0.69  1.56  -0.08  0.61  -0.12  0.05  
1490  0.85  0.30  0.45  0.26  0.41  1.61  -0.08  0.66  -0.19  -0.01  
1491  0.54  0.57  0.16  2.08  0.21  1.54  -0.50  0.55  -0.24  -0.14  
1492  0.51  0.48  0.18  0.25  0.53  1.69  -0.27  0.60  -0.09  0.01  
1493  0.44  0.31  0.21  -0.71  0.43  1.70  -0.22  0.33  -0.08  -0.12  
1494  0.54  0.34  0.65  -0.04  0.54  1.73  0.31  0.65  -0.54  -0.13  
1495  0.39  0.38  0.17  -0.88  0.49  1.77  0.03  0.30  -0.36  -0.19  
1496  0.62  0.44  0.25  -0.62  0.35  1.55  -0.11  0.46  -0.32  -0.07  
1501  0.52  0.38  -0.21  -0.75  0.50  1.86  -0.22  0.60  -0.41  -0.28  
1502  0.60  0.20  0.04  -1.17  0.48  1.54  -0.27  0.15  -0.42  -0.15  
1503  0.30  0.30  0.19  -0.53  0.34  1.73  -0.38  0.50  -0.23  -0.18  
1504  0.46  0.61  -0.00  -0.03  0.88  1.68  -0.43  0.61  -0.19  -0.14  
1505  0.50  0.43  0.10  0.66  0.56  1.63  -0.17  0.41  -0.25  -0.08  
1506  0.48  0.62  -0.10  -0.44  0.49  1.82  -0.23  0.19  -0.17  -0.15  
1510  0.66  0.30  0.83  11.36  0.58  1.78  -0.48  0.76  -0.49  -0.38  
1513  0.81  0.46  0.66  -1.80  0.68  2.17  -0.40  0.92  -0.41  -0.36  
1515  0.56  0.26  0.49  -1.96  0.32  1.70  -0.55  0.93  -0.17  -0.30  
1516  0.55  0.49  0.56  3.42  0.17  2.10  -0.43  0.83  -0.57  -0.80  
1518  0.65  0.83  1.41  9.97  1.00  1.73  -0.24  0.83  -0.61  0.01  
1520  0.71  0.35  0.18  5.06  0.57  1.55  0.16  0.22  -0.23  -0.10  
1521  0.65  0.33  0.35  -1.88  0.80  1.59  -0.40  0.55  0.11  -0.19  
1524  0.22  0.34  0.25  0.36  0.28  0.41  0.11  0.07  0.25  0.37  
1525  0.72  0.62  0.68  -1.42  0.38  1.70  0.02  0.42  -0.18  -0.38  
1526  0.23  0.49  0.44  6.48  0.47  1.73  0.03  1.05  -0.17  -0.14  
1528  0.28  0.68  0.54  8.16  0.19  1.58  -0.23  0.59  -0.24  -0.30  
1529  0.07  0.36  0.17  3.59  0.70  1.48  -0.24  0.59  -0.44  -0.06  
1530  0.55  0.36  0.96  8.08  0.41  1.26  -0.40  0.60  -0.07  -0.55  
1531  0.70  0.24  0.14  -1.63  0.82  1.57  -0.09  0.95  -0.24  -0.53  
1532  0.43  0.31  0.70  0.68  0.51  1.56  -0.25  0.51  -0.42  -0.30  
1533  0.36  0.23  0.52  -0.43  0.47  1.70  -0.23  0.84  0.08  -0.22  
1540  0.47  0.49  0.76  12.88  0.51  1.66  -0.15  0.73  -0.19  -0.05  
1541  0.69  0.45  0.29  1.53  0.55  1.74  0.10  0.60  -0.30  -0.12  
1542  0.72  0.60  0.94  3.93  0.51  1.89  -0.13  1.04  -0.11  -0.23  
1543  0.43  0.24  0.35  2.17  0.43  1.63  -0.12  0.91  -0.13  0.06  
1545  0.24  0.43  0.13  -0.06  0.68  1.44  0.01  0.46  -0.03  -0.20  
1546  0.57  0.30  0.40  4.19  0.62  1.53  -0.11  0.67  -0.02  -0.19  
1547  0.41  0.27  0.08  6.62  0.32  1.33  -0.27  0.78  -0.17  -0.03  
1548  0.40  0.53  0.25  2.13  0.57  1.65  -0.02  1.12  -0.17  -0.07  
1549  0.65  0.65  0.45  -1.72  0.28  1.66  -0.18  0.71  -0.14  0.09  
1550  0.63  0.22  0.49  1.12  0.68  1.64  -0.37  0.82  -0.03  -0.09  
1551  0.52  0.51  0.85  1.86  0.38  1.82  -0.17  1.19  -0.47  -0.64  
1553  0.46  0.25  -0.08  -1.43  0.57  1.73  -0.08  0.33  -0.03  -0.04  
1557  0.67  0.21  -0.06  -1.35  0.58  1.66  0.19  0.72  -0.24  0.16  
1558  0.42  0.30  0.01  4.11  0.66  1.79  -0.22  0.28  -0.10  -0.07  
1559  0.73  0.50  0.67  -0.97  0.59  1.51  0.07  0.37  -0.06  -0.13  
1560  0.83  0.48  0.40  -1.61  0.67  1.74  -0.07  0.80  -0.52  -0.05  
1561  0.31  0.16  0.18  -0.08  0.53  1.69  -0.06  0.29  0.10  0.36  
1562  0.31  0.44  0.35  -1.30  0.48  1.46  0.04  0.81  -0.47  0.01  
1563  0.38  0.22  0.15  -1.34  0.53  1.63  -0.22  0.48  -0.36  0.20  
1564  0.35  0.58  0.01  -1.85  0.37  1.43  -0.17  0.88  -0.22  -0.09  
1565  0.53  0.34  -0.03  -0.13  0.58  1.61  -0.21  0.76  -0.15  0.03  
1566  0.37  0.26  -0.38  0.90  0.58  1.60  -0.27  0.59  0.05  0.30  
1567  0.61  0.24  0.37  5.64  0.36  1.60  -0.29  0.36  -0.45  -0.14  
1568  0.43  0.26  0.30  -1.77  0.71  1.45  -0.22  0.26  0.07  -0.04  
1569  0.49  0.08  0.10  0.54  0.86  1.58  -0.04  0.40  -0.13  -0.07  
1571  0.41  0.36  0.00  3.34  0.47  1.76  -0.28  0.60  -0.12  -0.24  
1572  0.15  0.21  0.31  2.50  0.44  1.69  -0.17  0.63  -0.31  -0.09  
1576  0.89  0.94  0.54  0.80  0.25  1.53  0.27  0.65  -0.12  0.31  
1577  0.76  0.30  0.48  -1.36  0.20  1.53  0.30  0.32  -0.27  0.04  
1578  0.52  0.26  0.27  1.79  0.42  1.67  -0.10  0.49  -0.10  -0.11  
1579  0.48  0.50  0.76  7.13  0.56  1.81  -0.38  0.76  -0.38  -0.07  
1580  0.52  0.40  0.21  -0.32  0.35  1.75  -0.26  0.43  -0.47  -0.07  
1581  0.47  0.33  0.16  2.43  0.50  1.45  -0.24  0.62  -0.09  -0.25  
1582  0.52  0.54  0.55  4.96  0.63  1.72  0.22  0.74  -0.35  -0.25  
1583  0.42  0.49  0.15  -1.27  0.39  1.71  -0.45  0.56  -0.26  -0.06  
1584  0.41  0.38  -0.03  -1.50  0.69  1.74  -0.23  0.67  -0.19  -0.08  
1585  0.26  0.44  0.23  0.94  0.59  1.80  -0.07  0.48  -0.01  0.13  
1586  0.45  0.32  0.28  4.61  0.31  1.70  -0.02  0.49  -0.11  -0.11  
1587  0.36  0.41  0.29  12.97  0.59  1.61  -0.08  0.50  -0.26  -0.04  
1588  0.56  0.29  -0.01  1.66  0.61  1.44  0.02  0.64  -0.08  0.27  
1589  0.51  0.33  -0.04  0.09  0.59  1.58  -0.12  0.44  -0.28  -0.21  
1590  0.50  0.24  0.28  2.40  0.57  1.36  -0.30  0.62  -0.12  -0.05  
1591  0.55  0.16  0.34  -0.93  0.62  1.68  -0.06  0.78  -0.30  -0.12  
1592  0.39  0.21  0.43  3.78  0.43  1.82  -0.19  0.58  -0.23  -0.03  
1593  0.64  0.07  0.16  5.39  0.50  1.47  -0.02  0.73  -0.11  -0.06  
1594  0.53  0.22  0.71  -1.25  0.50  1.68  -0.14  0.74  -0.30  0.12  
1595  0.69  0.48  0.16  -0.95  0.56  1.63  -0.18  0.61  -0.21  -0.05  
1596  0.40  0.36  0.24  -2.21  0.72  1.47  -0.21  0.38  -0.12  0.03  
1597  0.66  0.23  0.25  6.68  0.39  1.71  -0.29  0.52  -0.10  0.09  
1598  0.31  0.44  -0.07  7.08  0.55  1.44  0.02  0.40  -0.16  -0.17  
1599  0.47  0.52  0.39  -1.79  0.53  1.55  -0.28  0.57  -0.15  -0.08  
1600  0.58  0.47  0.17  7.44  0.27  2.13  -0.50  0.86  0.05  0.08  
1601  0.32  0.40  0.97  3.02  0.19  1.75  0.08  0.96  -0.74  -0.25  
1604  0.47  0.23  -0.09  -1.46  0.54  1.67  -0.40  0.47  -0.20  -0.24  
1605  0.70  0.36  0.39  2.11  0.69  1.71  0.04  0.90  -0.39  0.04  
1606  0.49  0.37  0.59  -0.76  0.59  1.63  -0.26  0.78  0.02  -0.02  
1607  0.51  0.11  0.28  -1.05  0.59  1.87  0.05  0.61  -0.11  -0.03  
1608  0.41  0.34  0.07  -1.15  0.53  1.54  -0.20  0.57  -0.17  -0.27  
1609  0.43  0.20  0.21  1.38  0.52  1.68  -0.14  0.46  0.00  0.05  
1610  0.55  0.53  0.40  7.67  0.65  1.77  -0.27  0.71  0.06  -0.10  
1611  0.80  0.28  0.50  -0.68  0.54  1.69  -0.25  0.36  -0.21  -0.04  
1612  0.55  0.35  0.05  2.78  0.42  1.57  0.01  0.61  0.10  0.18  
1613  0.59  0.21  0.55  1.81  0.53  1.68  -0.20  0.52  -0.04  -0.14  
1614  0.05  0.19  0.31  -0.14  0.42  1.84  -0.28  0.56  -0.23  -0.02  
1615  0.68  0.20  0.31  5.07  0.47  1.69  -0.34  0.59  -0.15  -0.59  
1616  0.39  0.20  0.52  5.59  0.64  1.65  0.12  0.57  -0.54  -0.33  
1617  0.29  0.50  0.33  3.76  0.50  1.25  -0.02  0.93  -0.16  -0.07  
1618  0.48  0.52  -0.17  -0.63  0.83  1.86  -0.10  0.47  -0.45  0.07  
1619  0.67  0.53  0.32  -0.38  0.61  1.53  -0.36  0.46  -0.00  -0.19  
1620  0.17  0.26  0.38  3.44  0.13  0.42  0.19  0.12  0.14  0.36  
1622  0.20  0.29  0.16  3.33  0.19  0.42  0.10  0.17  0.10  0.43  
1624  0.56  0.65  0.17  5.31  0.20  1.56  -0.04  0.45  -0.31  0.04  
1625  0.36  0.32  0.36  3.03  0.71  1.63  -0.14  0.59  -0.33  0.13  
1626  0.27  0.29  0.24  -0.81  0.20  0.52  0.07  0.11  0.11  0.38  
1627  0.83  0.18  0.76  2.78  0.74  1.67  -0.27  0.82  -0.48  -0.33  
1628  0.09  0.10  0.23  -0.58  0.28  1.58  -0.12  0.84  0.01  -0.03  
1629  0.63  0.12  0.39  -1.85  0.37  1.90  -0.32  0.63  -0.45  0.02  
1630  0.46  0.23  0.91  -1.37  0.26  1.78  -0.31  0.64  -0.12  -0.05  
1631  0.59  0.43  0.41  3.47  0.67  1.85  -0.26  0.69  -0.25  0.03  
1632  0.52  0.40  0.29  -1.99  0.69  1.58  -0.12  0.81  -0.11  0.01  
1633  0.60  0.53  0.43  -1.79  0.71  1.43  -0.33  0.52  -0.33  -0.36  
1634  0.52  0.38  0.35  -1.51  0.76  1.61  -0.19  0.52  -0.09  -0.11  
1635  0.57  0.48  0.43  4.69  0.40  1.68  -0.36  0.67  -0.26  -0.29  
1636  0.52  0.55  0.80  1.31  0.31  1.42  -0.31  0.39  -0.16  -0.10  
1637  0.44  0.27  0.37  3.44  0.50  1.86  -0.31  0.73  0.01  -0.08  
1639  0.47  0.29  0.14  -1.80  0.55  1.44  -0.08  0.51  -0.23  -0.16  
1640  0.58  0.37  0.45  -1.61  0.77  1.37  -0.34  0.74  -0.06  -0.22  
1641  0.24  0.18  0.81  1.65  0.40  1.78  -0.18  0.62  -0.21  -0.08  
1642  0.43  0.36  0.25  0.93  0.59  1.61  0.08  0.41  -0.19  -0.17  
1643  0.39  0.41  0.37  10.59  0.52  1.49  -0.02  0.59  -0.03  -0.15  
1644  0.20  0.37  0.74  1.14  0.56  1.40  -0.53  0.70  -0.35  -0.29  
1645  0.55  0.41  0.00  2.28  0.48  1.57  0.05  0.78  -0.08  -0.18  
1646  0.37  0.45  0.55  0.15  0.40  1.66  -0.16  0.74  -0.33  -0.11  
1648  0.47  0.76  0.80  2.23  0.60  1.85  -0.63  1.25  -0.22  -0.16  
1650  0.56  0.39  0.39  1.73  0.75  1.19  -0.20  0.23  -0.09  -0.52  
1651  0.54  0.32  0.56  1.35  0.52  1.66  -0.35  0.81  -0.09  -0.25  
1652  0.72  0.36  0.28  -1.61  0.52  1.55  -0.15  0.77  -0.24  -0.15  
1653  0.41  0.71  0.77  0.69  0.52  1.72  -0.39  0.55  -0.21  -0.06  
1654  0.35  0.49  0.57  8.02  0.59  1.64  -0.05  0.76  0.03  -0.17  
1655  0.31  0.09  0.61  3.47  0.51  1.76  -0.21  0.50  -0.25  -0.26  
1656  0.33  0.46  0.47  -0.32  0.67  1.69  -0.17  0.79  -0.36  -0.19  
1657  0.36  0.60  -0.05  1.85  0.56  1.77  -0.05  1.03  -0.04  -0.25  
1658  0.60  0.34  0.48  -1.77  0.51  1.52  -0.36  0.36  -0.29  -0.10  
1659  0.49  0.23  -0.07  -0.08  0.56  1.64  -0.08  0.53  -0.04  -0.01  
1660  0.31  0.39  0.43  3.06  0.42  1.70  -0.26  0.75  -0.13  0.07  
1661  0.52  0.38  0.51  -1.77  0.44  1.53  -0.17  0.70  -0.36  -0.08  
1664  0.52  0.42  0.21  -2.13  0.33  1.52  -0.01  0.72  -0.31  -0.12  
1665  0.45  0.53  0.98  -0.61  0.49  1.88  -0.23  0.57  -0.53  -0.20  
1666  0.53  0.33  0.49  -1.63  0.63  1.65  -0.18  0.55  -0.26  -0.22  
1667  0.11  0.38  0.35  6.43  0.66  1.28  -0.21  0.63  -0.32  -0.03  
1668  0.53  0.38  0.36  0.68  0.49  1.48  -0.19  0.77  -0.27  -0.12  
1672  0.47  0.24  0.58  7.87  0.43  1.61  -0.06  0.48  -0.37  -0.03  
1673  0.45  0.44  0.40  -1.13  0.41  1.82  -0.14  0.50  -0.39  -0.23  
1674  0.45  0.39  0.13  -0.19  0.44  1.63  -0.19  0.60  -0.16  -0.07  
1675  0.05  0.42  0.44  -0.56  0.64  1.69  0.31  0.82  -0.09  0.15  
1676  0.21  0.42  0.10  2.27  0.39  1.46  -0.22  0.64  -0.21  0.05  
1677  0.46  0.33  0.17  0.67  0.46  1.58  -0.21  0.49  -0.22  -0.05  
1679  0.24  0.28  0.16  0.06  0.29  0.48  0.14  0.04  0.12  0.38  
1680  0.37  0.41  0.27  -1.44  0.62  1.72  -0.06  0.54  -0.21  -0.26  
1681  0.47  0.31  0.04  4.99  0.70  1.62  -0.09  0.78  -0.14  -0.12  
1682  0.49  0.31  0.18  11.55  0.57  1.41  -0.06  0.42  -0.40  -0.12  
1683  0.49  0.56  0.21  5.69  0.45  1.48  -0.14  0.70  -0.10  0.02  
1684  0.54  0.19  0.31  6.06  0.64  1.63  0.07  0.51  -0.21  -0.18  
1685  0.28  0.35  0.17  2.41  0.47  1.71  -0.05  0.99  -0.14  -0.19  
1686  0.31  0.36  0.34  1.15  0.58  1.73  -0.18  0.85  -0.02  -0.19  
1687  0.46  0.35  0.31  -0.14  0.69  1.70  -0.01  0.74  -0.31  -0.05  
1688  0.54  0.35  0.13  -1.97  0.54  1.54  -0.18  0.48  -0.19  -0.10  
1689  0.56  0.18  0.12  7.06  0.53  1.79  -0.29  0.87  -0.41  -0.14  
1690  0.58  0.12  0.37  12.69  0.67  1.77  -0.39  0.80  -0.36  -0.11  
1691  0.55  0.25  0.32  4.77  0.59  1.68  -0.47  0.84  -0.20  -0.03  
1692  0.14  0.54  0.42  8.98  0.64  1.66  -0.16  0.62  0.08  0.11  
1693  0.52  0.41  0.57  7.74  0.80  1.69  -0.02  0.81  -0.35  -0.01  
1694  0.47  0.22  0.39  1.41  0.63  1.71  -0.09  0.70  -0.02  -0.28  
1695  0.47  0.40  0.22  -1.52  0.46  1.48  -0.40  0.70  -0.27  -0.21  
1696  0.37  0.49  0.13  9.18  0.54  1.56  0.03  1.06  -0.03  -0.01  
1698  0.33  0.21  0.29  -1.39  0.44  1.61  -0.22  0.66  -0.10  -0.07  
1699  0.32  0.32  0.35  -1.81  0.61  1.67  -0.25  0.66  -0.42  0.01  
1700  0.38  0.51  0.69  2.14  0.63  1.78  -0.29  0.38  -0.43  -0.37  
1701  0.29  0.50  0.62  -0.26  0.39  1.61  -0.51  0.66  -0.35  -0.34  
1702  0.64  0.18  0.28  -2.19  0.46  1.53  -0.39  0.60  -0.17  -0.24  
1704  0.65  0.39  -0.00  1.60  0.67  1.73  -0.19  0.49  -0.19  -0.28  
1705  0.19  0.62  0.47  1.60  0.62  1.60  -0.17  0.85  -0.25  -0.17  
1706  0.45  0.42  0.48  0.02  0.37  1.83  -0.03  0.48  -0.05  -0.02  
1707  0.53  0.35  0.13  1.58  0.56  1.59  -0.11  0.42  -0.18  -0.10  
1708  0.31  0.26  0.20  4.20  0.37  1.44  -0.19  0.68  -0.32  -0.08  
1709  0.38  0.55  -0.11  2.28  0.69  1.51  -0.19  0.73  -0.14  -0.41  
1710  0.44  0.42  0.34  3.43  0.61  1.69  -0.07  0.65  -0.40  -0.22  
1711  0.38  0.55  0.64  5.26  0.34  1.66  -0.06  0.67  -0.30  -0.09  
1712  0.40  0.37  0.57  5.13  0.63  1.66  -0.05  1.03  -0.46  -0.29  
1713  0.32  0.51  0.05  -1.67  0.65  1.55  -0.18  0.81  -0.37  -0.27  
1714  0.28  0.31  0.24  0.54  0.74  1.55  -0.06  0.59  -0.23  -0.27  
1715  0.65  0.12  0.22  5.88  0.54  1.74  -0.05  0.75  0.07  -0.00  
1716  0.34  0.66  0.29  -1.02  0.69  1.55  -0.05  0.80  -0.00  -0.15  
1717  0.49  0.33  0.35  0.28  0.53  1.87  -0.19  0.84  -0.31  -0.31  
1718  0.29  0.43  0.33  3.15  0.48  1.59  -0.19  0.35  -0.04  -0.46  
1721  0.64  0.62  0.42  1.15  0.62  1.77  -0.44  0.41  -0.02  0.18  
1722  0.62  0.51  0.17  0.03  0.48  1.86  -0.39  0.84  -0.44  -0.39  
1725  0.73  0.35  0.82  2.40  -0.02  1.47  -0.25  1.31  -0.64  -0.28  
1730  0.25  0.54  0.52  -1.87  0.64  1.36  -0.21  0.37  -0.21  -0.15  
1731  0.51  0.20  0.43  1.00  0.61  1.88  -0.39  0.90  -0.25  0.10  
1732  1.00  0.58  0.49  0.73  0.26  1.68  0.00  0.68  -0.28  -0.41  
1733  0.49  0.34  0.29  8.57  0.46  1.70  -0.14  0.78  -0.30  -0.26  
1734  0.61  0.28  0.24  -2.04  0.48  1.71  -0.03  0.60  -0.22  -0.39  
1735  0.49  0.69  0.13  2.66  0.61  1.51  -0.10  0.49  0.03  -0.16  
1736  0.48  0.40  0.32  -1.52  0.44  1.36  -0.30  0.88  -0.48  -0.00  
1737  0.21  0.67  0.54  4.53  0.21  1.59  -0.44  1.27  -0.54  -0.19  
1738  0.46  0.41  0.24  4.73  0.49  1.80  -0.40  0.89  -0.09  -0.35  
1739  0.37  0.52  0.58  -0.07  0.55  1.71  -0.18  0.67  -0.29  0.04  
1740  0.42  0.39  0.78  5.44  0.47  1.68  -0.38  0.69  -0.03  -0.20  
1741  0.43  0.19  0.21  7.69  0.73  1.54  -0.16  0.58  -0.18  -0.03  
1742  0.55  0.48  0.49  4.55  0.47  1.58  -0.11  0.42  -0.20  0.03  
1743  0.41  0.29  0.22  1.72  0.52  1.52  0.02  1.02  -0.34  -0.13  
1744  0.38  0.47  0.47  1.46  0.40  1.59  -0.27  0.84  -0.39  -0.12  
1745  0.22  0.43  0.43  6.08  0.50  1.64  -0.13  0.79  -0.36  -0.44  
1746  0.44  0.35  0.63  1.75  0.59  1.51  0.03  0.50  -0.40  -0.21  
1747  0.63  0.24  0.18  -1.43  0.51  1.38  0.02  0.72  0.09  -0.17  
1748  0.52  0.47  0.42  -1.50  0.38  1.79  -0.11  0.77  0.02  -0.24  
1749  0.40  0.49  0.36  -1.77  0.62  1.74  -0.09  1.03  -0.23  -0.19  
1750  0.26  0.32  0.38  3.94  0.55  1.58  -0.30  0.68  -0.39  -0.06  
1751  0.47  0.44  0.21  3.31  0.39  1.66  -0.24  0.51  -0.17  -0.00  
1752  0.31  0.33  0.01  3.86  0.61  1.68  0.00  0.75  -0.16  -0.22  
1753  0.60  0.69  0.02  -1.36  0.58  1.74  -0.37  0.52  -0.06  -0.01  
1754  0.58  0.34  0.52  -1.66  0.72  1.47  -0.08  0.41  -0.20  -0.12  
1755  0.18  0.48  0.33  1.40  0.51  1.45  -0.23  0.74  -0.39  -0.30  
1756  0.61  0.43  0.38  6.12  0.58  1.52  -0.10  0.21  0.01  -0.24  
1757  0.48  0.05  0.37  0.35  0.62  1.39  -0.39  0.30  0.03  -0.28  
1758  0.49  0.55  0.44  2.80  0.62  1.32  -0.22  0.58  -0.33  -0.16  
1759  0.37  0.44  0.27  1.40  0.53  1.76  -0.25  0.42  -0.07  -0.14  
1760  0.31  0.51  0.36  2.49  0.65  1.62  -0.11  0.49  -0.22  -0.12  
1761  0.49  0.25  0.41  6.00  0.64  1.55  -0.17  0.43  -0.14  0.07  
1762  0.28  0.35  0.44  -2.08  0.59  1.75  0.06  0.52  -0.46  0.25  
1763  0.75  0.39  0.86  8.25  0.31  1.72  0.04  0.91  -0.20  -0.17  
1765  0.62  0.26  0.54  5.14  0.27  1.82  -0.20  1.43  -0.60  -0.41  
1768  0.35  0.42  0.25  -1.60  0.25  1.48  0.02  0.54  -0.57  -0.33  
1769  0.67  0.52  0.42  4.86  0.30  1.30  -0.09  0.50  -0.35  0.03  
1770  0.45  0.24  0.30  0.03  0.49  1.39  -0.31  0.43  -0.33  0.01  
1771  0.39  0.40  0.46  -0.38  0.52  1.50  -0.07  0.60  -0.17  -0.27  
1772  0.37  0.36  0.30  0.47  0.38  1.53  0.02  1.11  -0.36  -0.30  
1773  0.36  0.28  0.63  2.82  0.55  1.73  -0.30  0.60  -0.39  -0.04  
1774  0.37  0.54  0.23  1.47  0.39  1.81  0.02  0.79  -0.23  -0.04  
1775  0.58  0.40  0.27  6.15  0.64  1.61  -0.22  0.78  -0.37  0.04  
1777  0.84  0.83  1.13  1.72  0.33  2.30  -0.17  0.79  -1.00  -0.67  
1779  0.38  0.46  0.14  2.56  0.56  1.57  -0.20  0.63  -0.07  -0.19  
1781  0.49  0.29  0.18  0.59  0.62  1.64  -0.25  0.38  -0.31  -0.17  
1783  0.29  0.36  0.12  5.04  0.46  1.68  -0.29  0.67  -0.21  -0.01  
1784  0.47  0.49  0.26  -1.55  0.46  1.72  0.02  0.77  -0.13  -0.02  
1787  0.15  0.19  0.13  1.57  0.22  0.47  0.00  0.14  0.20  0.47  
1788  0.50  0.32  0.23  2.36  0.56  1.71  -0.27  0.45  -0.18  -0.14  
1789  0.42  0.40  0.05  3.69  0.56  1.55  -0.24  0.47  -0.34  -0.08  
1791  0.30  0.44  0.46  0.07  0.59  1.49  -0.36  0.81  -0.48  0.08  
1792  0.25  0.34  0.15  -1.90  0.56  1.85  -0.12  0.69  -0.31  -0.10  
1793  0.66  0.48  0.07  1.67  0.62  1.65  0.12  1.01  -0.37  -0.06  
1794  0.55  0.25  0.24  1.16  0.74  1.36  -0.41  0.59  -0.24  -0.19  
1795  0.24  0.69  -0.27  3.09  0.61  1.16  -0.61  1.16  -0.01  0.04  
1798  0.64  0.72  0.27  2.65  0.47  1.64  -0.32  0.73  -0.33  -0.12  
1800  0.33  0.29  0.33  -0.65  0.60  1.76  -0.06  0.60  -0.05  -0.34  
1801  0.36  0.76  0.21  -1.83  0.54  1.75  -0.21  1.00  -0.33  0.08  
1802  0.32  0.45  0.71  -1.96  0.31  2.33  -0.14  1.48  -0.44  -0.43  
1804  0.37  0.37  0.37  -0.33  0.49  1.45  -0.07  0.58  -0.22  -0.13  
1805  0.17  0.41  0.44  -0.44  0.30  1.56  0.25  0.10  -0.07  -0.32  
1806  0.49  0.38  0.41  -1.59  0.31  1.66  -0.42  0.56  -0.37  -0.49  
1807  0.23  0.43  0.12  -1.26  0.51  1.51  -0.25  0.55  -0.33  -0.22  
1809  0.41  0.63  0.24  -1.18  0.57  1.65  0.14  1.31  -0.49  -0.26  
1810  0.34  0.46  0.14  0.34  0.51  1.71  -0.01  0.60  -0.25  -0.04  
1811  0.55  0.47  0.09  2.00  0.59  1.53  -0.19  0.89  -0.32  -0.51  
1812  0.35  0.42  0.60  2.85  0.66  1.91  -0.08  0.90  -0.59  -0.10  
1835  0.31  0.38  0.15  -0.52  0.06  1.86  0.11  0.61  -0.23  -0.20  
1838  0.03  0.28  -0.05  -0.17  0.25  1.48  -0.31  0.13  -0.65  -0.29  
1839  0.18  0.23  0.18  0.24  0.22  0.46  0.07  0.22  0.11  0.39  
1840  0.42  0.56  0.55  -0.54  0.58  1.43  -0.35  0.43  -0.28  -0.19  
1841  0.52  0.30  0.17  -0.19  0.36  1.55  -0.08  0.80  -0.51  -0.16  
1842  -0.04  0.44  0.32  -0.43  0.22  1.52  -0.50  0.55  -0.58  -0.13  
1844  0.35  0.50  0.37  -0.49  0.26  1.69  -0.18  0.58  -0.37  -0.16  
1845  0.19  0.38  0.57  -0.27  0.29  1.66  -0.16  0.63  -0.38  -0.20  
1848  0.01  0.35  0.67  -0.47  0.54  1.70  -0.18  0.50  -0.53  -0.00  
1850  0.23  0.21  0.60  -0.29  0.30  1.71  -0.42  0.45  -0.48  -0.40  
1851  0.40  0.28  0.46  -0.35  0.44  1.49  -0.15  0.45  -0.54  -0.10  
1855  0.31  0.27  0.28  -0.38  0.09  1.51  -0.03  0.61  -0.48  -0.52  
1856  0.21  0.27  0.20  0.16  0.21  0.46  0.12  0.12  0.22  0.42  
1857  0.23  0.50  0.64  -0.41  0.40  1.39  -0.37  0.39  -0.39  0.07  
1858  0.19  0.41  0.40  -0.34  0.18  1.52  -0.32  0.68  -0.34  -0.16  
1859  0.17  0.11  0.42  -0.43  0.35  1.43  -0.36  0.58  -0.20  -0.15  
1860  0.09  0.53  0.26  -0.34  0.44  1.63  -0.12  0.63  -0.35  -0.44  
1861  0.26  0.54  0.59  -0.56  0.55  1.80  -0.35  0.09  -0.38  -0.04  
1862  0.34  0.35  0.36  -0.20  0.35  1.67  -0.32  0.54  -0.56  -0.31  
1863  0.39  0.34  0.40  -0.40  0.39  1.38  -0.13  0.56  -0.62  0.00  
1864  0.41  0.60  0.23  -0.45  0.36  1.67  -0.27  0.47  -0.33  -0.19  
1865  0.04  0.59  0.37  -0.46  0.49  1.25  0.12  0.59  -0.73  -0.37  
1866  0.43  0.38  0.36  -0.41  0.24  1.62  0.00  0.67  -0.29  -0.29  
1867  0.20  0.42  0.24  -0.38  0.43  1.62  -0.28  0.55  -0.33  -0.19  
1868  0.36  0.36  0.39  0.02  0.53  1.59  -0.27  0.38  -0.67  -0.34  
1869  0.10  0.09  0.44  -0.49  0.28  1.44  -0.39  0.20  -0.37  -0.47  
1870  0.17  0.33  0.84  -0.24  0.30  1.69  -0.17  0.49  -0.59  -0.28  
1871  0.26  0.48  0.91  -0.42  0.71  1.53  -0.33  0.39  -0.55  -0.11  
1874  0.18  0.60  0.46  -0.29  0.25  1.40  -0.37  0.62  -0.48  -0.17  
1875  -0.03  0.75  0.67  -0.23  0.39  1.75  -0.09  0.70  -0.48  -0.55  
1876  0.39  0.42  0.86  -0.41  0.27  1.81  -0.06  0.21  -0.53  -0.42  
1877  0.97  0.51  0.68  -0.16  0.10  1.71  -0.32  0.44  -0.59  -0.12  
1879  0.24  0.43  0.41  -0.48  0.33  1.29  -0.40  0.36  -0.73  -0.24  
1880  0.07  0.32  0.41  -0.31  0.25  1.48  -0.13  0.43  -0.32  -0.24  
1881  0.41  0.36  0.44  -0.37  0.38  1.70  -0.18  0.62  -0.22  -0.12  
1882  0.20  0.47  0.07  -0.38  0.26  1.43  -0.22  0.36  -0.34  -0.08  
1883  0.21  0.48  1.24  -0.47  0.17  1.33  -0.22  0.46  -0.51  -0.13  
1891  0.17  0.24  0.07  0.14  0.20  0.46  0.14  0.20  0.14  0.36  
1892  0.28  0.42  0.54  -0.57  0.10  1.57  -0.23  0.25  -0.34  -0.17  
1893  0.48  0.49  0.76  -0.49  0.21  1.65  0.03  0.42  -0.42  -0.19  
1894  0.52  0.51  0.36  -0.51  0.32  1.81  -0.41  0.48  -0.18  -0.18  
1895  0.37  0.34  0.43  -0.55  0.46  1.67  -0.24  0.45  -0.64  -0.03  
1896  0.27  0.55  0.75  -0.31  0.35  1.77  -0.39  0.23  -0.33  -0.02  
1897  0.64  0.68  0.61  -0.25  0.33  1.58  -0.03  0.47  -0.38  -0.32  
1898  0.31  0.51  0.02  -0.32  0.31  1.59  -0.09  0.33  -0.37  -0.08  
1899  0.34  0.58  0.52  -0.20  0.54  1.60  -0.34  0.50  -0.38  -0.18  
1901  0.48  0.66  0.88  -0.23  0.39  1.82  -0.58  0.40  -0.68  -0.28  
1902  0.42  0.70  0.72  -0.18  0.37  1.60  -0.49  0.12  -0.66  -0.22  
1904  0.43  0.69  0.76  -0.11  0.47  2.01  -0.46  0.36  -0.64  -0.27  
1905  0.45  0.78  0.93  -0.23  0.29  1.87  -0.34  0.15  -0.69  -0.41  
1906  0.53  0.72  0.68  -0.04  0.38  1.82  -0.40  0.52  -0.69  -0.20  
1909  0.34  0.88  0.28  -0.15  0.88  1.68  -0.08  0.35  -0.49  -0.11  
1912  0.20  0.22  0.17  0.31  0.22  0.50  0.08  0.18  0.17  0.45  
1913  0.33  0.61  0.41  -0.19  0.43  1.65  -0.56  0.32  -0.37  0.12  
1914  0.23  0.41  1.27  -0.28  0.28  1.81  -0.33  0.44  -0.50  -0.01  
1916  0.40  0.66  0.71  0.04  0.47  1.62  -0.14  0.33  -0.45  -0.14  
1917  0.26  0.56  0.26  -0.18  0.40  1.67  -0.16  0.48  -0.49  -0.18  
1918  0.52  0.63  0.86  -0.23  0.59  1.57  -0.51  0.11  -0.39  -0.42  
1919  0.40  0.42  0.28  -0.21  0.64  1.83  -0.27  0.36  -0.40  0.07  
1920  0.40  0.35  0.51  -0.16  0.52  1.79  -0.38  0.17  -0.40  -0.15  
1921  0.50  0.43  0.20  -0.09  0.55  1.69  -0.53  0.04  -0.39  -0.22  
1922  0.38  0.58  0.26  -0.09  0.42  1.76  -0.21  0.19  -0.33  -0.02  
1924  0.18  0.52  0.54  -0.35  0.50  1.73  -0.31  0.51  -0.12  -0.12  
1925  0.18  0.59  0.37  -0.25  0.71  1.72  -0.37  0.16  -0.17  -0.33  
1926  0.42  0.27  0.25  -0.15  0.63  1.48  -0.29  0.50  -0.20  -0.12  
1927  0.34  0.50  0.42  -0.16  0.76  1.52  -0.52  0.12  -0.38  -0.13  
1928  0.33  0.04  0.47  0.04  0.43  1.67  -0.28  0.03  -0.47  -0.27  
1929  0.24  0.38  0.58  -0.03  0.44  1.67  -0.14  0.26  -0.14  -0.25  
1930  0.46  0.47  0.50  -0.23  0.91  1.67  -0.30  0.30  -0.15  0.03  
1931  0.22  0.57  0.41  -0.29  0.56  1.67  -0.18  0.33  -0.63  -0.25  
1932  0.21  0.61  0.57  -0.23  0.57  1.57  -0.29  0.25  -0.34  -0.21  
1933  0.32  0.38  0.12  -0.13  0.72  1.79  -0.17  0.40  -0.28  -0.32  
1934  0.40  0.52  0.39  -0.10  0.57  1.65  -0.28  0.23  -0.15  -0.26  
1935  0.24  0.62  0.07  -0.27  0.51  1.74  -0.42  0.15  -0.18  -0.39  
1936  0.13  0.54  0.30  -0.37  0.58  1.63  -0.27  0.09  -0.22  -0.23  
1937  0.29  0.40  0.44  -0.15  0.72  1.60  0.09  0.30  -0.35  -0.29  
1938  0.27  0.57  0.62  -0.22  0.68  1.60  -0.28  0.53  -0.25  -0.28  
1939  0.27  0.66  0.58  -0.24  0.55  1.69  -0.18  0.33  -0.34  -0.30  
1940  -0.17  0.42  0.81  -0.73  0.42  1.91  -0.34  0.54  -0.76  -0.71  
1941  0.35  0.63  0.19  -0.05  0.72  1.67  -0.41  0.33  -0.42  -0.46  
1942  0.44  0.39  0.74  -0.20  0.73  1.55  -0.17  0.21  -0.39  -0.23  
1943  0.11  0.37  0.94  -0.44  0.77  1.34  -0.61  0.19  -0.32  -0.34  
1944  0.30  0.39  0.10  -0.32  0.63  1.59  -0.11  0.29  -0.40  -0.30  
1945  0.07  0.61  0.77  -0.11  0.61  1.70  -0.16  0.32  -0.51  -0.14  
1946  0.27  0.76  0.64  -0.29  0.45  1.65  -0.20  0.22  -0.36  -0.23  
1947  0.14  0.39  0.38  -0.16  0.54  1.78  0.07  0.15  -0.22  -0.28  
1948  0.34  0.31  0.73  -0.27  0.39  1.60  -0.24  0.45  -0.52  -0.19  
1949  0.38  0.54  0.37  -0.35  0.40  1.87  -0.22  0.40  -0.35  -0.27  
1950  0.22  0.48  0.23  -0.35  0.85  1.64  -0.38  0.19  -0.44  -0.27  
1951  0.20  0.54  0.53  -0.15  0.50  1.46  -0.25  0.12  -0.15  -0.28  
1952  0.25  0.45  0.40  -0.13  0.48  1.48  -0.22  0.31  -0.29  -0.24  
1953  0.46  0.48  0.55  -0.10  0.61  1.51  -0.31  0.36  -0.24  -0.19  
1955  0.44  0.27  0.64  -0.19  0.69  1.56  -0.17  0.18  -0.21  -0.25  
1957  0.58  0.46  0.51  -0.06  0.58  1.64  -0.20  0.34  -0.45  -0.20  
1958  0.28  0.47  0.61  -0.31  0.26  1.51  -0.52  0.28  -0.42  -0.21  
1960  0.67  0.34  0.48  -0.07  0.54  1.94  0.02  0.33  -0.46  -0.24  
1961  0.29  0.09  0.61  -0.11  0.38  1.75  -0.22  0.39  -0.07  0.12  
1962  0.17  0.31  0.37  -0.27  0.53  1.72  -0.40  0.40  -0.44  -0.27  
1963  0.26  0.57  0.51  -0.19  0.41  1.90  -0.08  0.65  -0.27  -0.16  
1964  0.21  0.34  0.26  -0.27  0.57  1.57  -0.40  0.49  -0.29  -0.31  
1965  0.31  0.48  0.44  -0.27  0.64  1.64  -0.21  0.33  -0.40  -0.15  
1966  0.48  0.41  0.34  -0.43  0.62  1.66  -0.17  0.06  -0.28  -0.44  
1967  0.53  0.49  0.45  -0.11  0.64  1.62  -0.28  0.27  -0.43  -0.28  
1968  0.32  0.34  0.42  -0.21  0.35  1.59  -0.11  -0.04  -0.29  -0.23  
1972  0.31  0.34  0.52  -0.35  0.75  1.99  -0.44  0.23  -0.57  -0.29  
1974  0.46  0.56  1.19  -0.37  0.89  1.60  -0.16  0.52  -0.50  -0.36  
1975  0.41  0.56  0.80  -0.29  0.31  1.78  -0.12  0.24  -0.44  -0.36  
1976  0.37  0.44  0.86  -0.49  0.41  2.13  -0.17  0.59  -0.23  -0.17  
1977  0.33  0.32  0.19  -0.23  0.60  1.94  -0.36  0.32  -0.27  -0.32  
1980  0.61  0.08  0.15  -0.24  0.59  1.84  -0.28  0.57  -0.28  0.15  
1981  0.15  0.43  0.68  -0.38  0.49  1.92  -0.14  0.52  -0.50  -0.33  
1982  0.07  0.16  -0.04  -0.36  0.74  1.72  -0.20  0.09  -0.33  -0.14  
1983  0.39  0.45  0.71  -0.25  0.47  1.78  -0.38  0.21  -0.34  -0.38  
1984  0.36  0.36  0.49  -0.36  0.73  1.61  -0.36  0.23  -0.38  -0.38  
1985  0.60  0.62  0.36  -0.44  0.56  1.93  -0.22  0.27  -0.36  -0.29  
1986  0.38  0.31  0.51  -0.49  0.45  1.57  -0.17  0.18  -0.37  -0.29  
1987  0.27  0.67  0.72  -0.30  0.58  1.93  -0.38  0.21  -0.44  -0.50  
1988  0.36  0.53  0.62  -0.03  0.40  1.70  -0.19  0.39  -0.31  -0.13  
1989  0.14  0.44  0.75  -0.18  0.56  1.54  -0.32  0.46  -0.39  -0.32  
1990  0.31  0.47  0.47  -0.38  0.45  1.84  -0.28  0.27  -0.25  -0.36  
1991  0.33  0.15  0.13  -0.07  0.53  1.80  -0.48  0.39  -0.37  -0.32  
1992  0.15  0.52  0.48  -0.18  0.65  1.91  -0.29  0.58  -0.55  -0.33  
1993  0.32  0.36  1.04  0.17  0.33  1.52  -0.46  0.82  -0.23  -0.10  
1994  0.38  0.47  0.41  -0.21  0.60  1.68  -0.24  0.05  -0.29  -0.23  
1995  0.28  0.22  0.09  -0.11  0.36  1.64  -0.22  0.30  0.01  -0.11  
1996  0.10  0.48  0.44  -0.11  0.49  1.79  -0.33  0.19  -0.56  -0.34  
1997  0.27  0.26  0.65  -0.24  0.54  1.59  -0.28  -0.02  -0.38  -0.39  
1998  0.39  0.39  0.39  -0.21  0.62  1.83  -0.14  0.31  -0.22  -0.41  
1999  0.23  0.31  0.05  -0.01  0.42  1.58  -0.32  0.67  -0.23  -0.26  
2000  0.36  0.42  0.46  -0.34  0.34  1.50  -0.47  0.31  -0.14  -0.28  
2001  0.38  0.39  0.37  -0.05  0.43  1.68  -0.15  0.38  -0.43  -0.07  
2002  0.23  0.57  0.62  -0.22  0.57  1.51  -0.60  0.21  -0.42  -0.32  
2003  0.20  0.43  0.71  -0.35  0.58  2.03  -0.05  0.62  -0.40  -0.29  
2004  0.31  0.43  0.51  -0.15  0.41  1.59  -0.39  0.41  -0.41  -0.16  
2005  0.24  0.51  0.49  -0.06  0.67  1.48  -0.28  0.49  -0.34  -0.31  
2006  0.31  0.61  0.66  -0.20  0.68  1.75  -0.23  0.41  -0.58  -0.38  
2007  0.29  0.25  0.42  -0.20  0.63  1.65  -0.01  0.41  -0.35  -0.29  
2008  0.37  0.67  0.49  -0.08  0.18  1.32  -0.33  0.46  -0.04  -0.85  
2009  0.17  0.24  0.26  0.26  0.23  0.44  0.16  0.29  0.17  0.33  
2010  0.31  0.60  0.94  -0.14  0.67  1.77  -0.21  0.33  -0.13  -0.22  
2011  0.33  0.20  0.03  -0.38  0.30  1.50  -0.40  0.46  -0.38  -0.15  
2012  0.18  0.27  0.49  -0.36  0.76  1.80  -0.42  0.52  -0.37  -0.01  
2013  0.22  0.41  0.47  -0.11  0.66  1.71  -0.26  0.38  -0.75  -0.17  
2014  0.35  0.52  0.49  0.00  0.44  1.43  0.07  0.29  -0.47  -0.16  
2015  0.32  0.40  0.51  -0.26  0.52  1.77  -0.09  0.20  -0.47  -0.30  
2016  0.58  0.64  0.18  -0.13  0.47  1.68  -0.18  0.52  -0.20  -0.10  
2017  0.31  0.39  0.24  -0.35  0.64  1.48  -0.12  0.13  -0.54  -0.17  
2018  0.15  0.54  0.17  -0.11  0.49  1.42  -0.31  0.39  -0.22  -0.24  
2019  0.36  0.38  0.63  -0.34  0.58  1.69  -0.18  0.19  -0.27  -0.39  
2020  0.22  0.58  0.17  -0.33  0.69  1.81  -0.27  0.45  -0.24  -0.13  
2021  0.47  0.38  0.48  -0.23  0.47  1.81  -0.32  0.37  -0.39  -0.24  
2022  0.32  0.65  0.54  -0.05  0.56  1.83  -0.29  0.17  -0.21  -0.17  
2023  0.21  0.60  0.78  -0.32  0.49  1.46  -0.08  0.33  -0.51  -0.28  
2024  0.34  0.45  0.43  -0.30  0.53  1.58  -0.22  0.24  -0.29  -0.20  
2025  0.26  0.74  0.42  -0.16  0.63  1.81  -0.38  0.53  -0.07  -0.23  
2026  0.41  0.87  1.24  -0.36  0.39  2.06  -0.38  0.41  -0.83  -0.65  
2031  0.32  0.44  0.37  -0.32  0.44  1.71  -0.11  0.28  -0.20  -0.25  
2032  0.09  0.49  0.33  -0.11  0.58  1.83  -0.26  0.29  -0.25  -0.21  
2033  0.32  0.46  0.51  -0.22  0.56  1.90  -0.13  0.66  -0.37  -0.08  
2034  0.23  0.49  0.25  -0.20  0.62  1.79  -0.53  0.22  -0.52  -0.46  
2035  0.54  0.43  0.45  -0.25  0.57  1.74  -0.35  0.44  -0.39  -0.16  
2041  0.34  0.81  0.71  -0.49  0.40  2.01  -0.43  0.25  -0.50  0.03  
2044  0.19  0.33  0.73  -0.41  0.44  1.75  -0.63  0.15  -0.56  -0.07  
2045  0.42  0.48  0.42  -0.28  0.61  1.70  -0.57  0.40  -0.66  -0.12  
2046  0.33  0.42  0.75  -0.24  0.61  1.77  -0.10  0.29  -0.42  -0.04  
2047  0.32  0.36  0.15  -0.47  0.72  1.79  -0.15  0.14  -0.06  -0.47  
2048  0.38  0.36  0.66  -0.22  0.66  1.75  -0.31  0.40  -0.44  -0.01  
2049  0.46  0.45  0.59  -0.21  0.46  1.63  -0.19  0.38  -0.13  -0.18  
2050  0.47  0.54  0.61  -0.19  0.56  1.70  -0.28  0.20  -0.42  -0.19  
2051  0.27  0.62  0.66  -0.46  0.27  1.81  -0.49  0.20  -0.40  -0.26  
2052  0.29  0.51  0.44  -0.17  0.52  2.05  -0.13  0.54  -0.55  -0.21  
2053  0.52  0.56  0.20  -0.20  0.54  1.82  -0.37  0.27  -0.57  -0.38  
2054  0.30  0.50  0.21  -0.31  0.59  1.70  -0.24  0.55  -0.27  -0.17  
2055  0.19  0.57  0.67  -0.13  0.75  1.53  -0.48  -0.09  -0.40  -0.42  
2058  0.22  0.48  0.48  -0.22  0.59  1.76  -0.01  0.52  -0.30  -0.14  
2059  0.22  0.50  0.79  -0.40  0.61  1.64  -0.63  0.49  -0.34  -0.16  
2060  0.28  0.76  0.21  -0.24  0.42  2.00  -0.30  0.28  -0.13  -0.17  
2061  0.20  0.51  0.49  -0.08  0.52  1.87  -0.40  0.36  -0.44  -0.27  
2062  0.22  0.18  0.80  -0.02  0.39  1.67  -0.04  0.31  -0.31  -0.17  
2063  0.25  0.46  0.89  -0.30  0.77  1.64  -0.31  0.02  -0.22  -0.00  
2064  0.34  0.28  0.62  0.04  0.35  1.62  -0.17  0.47  -0.34  -0.08  
2065  0.04  0.44  0.45  -0.23  0.71  1.64  -0.43  0.35  -0.24  -0.31  
2066  0.22  0.51  0.34  -0.27  0.15  2.03  -0.25  -0.08  -0.48  -0.25  
2067  0.29  0.34  0.22  -0.17  0.43  1.63  -0.31  0.47  -0.32  0.08  
2068  0.27  0.35  0.56  -0.23  0.44  1.42  -0.38  0.43  -0.25  -0.16  
2069  0.26  0.57  0.60  -0.21  0.69  1.69  -0.47  0.27  -0.14  -0.03  
2070  0.61  0.61  0.48  -0.11  0.45  1.73  -0.26  0.19  -0.55  -0.30  
2071  0.33  0.49  0.91  -0.21  0.69  1.90  -0.08  0.52  -0.37  -0.05  
2072  0.35  0.53  0.58  -0.10  0.36  1.81  -0.46  0.26  -0.31  -0.08  
2073  0.17  0.45  0.30  -0.14  0.34  1.76  -0.29  0.56  -0.42  -0.13  
2074  0.10  0.63  0.89  -0.25  0.38  1.90  -0.40  0.12  -0.46  -0.18  
2075  0.44  0.62  0.38  -0.09  0.64  1.66  -0.10  0.47  -0.36  -0.16  
2076  0.23  0.59  0.45  -0.06  0.77  1.65  -0.24  0.59  -0.12  -0.12  
2077  0.34  0.55  0.71  -0.08  0.68  1.58  -0.17  0.28  -0.40  0.15  
2078  0.37  0.40  0.55  -0.02  0.53  1.66  -0.41  0.36  -0.35  -0.33  
2079  0.31  0.43  0.15  0.11  0.57  1.57  -0.27  0.37  -0.46  0.09  
2080  0.49  0.52  0.51  0.11  0.82  1.52  -0.38  0.28  -0.44  -0.10  
2081  0.16  0.73  0.66  -0.06  0.57  1.99  -0.16  0.24  -0.31  0.03  
2082  0.50  0.58  0.32  0.03  0.61  1.73  -0.47  0.07  -0.27  -0.24  
2083  0.26  0.31  0.68  -0.33  0.52  1.81  -0.42  0.19  -0.27  -0.19  
2084  0.37  0.09  0.65  -0.18  0.52  1.72  -0.18  0.01  -0.56  -0.25  
2085  0.32  0.26  -0.31  -0.10  0.40  1.33  -0.49  0.52  -0.44  0.06  
2086  0.09  0.27  0.30  0.18  0.38  1.56  -0.01  0.23  -0.33  -0.18  
2087  0.22  0.47  0.30  -0.28  0.55  1.65  -0.42  0.63  -0.24  -0.16  
2088  0.28  0.33  0.21  -0.31  0.50  1.74  -0.29  0.18  -0.33  -0.02  
2089  0.38  0.14  0.71  -0.27  0.68  1.80  -0.40  0.17  -0.49  -0.40  
2090  0.58  0.72  0.26  -0.07  0.66  1.82  -0.22  0.24  -0.25  -0.21  
2091  0.38  0.39  0.53  0.13  0.66  1.58  -0.20  0.53  -0.41  -0.13  
2092  0.26  0.43  0.04  -0.03  0.82  1.70  -0.35  0.30  -0.31  -0.15  
2093  0.36  0.52  0.30  -0.03  0.35  1.75  -0.43  0.30  -0.24  -0.20  
2094  0.53  0.48  0.95  -0.16  0.66  1.87  -0.16  0.40  -0.39  -0.20  
2095  0.18  0.68  0.65  0.06  0.60  1.92  -0.26  0.68  -0.33  -0.13  
2096  0.34  0.44  0.53  -0.22  0.72  1.80  -0.26  0.55  -0.59  -0.15  
2097  0.63  0.32  -0.03  -0.04  0.82  1.69  -0.38  0.48  -0.53  -0.17  
2098  0.52  0.35  0.66  -0.06  0.49  2.05  -0.19  0.48  -0.33  0.01  
2099  0.27  0.59  0.64  -0.01  0.66  1.85  -0.21  0.54  -0.40  -0.25  
2100  0.40  0.37  0.18  -0.00  0.51  1.85  -0.24  0.32  -0.41  -0.16  
2101  0.19  0.56  0.37  0.02  0.59  1.75  -0.59  0.42  -0.37  0.05  
2102  0.35  0.54  0.53  0.07  0.45  1.51  -0.28  0.18  -0.27  -0.12  
2103  0.32  0.38  0.13  -0.08  0.46  1.86  -0.44  0.39  -0.48  -0.18  
2104  0.38  0.33  0.28  -0.19  0.43  1.83  -0.34  0.24  0.04  -0.12  
2106  0.38  0.17  0.38  -0.19  0.60  1.67  -0.41  0.36  -0.41  -0.34  
2107  0.41  0.29  0.30  -0.12  0.41  1.59  -0.39  0.37  -0.31  -0.20  
2108  0.52  0.53  0.93  -0.20  0.75  1.54  -0.30  0.09  -0.35  -0.50  
2109  0.30  0.49  0.16  -0.09  0.64  1.85  -0.20  0.43  -0.23  -0.00  
2110  0.25  0.58  0.96  -0.22  0.67  1.91  -0.11  0.56  -0.27  0.10  
2111  0.41  0.56  0.46  -0.16  0.67  1.75  -0.29  0.32  -0.14  -0.21  
2112  0.27  0.30  0.02  -0.29  0.50  1.87  0.14  0.45  -0.17  -0.19  
2113  0.29  0.31  0.55  0.00  0.68  2.10  -0.55  0.15  -0.70  -0.57  
2115  0.17  0.25  0.29  0.23  0.19  0.50  0.13  0.27  0.19  0.34  
2116  0.40  0.25  0.62  -0.34  0.68  1.80  -0.29  0.61  -0.21  -0.24  
2117  0.47  0.76  0.71  -0.27  0.57  1.70  -0.40  0.25  -0.20  -0.29  
2118  0.44  0.43  1.15  -0.22  0.61  1.84  -0.41  0.47  -0.51  0.09  
2119  0.21  0.37  -0.06  -0.20  0.55  1.81  -0.38  0.26  -0.42  -0.05  
2120  0.31  0.53  0.69  -0.21  0.65  1.97  -0.53  0.47  -0.06  -0.40  
2121  0.27  0.39  0.39  0.07  0.78  1.72  -0.41  0.50  -0.36  -0.27  
2122  0.45  0.23  0.56  -0.09  0.37  1.55  -0.58  0.38  -0.48  -0.17  
2123  0.70  0.56  0.42  -0.30  0.84  1.95  -0.26  0.40  -0.30  -0.06  
2124  0.12  0.40  0.44  -0.28  0.42  1.85  -0.26  0.62  -0.30  -0.02  
2125  0.18  0.55  0.72  -0.17  0.56  1.66  -0.23  0.32  -0.28  -0.28  
2126  0.43  0.48  0.24  -0.15  0.49  1.58  -0.33  0.30  -0.28  -0.09  
2127  0.29  0.62  0.93  -0.19  0.65  1.54  -0.31  0.33  -0.49  -0.17  
2128  0.32  0.62  0.78  -0.10  0.51  1.50  -0.20  0.51  -0.17  -0.24  
2129  0.35  0.65  0.41  -0.21  0.53  1.84  -0.32  0.14  -0.31  -0.25  
2130  0.18  0.34  0.24  -0.20  0.57  1.66  -0.44  0.32  -0.27  -0.02  
2131  0.30  0.38  0.48  -0.21  0.42  1.73  -0.45  0.18  -0.32  -0.27  
2132  0.48  0.26  0.33  0.05  0.53  1.49  -0.24  0.45  -0.38  -0.25  
2133  0.30  0.46  0.36  -0.16  0.63  1.80  -0.23  0.35  0.08  -0.04  
2134  0.45  0.45  0.69  -0.18  0.59  1.56  -0.46  0.56  -0.31  0.20  
2135  0.42  0.36  0.21  -0.22  0.68  1.62  -0.35  0.34  -0.28  -0.17  
2136  0.41  0.34  0.55  -0.01  0.67  1.30  -0.37  0.04  -0.32  -0.15  
2137  0.26  0.39  0.62  -0.14  0.65  1.50  -0.17  0.32  -0.53  -0.03  
2138  0.12  0.22  0.42  -0.09  0.24  1.54  -0.50  0.29  -0.35  -0.28  
2139  0.57  0.42  0.12  -0.23  0.68  1.75  -0.16  0.28  -0.43  -0.12  
2140  0.31  0.61  0.65  -0.17  0.61  1.71  -0.39  0.24  -0.18  -0.05  
2141  0.36  0.56  0.12  -0.10  0.44  1.79  -0.36  0.32  -0.40  -0.17  
2142  0.38  0.61  0.50  -0.23  0.35  1.91  -0.48  0.15  -0.40  -0.40  
2143  0.24  0.49  0.69  -0.40  0.57  1.66  -0.18  0.18  -0.52  -0.02  
2144  0.08  0.42  0.60  -0.30  0.58  1.59  -0.52  0.18  -0.43  -0.29  
2145  0.55  0.43  0.40  -0.24  0.50  1.57  -0.08  0.31  -0.25  -0.29  
2146  0.16  0.34  0.17  -0.35  0.54  1.57  -0.43  0.45  -0.15  -0.22  
2147  0.23  0.24  0.97  -0.17  0.51  1.93  -0.23  0.59  -0.31  0.10  
2148  0.22  0.47  0.19  0.02  0.42  1.67  -0.30  0.47  -0.35  -0.25  
2149  0.22  0.29  0.73  -0.10  0.43  1.57  -0.49  0.25  -0.24  -0.13  
2150  0.19  0.40  0.12  -0.16  0.41  1.68  -0.23  0.61  -0.30  -0.12  
2151  0.39  0.35  0.45  -0.23  0.43  1.69  -0.24  0.37  -0.18  -0.20  
2152  0.42  0.35  0.43  -0.22  0.32  1.96  -0.10  0.36  -0.28  -0.33  
2153  0.49  0.47  0.45  -0.22  0.44  1.92  -0.44  0.09  -0.41  -0.22  
2154  0.13  0.70  0.48  -0.24  0.65  1.73  0.04  0.28  -0.19  -0.27  
2155  0.39  0.49  0.76  -0.22  0.34  1.64  -0.24  0.34  -0.41  -0.24  
2156  0.12  0.35  0.75  -0.35  0.60  1.39  -0.18  0.50  -0.16  -0.36  
2157  0.28  0.28  0.54  -0.23  0.52  1.67  -0.29  0.24  -0.49  -0.09  
2158  0.32  0.58  0.28  -0.23  0.56  1.66  -0.24  0.72  -0.33  -0.23  
2159  0.25  0.37  0.20  -0.30  0.33  1.66  -0.22  0.61  -0.37  -0.29  
2160  0.53  0.20  0.28  -0.19  0.64  1.68  -0.40  0.46  -0.24  -0.31  
2161  0.13  0.23  0.59  0.08  0.47  1.63  -0.37  0.37  -0.52  -0.10  
2162  0.30  0.37  0.69  -0.20  0.46  1.57  -0.31  0.55  -0.21  -0.14  
2163  0.65  0.41  0.40  -0.23  0.64  1.47  -0.25  0.16  -0.57  -0.13  
2164  0.23  0.22  0.72  -0.24  0.56  1.77  -0.21  0.35  -0.11  -0.18  
2165  0.46  0.37  0.38  -0.00  0.36  1.87  -0.30  0.24  -0.42  -0.21  
2166  0.25  0.58  0.13  -0.43  0.73  1.37  -0.45  0.21  -0.16  0.00  
2167  0.27  0.60  0.26  -0.20  0.42  1.60  -0.13  0.58  -0.47  -0.26  
2168  0.55  0.27  0.65  -0.51  0.67  1.73  -0.14  0.34  -0.40  -0.26  
2169  0.40  0.28  0.68  -0.18  0.69  1.74  -0.61  0.03  -0.38  -0.21  
2170  0.43  0.47  1.00  -0.16  0.63  1.52  -0.29  0.45  -0.39  -0.17  
2171  0.40  0.66  0.54  -0.20  0.56  1.89  0.24  0.97  -0.52  -0.51  
2174  0.45  0.31  0.35  -0.05  0.60  1.50  -0.22  0.64  -0.14  -0.40  
2175  0.27  0.31  0.25  -0.04  0.39  1.79  -0.06  0.56  -0.28  -0.12  
2176  0.21  0.21  0.63  -0.15  0.66  1.50  -0.39  0.46  -0.36  -0.15  
2177  0.11  0.40  0.39  -0.08  0.37  1.71  -0.37  0.21  -0.33  -0.13  
2178  0.28  0.28  0.74  -0.00  0.59  1.40  -0.12  0.61  -0.09  -0.03  
2179  0.29  0.19  0.21  0.03  0.58  1.64  -0.31  0.37  -0.27  -0.20  
2180  0.42  0.19  0.16  0.19  0.55  1.62  -0.29  0.29  -0.11  -0.07  
2181  0.23  0.28  0.57  -0.12  0.72  1.48  0.08  0.58  -0.41  -0.15  
2182  0.31  0.50  0.32  -0.08  0.61  1.70  -0.19  0.29  -0.31  -0.15  
2183  0.22  0.41  0.37  0.06  0.68  1.50  -0.25  0.77  -0.18  -0.22  
2184  0.27  0.18  0.54  -0.08  0.57  1.77  -0.27  0.30  -0.07  -0.05  
2185  0.10  0.34  0.69  -0.06  0.67  1.62  -0.22  0.58  -0.39  -0.02  
2186  0.31  0.07  0.43  -0.05  0.55  1.52  -0.31  0.41  -0.29  0.12  
2187  -0.10  0.19  0.52  0.02  0.80  1.44  -0.18  0.39  -0.31  0.04  
2188  0.23  0.45  0.65  0.00  0.60  1.40  -0.08  0.65  -0.21  -0.15  
2189  0.16  0.40  0.41  -0.03  0.50  1.51  -0.31  0.31  -0.44  -0.11  
2190  0.30  0.20  0.44  -0.06  0.58  1.70  -0.43  0.65  -0.34  -0.05  
2191  0.23  0.31  0.31  -0.00  0.70  1.38  -0.13  0.20  -0.36  -0.05  
2192  0.31  0.53  0.30  -0.01  0.57  1.47  -0.10  0.80  -0.14  0.12  
2193  0.08  0.25  0.32  -0.11  0.78  1.51  -0.30  0.48  -0.05  -0.16  
2194  0.28  0.13  0.26  0.04  0.62  1.55  -0.11  0.74  -0.15  -0.35  
2195  0.39  0.39  0.43  -0.07  0.30  1.75  -0.19  0.32  -0.30  0.09  
2196  0.22  0.38  0.06  -0.27  0.46  1.45  -0.29  0.30  -0.05  -0.28  
2197  0.31  0.23  0.82  -0.26  0.67  1.76  -0.32  0.54  -0.53  -0.04  
2198  0.14  0.38  0.56  0.10  0.60  1.49  -0.03  0.35  -0.30  -0.07  
2199  0.08  0.35  0.50  -0.12  0.52  1.68  -0.28  0.47  -0.61  -0.12  
2200  0.16  0.37  0.33  0.04  0.50  1.54  -0.39  0.58  -0.22  -0.10  
2201  0.36  0.46  0.66  -0.14  0.58  1.68  0.03  0.35  -0.23  -0.15  
2202  0.18  0.33  0.47  -0.14  0.48  1.46  -0.14  0.64  -0.20  -0.10  
2203  0.39  0.33  0.20  -0.21  0.55  1.56  -0.29  0.40  -0.03  0.28  
2204  0.28  0.28  0.45  -0.20  0.61  1.52  -0.23  0.42  -0.35  -0.09  
2205  0.11  0.23  0.23  -0.15  0.43  1.77  -0.21  0.43  -0.33  -0.12  
2206  0.22  0.62  0.42  -0.10  0.72  1.71  -0.33  0.55  -0.48  -0.07  
2207  0.40  0.48  0.45  -0.05  0.66  1.77  -0.20  0.69  -0.15  -0.04  
2208  0.01  0.29  0.44  0.08  0.52  1.70  -0.35  0.65  -0.04  -0.20  
2209  0.32  0.33  0.36  0.01  0.64  1.55  -0.21  0.40  -0.42  0.04  
2210  0.36  0.28  0.40  -0.04  0.60  1.52  -0.52  0.63  -0.35  -0.17  
2211  0.40  0.30  0.65  -0.04  0.60  1.59  -0.07  0.65  -0.38  0.09  
2212  0.15  0.39  0.64  0.32  0.72  1.77  -0.38  0.13  -0.31  -0.29  
2213  0.35  0.55  0.86  0.12  0.63  1.65  -0.29  0.51  -0.20  0.00  
2214  0.29  0.12  0.41  -0.08  0.53  1.60  -0.21  0.69  -0.43  -0.06  
2215  0.08  0.61  0.40  -0.22  0.36  1.54  -0.39  0.63  -0.25  -0.10  
2216  0.32  0.45  0.58  0.02  0.61  1.80  -0.15  0.68  -0.27  -0.10  
2218  0.18  0.39  0.05  -0.08  0.74  1.49  -0.48  0.55  -0.18  -0.26  
2219  0.29  0.40  0.50  -0.30  0.48  1.30  -0.27  0.44  -0.30  -0.33  
2220  0.18  0.29  0.19  -0.14  0.55  1.52  -0.20  0.72  -0.35  0.15  
2221  0.26  0.50  0.53  -0.25  0.55  1.68  -0.11  0.36  -0.35  -0.07  
2222  0.26  0.16  0.48  -0.29  0.48  1.49  -0.04  0.31  0.05  0.01  
2223  0.13  0.34  0.18  -0.22  0.67  1.46  -0.16  0.58  -0.17  -0.16  
2224  0.05  0.17  0.57  0.01  0.44  1.76  0.16  0.22  -0.40  0.01  
2225  0.30  0.26  0.48  -0.07  0.43  1.44  -0.41  0.33  -0.26  -0.34  
2226  0.22  0.29  0.45  -0.31  0.37  1.64  -0.14  0.55  -0.25  -0.09  
2227  0.30  0.41  0.29  0.03  0.48  1.54  -0.32  0.54  -0.06  -0.13  
2228  0.24  0.30  0.41  -0.05  0.62  1.72  -0.25  0.71  -0.49  0.07  
2229  0.20  0.41  0.72  -0.38  0.44  1.57  0.01  0.32  -0.17  -0.08  
2230  0.40  0.65  0.61  -0.00  0.34  1.41  -0.35  0.76  -0.58  -0.31  
2232  0.23  0.31  0.50  -0.07  0.55  1.59  -0.13  0.69  -0.39  -0.18  
2233  0.04  0.32  0.33  0.06  0.38  1.50  -0.42  0.31  -0.12  -0.12  
2234  0.16  0.34  0.49  -0.09  0.44  1.54  -0.37  0.42  -0.27  -0.01  
2235  0.15  0.35  0.47  -0.11  0.48  1.65  -0.11  0.68  -0.34  -0.12  
2236  0.19  0.37  0.42  -0.08  0.59  1.48  -0.17  0.60  -0.02  0.07  
2237  0.10  0.32  0.42  -0.07  0.42  1.70  -0.14  0.80  -0.46  0.06  
2238  0.28  0.23  0.51  0.01  0.58  1.78  -0.31  0.46  -0.47  0.17  
2240  0.34  0.36  0.58  -0.03  0.48  1.59  -0.30  0.76  -0.74  -0.20  
2241  0.10  0.26  0.22  0.31  0.28  0.50  0.15  0.18  0.22  0.42  
2242  0.21  0.23  0.26  -0.08  0.38  1.62  -0.20  0.60  -0.28  -0.06  
2243  0.10  0.26  0.17  0.12  0.79  1.75  -0.23  0.72  -0.07  -0.07  
2244  0.11  0.45  0.37  -0.07  0.57  1.25  -0.26  0.51  -0.30  -0.09  
2245  0.07  0.42  0.52  0.17  0.52  1.55  -0.37  0.35  -0.17  -0.24  
2246  0.34  0.50  0.28  -0.09  0.78  1.35  -0.11  0.54  -0.41  -0.41  
2247  0.08  0.52  0.53  -0.19  0.72  1.46  -0.30  0.61  -0.22  -0.13  
2248  0.11  0.41  0.72  -0.03  0.41  1.73  -0.52  0.58  -0.22  -0.23  
2249  0.29  0.42  0.70  -0.21  0.65  1.82  -0.31  0.54  -0.34  -0.13  
2250  0.12  0.57  0.65  0.09  0.62  1.44  -0.18  0.78  -0.55  -0.09  
2251  0.22  0.23  0.57  -0.27  0.56  1.32  -0.09  0.32  -0.09  -0.41  
2252  0.12  0.35  -0.04  0.22  0.73  1.46  -0.33  0.76  -0.27  -0.10  
2253  0.18  0.29  0.53  -0.10  0.67  1.52  -0.15  0.67  -0.28  -0.19  
2254  -0.01  0.31  0.18  0.05  0.64  1.83  -0.24  0.44  -0.54  0.14  
2255  0.37  0.43  0.40  -0.18  0.59  1.67  -0.42  0.51  -0.23  0.19  
2257  0.03  0.34  0.49  -0.07  0.31  1.54  -0.03  0.78  -0.29  0.15  
2258  0.11  0.47  0.80  0.03  0.53  1.55  -0.11  0.44  -0.12  -0.24  
2259  0.41  0.44  0.46  -0.26  0.61  1.70  -0.29  0.53  -0.13  -0.42  
2260  0.31  0.48  0.19  -0.01  0.59  1.43  -0.22  0.62  -0.38  -0.03  
2261  0.21  0.32  0.29  -0.21  0.46  1.51  -0.43  0.19  -0.24  -0.33  
2262  0.22  0.50  0.27  -0.15  0.71  1.56  -0.14  0.66  -0.14  -0.07  
2263  0.11  0.36  0.21  -0.05  0.59  1.68  -0.09  0.16  -0.33  0.05  
2264  0.14  0.26  0.22  0.31  0.25  0.52  0.14  0.25  0.15  0.40  
2265  0.18  0.52  0.50  -0.15  0.49  1.61  -0.04  0.52  -0.18  0.02  
2266  0.34  0.59  0.44  -0.10  0.60  1.73  -0.10  0.47  -0.28  -0.19  
2267  0.13  0.49  0.42  -0.13  0.76  1.75  -0.24  0.40  -0.24  0.01  
2268  0.18  0.12  0.38  -0.06  0.52  1.65  -0.34  0.22  -0.17  -0.18  
2269  0.40  0.28  0.20  -0.09  0.53  1.40  0.06  0.38  -0.29  -0.07  
2270  0.20  0.23  0.23  -0.19  0.62  1.63  -0.43  0.75  -0.24  -0.09  
2272  0.16  0.59  0.53  -0.22  0.50  1.39  -0.39  0.50  -0.29  0.06  
2273  0.13  0.25  0.32  -0.02  0.55  1.42  -0.16  0.46  -0.32  -0.01  
2274  0.30  0.36  0.59  -0.07  0.32  1.59  -0.28  0.50  -0.56  -0.01  
2275  0.28  0.37  0.20  0.06  0.63  1.53  -0.36  0.40  -0.14  -0.09  
2276  0.05  0.17  0.33  -0.18  0.60  1.29  -0.13  0.51  -0.25  -0.07  
2277  0.03  0.31  0.22  0.10  0.67  1.86  -0.21  0.27  -0.30  0.27  
2278  0.34  0.64  0.13  -0.06  0.50  1.66  -0.16  0.50  -0.12  -0.04  
2279  0.17  0.47  0.46  -0.02  0.69  1.69  -0.36  0.45  -0.04  -0.15  
2280  0.18  0.27  0.19  0.02  0.49  1.53  -0.37  0.32  -0.18  -0.11  
2281  0.30  0.44  0.43  -0.26  0.56  1.40  -0.23  0.36  -0.26  0.22  
2282  0.27  0.23  0.39  -0.20  0.75  1.43  -0.38  0.40  -0.45  0.09  
2283  0.30  0.49  0.27  -0.01  0.58  1.39  -0.41  0.25  -0.25  -0.19  
2284  0.23  0.38  0.02  -0.02  0.51  1.50  -0.28  0.35  -0.45  0.10  
2285  0.45  0.54  0.80  0.07  0.50  1.61  -0.08  0.56  -0.22  -0.28  
2286  0.33  0.31  0.52  -0.00  0.67  1.59  -0.23  0.48  -0.31  -0.09  
2287  0.24  0.37  0.31  -0.07  0.55  1.61  0.18  0.48  -0.35  -0.07  
2288  0.11  0.44  0.48  0.04  0.67  1.84  0.01  1.22  -0.27  0.21  
2289  0.23  0.25  0.58  -0.01  0.82  1.66  -0.29  0.51  -0.34  -0.14  
2290  0.17  0.42  0.44  -0.06  0.45  1.56  -0.24  0.67  -0.36  -0.20  
2321  0.12  0.26  0.27  0.14  0.16  0.46  0.00  0.20  0.16  0.34  
2324  0.65  0.33  0.43  -0.25  0.48  0.87  0.07  0.47  0.01  0.26  
2325  0.72  0.47  0.45  -0.17  0.46  0.79  0.20  0.41  -0.01  0.35  
2326  0.68  0.29  0.26  -0.07  0.56  0.71  0.31  0.66  0.08  0.25  
2327  0.77  0.41  0.39  -0.17  0.44  0.86  0.30  0.59  0.08  0.21  
2328  0.57  0.46  0.22  -0.11  0.42  0.69  0.26  0.62  0.15  0.36  
2329  0.74  0.35  0.42  -0.15  0.45  0.78  0.29  0.46  0.05  0.19  
2330  0.72  0.38  0.27  -0.14  0.43  0.78  0.15  0.51  0.08  0.26  
2331  0.68  0.36  0.34  -0.05  0.41  0.81  0.15  0.39  -0.12  0.23  
2332  0.71  0.48  0.24  -0.13  0.43  0.79  0.22  0.50  0.14  0.36  
2333  0.79  0.36  0.11  -0.10  0.39  0.78  0.14  0.65  0.04  0.23  
2334  0.71  0.34  0.27  -0.11  0.37  0.74  0.24  0.62  0.03  0.18  
2335  0.66  0.32  0.21  -0.20  0.39  0.85  0.28  0.52  0.03  0.40  
2336  0.82  0.32  0.06  -0.20  0.34  0.77  0.21  0.48  0.25  0.20  
2337  0.66  0.32  0.19  -0.19  0.35  0.80  0.20  0.57  -0.00  0.25  
2338  0.74  0.43  0.15  -0.22  0.41  0.72  0.22  0.58  0.08  0.22  
2339  0.67  0.43  0.22  -0.17  0.33  0.79  0.13  0.54  0.11  0.35  
2340  0.69  0.34  0.22  -0.20  0.34  0.79  0.14  0.52  0.09  0.28  
2341  0.73  0.34  0.01  -0.11  0.44  0.71  0.32  0.59  0.11  0.51  
2342  0.76  0.50  0.45  -0.09  0.32  0.75  0.05  0.52  0.26  0.25  
2343  0.78  0.36  0.43  -0.22  0.40  0.66  0.27  0.49  0.03  0.28  
2344  0.66  0.89  1.07  -0.58  0.73  1.44  -0.28  0.39  -0.49  -0.31  
2345  0.70  0.48  0.36  -0.28  0.36  0.79  0.29  0.63  0.13  0.31  
2346  0.62  0.30  0.35  -0.27  0.42  0.70  0.26  0.30  0.05  0.33  
2347  0.74  0.36  0.25  -0.03  0.37  0.66  0.30  0.54  0.03  0.44  
2348  0.74  0.25  0.27  -0.28  0.30  0.77  0.14  0.50  0.10  0.33  
2349  0.72  0.32  0.41  -0.10  0.29  0.79  0.37  0.51  0.09  0.32  
2350  0.67  0.37  0.32  -0.17  0.40  0.77  0.36  0.51  0.12  0.31  
2351  0.71  0.34  0.13  -0.28  0.31  0.77  0.31  0.55  0.16  0.38  
2352  0.67  0.40  0.22  -0.23  0.28  0.80  0.32  0.63  0.12  0.25  
2354  0.75  0.35  0.28  -0.17  0.39  0.70  0.32  0.63  0.14  0.45  
2355  0.70  0.29  0.39  -0.19  0.30  0.78  0.30  0.57  0.13  0.35  
2356  0.63  0.46  0.52  -0.15  0.41  0.89  0.17  0.73  0.09  0.40  
2357  0.69  0.35  0.30  -0.20  0.34  0.76  0.28  0.54  0.11  0.35  
2358  0.67  0.31  0.26  -0.19  0.34  0.71  0.31  0.56  0.11  0.39  
2359  0.85  0.64  0.58  -0.10  0.56  1.66  -0.27  0.81  -0.31  -0.59  
2360  0.72  0.43  0.11  -0.23  0.23  0.90  0.15  0.49  0.03  0.22  
2361  0.69  0.39  0.16  -0.15  0.35  0.90  0.21  0.47  0.06  0.22  
2362  0.63  0.47  0.20  -0.16  0.43  0.83  0.16  0.55  0.10  0.29  
2363  0.70  0.40  0.35  -0.20  0.41  0.87  0.25  0.54  0.06  0.30  
2364  0.79  0.39  0.23  -0.19  0.37  0.92  0.22  0.54  0.05  0.27  
2365  0.66  0.39  0.32  -0.20  0.38  0.88  0.26  0.52  -0.05  0.32  
2366  0.78  0.36  0.32  -0.22  0.40  0.95  0.28  0.52  0.07  0.31  
2367  0.59  0.40  0.31  -0.05  0.39  0.88  0.15  0.62  0.02  0.34  
2368  0.69  0.37  0.31  -0.19  0.28  0.80  0.16  0.51  0.12  0.39  
2369  0.68  0.30  0.31  -0.20  0.45  0.82  0.28  0.49  0.20  0.29  
2370  0.69  0.34  0.20  -0.16  0.40  0.82  0.16  0.55  0.08  0.32  
2371  0.71  0.38  0.24  -0.22  0.35  0.89  0.23  0.52  0.04  0.36  
2372  0.82  0.42  0.36  -0.14  0.40  0.82  0.07  0.51  0.04  0.25  
2373  0.58  0.44  0.33  -0.14  0.37  0.83  0.24  0.48  0.07  0.32  
2374  0.71  0.30  0.44  -0.28  0.35  0.83  0.33  0.67  0.08  0.40  
2375  0.69  0.34  0.43  -0.09  0.29  0.63  0.54  0.51  -0.04  0.33  
2376  0.79  0.35  0.27  -0.21  0.42  0.87  0.26  0.58  0.13  0.33  
2377  0.71  0.39  0.26  -0.15  0.39  0.84  0.29  0.52  0.07  0.34  
2378  0.69  0.35  0.06  -0.20  0.40  0.78  0.31  0.50  0.12  0.35  
2380  0.89  0.41  0.63  -0.31  0.43  1.30  -0.06  0.34  -0.19  -0.12  
2381  0.70  0.43  0.39  -0.16  0.48  0.95  0.13  0.47  0.07  0.24  
2383  0.20  0.19  0.27  0.09  0.19  0.54  0.08  0.23  0.07  0.32  
2384  0.24  0.27  0.27  0.05  0.33  0.49  0.03  0.27  0.14  0.49  
2385  0.21  0.24  0.10  0.11  0.21  0.47  0.02  0.22  0.21  0.39  
2386  0.19  0.17  0.12  0.12  0.25  0.53  0.05  0.18  0.17  0.44  
2389  0.24  0.29  0.17  0.07  0.25  0.44  0.06  0.28  0.22  0.41  
2390  0.13  0.25  -0.07  0.03  0.18  0.53  0.03  0.19  0.20  0.42  
2391  0.18  0.19  0.14  0.16  0.18  0.49  0.10  0.24  0.13  0.49  
2392  0.59  0.32  0.31  -0.19  0.43  0.68  0.24  0.49  0.08  0.29  
2393  0.83  0.44  0.49  -0.15  0.57  0.71  0.38  0.42  0.13  0.46  
2394  0.66  0.33  0.19  -0.11  0.44  0.89  0.24  0.53  0.10  0.30  
2395  0.61  0.45  0.25  -0.08  0.54  0.89  0.30  0.43  0.10  0.26  
2396  0.64  0.91  1.51  0.02  0.46  1.88  -0.55  0.24  -1.03  -0.43  
2399  0.63  0.57  0.23  -0.53  0.52  1.12  0.05  0.74  0.02  0.32  
2401  0.73  0.35  0.26  -0.03  0.13  0.88  0.23  0.25  0.18  0.22  
2402  0.67  0.44  0.30  -0.19  0.45  0.91  0.24  0.55  0.10  0.27  
2404  0.75  0.50  0.33  -0.06  0.57  1.00  0.25  0.41  0.19  0.29  
2405  0.72  0.30  0.15  -0.13  0.48  0.77  0.30  0.49  0.14  0.42  
2406  0.79  0.22  0.20  -0.49  0.50  0.73  0.42  0.42  0.05  0.46  
2407  0.76  0.36  0.13  -0.17  0.40  0.81  0.31  0.54  0.13  0.40  
2408  0.71  0.33  0.17  -0.24  0.35  0.81  0.28  0.52  0.19  0.37  
2412  0.68  0.29  0.22  -0.23  0.42  0.79  0.32  0.76  0.21  0.45  
2414  0.79  0.30  0.40  -0.21  0.37  0.75  0.28  0.52  0.23  0.30  
2415  0.66  0.70  0.83  -0.13  0.79  1.79  -0.33  0.41  -0.29  -0.64  
2416  0.69  0.75  0.57  -0.17  0.69  1.64  -0.36  0.54  -0.33  -0.70  
2417  0.64  0.61  0.77  -0.17  0.78  1.78  -0.36  0.74  -0.23  -0.71  
2418  0.74  0.60  0.74  -0.20  0.62  1.76  -0.52  0.43  -0.28  -0.85  
2420  0.67  0.30  0.37  -0.19  0.43  0.87  0.24  0.65  0.15  0.42  
2422  0.74  0.31  0.15  -0.21  0.39  0.81  0.30  0.55  0.13  0.37  
2423  0.73  0.33  0.13  -0.17  0.41  0.84  0.33  0.49  0.19  0.36  
2424  0.73  0.32  0.31  -0.19  0.43  0.85  0.31  0.44  0.16  0.37  
2425  0.72  0.35  0.30  -0.19  0.40  0.86  0.33  0.48  0.17  0.36  
2426  0.72  0.35  0.32  -0.12  0.41  0.82  0.36  0.43  0.19  0.36  
2427  0.72  0.34  0.36  -0.16  0.45  0.82  0.36  0.44  0.17  0.37  
2428  0.75  0.33  0.32  -0.20  0.42  0.84  0.32  0.46  0.15  0.36  
2429  0.73  0.32  0.13  -0.23  0.33  0.84  0.39  0.62  0.22  0.33  
2432  0.80  0.50  0.73  -0.16  0.63  1.31  -0.11  0.67  -0.27  0.13  
2433  0.81  0.56  0.51  0.00  0.37  1.04  0.06  0.52  -0.11  0.16  
2434  0.25  0.25  0.22  0.16  0.28  0.70  0.02  0.17  0.24  0.32  
2435  0.83  0.38  0.17  -0.21  0.37  0.86  0.27  0.43  0.09  0.32  
2436  0.76  0.44  0.14  -0.17  0.41  0.90  0.29  0.54  0.15  0.37  
2437  0.73  0.36  0.10  -0.26  0.35  0.85  0.26  0.47  0.10  0.37  
2438  0.77  0.36  0.08  -0.25  0.39  0.86  0.26  0.54  0.07  0.34  
2439  0.72  0.39  0.06  -0.23  0.35  0.86  0.25  0.59  0.11  0.34  
2441  0.70  0.42  0.27  -0.25  0.35  0.79  0.32  0.54  0.12  0.30  
2442  0.73  0.37  0.08  -0.27  0.33  0.85  0.27  0.57  0.08  0.34  
2443  0.79  0.38  0.27  -0.21  0.42  0.83  0.29  0.42  0.10  0.41  
2444  0.72  0.38  0.21  -0.22  0.36  0.90  0.27  0.44  0.04  0.37  
2445  0.75  0.33  0.09  -0.28  0.34  0.91  0.25  0.52  0.11  0.35  
2446  0.77  0.37  0.06  -0.24  0.32  0.89  0.27  0.48  0.11  0.37  
2447  0.75  0.41  0.07  -0.27  0.30  0.87  0.21  0.56  0.03  0.31  
2448  0.74  0.38  0.14  -0.27  0.33  0.90  0.23  0.53  0.06  0.32  
2449  0.78  0.40  0.09  -0.23  0.35  0.90  0.26  0.52  0.06  0.35  
2450  0.76  0.38  0.10  -0.23  0.36  0.92  0.22  0.53  0.06  0.36  
2451  0.75  0.40  0.08  -0.26  0.33  0.89  0.24  0.52  0.06  0.32  
2452  0.74  0.39  0.12  -0.22  0.36  0.89  0.27  0.49  0.09  0.36  
2453  0.79  0.42  0.14  -0.20  0.33  0.90  0.26  0.58  0.08  0.35  
2454  0.76  0.41  0.33  -0.25  0.28  0.90  0.23  0.55  0.02  0.29  
2455  0.73  0.36  0.11  -0.29  0.28  1.01  0.27  0.58  0.04  0.36  
2457  0.67  0.36  0.28  -0.24  0.31  0.99  0.26  0.48  0.14  0.41  
2458  0.70  0.33  0.23  -0.26  0.22  0.95  0.26  0.49  0.11  0.32  
2459  0.62  0.64  0.24  -0.33  0.46  0.92  0.12  0.51  0.11  0.34  
2460  0.69  0.32  0.19  -0.22  0.34  0.95  0.28  0.56  0.10  0.42  
2461  0.74  0.40  0.33  -0.22  0.34  0.87  0.25  0.55  0.08  0.35  
2462  0.68  0.41  0.21  -0.26  0.34  0.93  0.28  0.40  0.02  0.30  
2468  0.74  0.34  0.28  -0.24  0.31  1.30  0.04  0.46  -0.18  0.08  
2469  0.15  0.23  0.19  0.17  0.16  0.40  0.09  0.07  0.22  0.47  
2470  0.80  0.31  0.20  -0.29  0.32  1.13  0.23  0.49  -0.03  0.26  
2473  0.73  0.34  0.35  -0.18  0.40  1.14  0.26  0.57  0.10  0.24  
2474  0.82  0.43  0.53  -0.43  0.51  2.42  -0.55  0.82  -0.40  -0.74  
2475  0.80  0.27  0.27  -0.26  0.20  1.30  0.15  0.57  0.09  0.14  
2476  0.76  0.28  0.12  -0.27  0.37  1.16  0.19  0.54  0.07  0.16  
2477  0.71  0.26  0.26  -0.23  0.26  1.19  0.21  0.61  0.05  0.17  
2478  0.73  0.26  0.18  -0.25  0.33  1.19  0.25  0.54  0.09  0.22  
2479  0.71  0.34  0.31  -0.26  0.27  1.23  0.21  0.47  -0.02  0.09  
2480  0.67  0.49  0.05  -0.21  0.31  1.13  0.17  0.48  0.09  0.19  
2481  0.68  0.25  0.26  -0.27  0.35  1.24  0.22  0.65  0.03  0.10  
2482  0.70  0.32  0.30  -0.31  0.12  1.12  0.20  0.62  -0.05  0.20  
2483  0.73  0.31  0.27  -0.17  0.42  1.15  0.20  0.47  -0.01  0.15  
2484  0.72  0.38  0.34  -0.23  0.24  1.15  0.25  0.48  0.01  0.12  
2485  0.80  0.37  0.36  -0.18  0.34  1.22  0.23  0.40  0.05  0.15  
2486  0.74  0.36  0.22  -0.19  0.30  1.14  0.22  0.46  0.09  0.13  
2487  0.75  0.32  0.41  -0.25  0.39  1.16  0.22  0.57  0.03  0.08  
2488  0.81  0.29  0.18  -0.21  0.31  1.20  0.24  0.65  0.06  0.20  
2489  0.81  0.30  0.30  -0.21  0.36  1.11  0.17  0.46  -0.01  0.18  
2490  0.78  0.36  0.34  -0.29  0.32  1.21  0.18  0.44  0.09  0.18  
2491  0.85  0.28  0.28  -0.29  0.36  1.12  0.17  0.59  0.12  0.16  
2492  0.77  0.29  0.17  -0.19  0.25  1.16  0.20  0.59  0.07  0.20  
2493  0.73  0.31  0.29  -0.28  0.36  1.18  0.23  0.55  0.08  0.17  
2494  0.87  0.30  0.31  -0.31  0.38  1.29  0.12  0.50  0.16  0.17  
2495  0.68  0.28  0.17  -0.28  0.29  1.23  0.14  0.54  0.08  0.21  
2496  0.72  0.30  0.23  -0.24  0.33  1.10  0.17  0.55  0.08  0.22  
2497  0.76  0.32  0.23  -0.25  0.34  1.20  0.22  0.52  0.02  0.14  
2498  0.69  0.38  0.15  -0.26  0.33  1.14  0.23  0.51  0.09  0.27  
2499  0.73  0.23  0.24  -0.26  0.32  1.17  0.13  0.59  0.05  0.06  
2500  0.79  0.35  0.23  -0.20  0.48  1.14  0.24  0.53  0.16  0.22  
2501  0.77  0.31  0.37  -0.23  0.30  1.10  0.25  0.55  0.09  0.24  
2502  0.77  0.32  0.25  -0.26  0.30  1.14  0.19  0.66  0.11  0.23  
2503  0.82  0.35  0.20  -0.23  0.30  1.13  0.29  0.53  0.03  0.21  
2504  0.67  0.30  0.19  -0.21  0.32  1.23  0.02  0.83  0.11  0.17  
2505  0.78  0.36  0.43  -0.15  0.34  1.08  0.29  0.59  0.01  0.28  
2506  0.73  0.34  0.23  -0.26  0.34  1.12  0.21  0.62  -0.00  0.28  
2507  0.69  0.34  0.32  -0.24  0.33  1.12  0.28  0.48  0.14  0.14  
2508  0.79  0.29  0.35  -0.29  0.33  1.13  0.24  0.58  0.12  0.31  
2509  0.81  0.30  0.25  -0.24  0.29  1.23  0.25  0.53  0.03  0.21  
2510  0.76  0.31  0.27  -0.22  0.37  1.18  0.23  0.65  0.10  0.20  
2511  0.82  0.31  0.24  -0.29  0.35  1.10  0.22  0.59  0.10  0.21  
2512  0.72  0.38  0.20  -0.16  0.27  1.28  0.11  0.52  -0.07  0.17  
2513  0.80  0.29  0.28  -0.27  0.30  1.20  0.23  0.56  0.03  0.21  
2514  0.76  0.32  0.13  -0.24  0.24  1.22  0.20  0.51  0.07  0.16  
2515  0.73  0.36  0.19  -0.19  0.30  1.24  0.16  0.52  -0.08  0.23  
2516  0.77  0.24  0.14  -0.20  0.29  1.08  0.17  0.73  0.11  0.14  
2519  0.75  0.30  0.20  -0.22  0.37  1.18  0.19  0.57  0.03  0.20  
2520  0.75  0.33  0.18  -0.21  0.28  1.18  0.18  0.55  0.03  0.12  
2521  0.76  0.32  0.13  -0.22  0.40  1.16  0.20  0.49  0.12  0.18  
2522  0.70  0.28  0.38  -0.28  0.29  1.21  0.25  0.69  0.03  0.14  
2523  0.67  0.41  0.46  -0.49  0.36  1.39  0.26  0.59  -0.01  0.06  
2524  0.74  0.27  0.41  -0.20  0.36  1.18  0.28  0.65  -0.08  0.10  
2525  0.81  0.32  0.16  -0.24  0.37  1.21  0.20  0.53  0.06  0.21  
2526  0.76  0.38  0.47  -0.28  0.30  1.14  0.30  0.63  0.02  0.17  
2527  0.79  0.32  0.32  -0.32  0.28  1.12  0.22  0.54  0.10  0.11  
2528  0.76  0.29  0.20  -0.26  0.32  1.16  0.26  0.54  0.02  0.16  
2529  0.80  0.28  0.22  -0.30  0.26  1.24  0.23  0.60  0.04  0.10  
2530  0.73  0.34  0.29  -0.27  0.34  1.20  0.17  0.51  0.07  0.14  
2531  0.76  0.29  0.21  -0.22  0.33  1.16  0.19  0.60  0.12  0.22  
2532  0.82  0.36  0.30  -0.27  0.41  1.13  0.14  0.51  0.02  0.23  
2533  0.81  0.28  0.31  -0.17  0.34  1.16  0.19  0.54  0.09  0.12  
2534  0.71  0.26  0.23  -0.24  0.44  1.15  0.31  0.53  0.10  0.22  
2535  0.74  0.32  0.39  -0.25  0.33  1.20  0.26  0.57  0.09  0.17  
2536  0.79  0.25  0.23  -0.22  0.42  1.13  0.22  0.61  -0.01  0.23  
2537  0.75  0.35  0.37  -0.26  0.33  1.19  0.32  0.46  0.09  0.16  
2538  0.68  0.32  0.21  -0.18  0.36  1.21  0.19  0.59  0.04  0.18  
2539  0.77  0.20  0.34  -0.12  0.40  1.15  0.17  0.55  0.13  0.15  
2540  0.74  0.33  0.21  -0.25  0.34  1.17  0.23  0.61  0.16  0.18  
2541  0.73  0.31  0.19  -0.26  0.34  1.21  0.13  0.53  -0.02  0.18  
2542  0.74  0.27  0.21  -0.14  0.39  1.22  0.22  0.54  0.07  0.25  
2543  0.79  0.29  0.23  -0.28  0.38  1.25  0.21  0.65  0.01  0.18  
2544  0.80  0.45  0.46  -0.27  0.19  1.17  0.21  0.54  0.01  -0.01  
2545  0.83  0.27  0.32  -0.21  0.45  1.13  0.24  0.52  0.03  0.13  
2546  0.84  0.33  0.34  -0.20  0.35  1.13  0.17  0.54  0.08  0.11  
2547  0.72  0.29  0.31  -0.31  0.36  1.13  0.22  0.63  0.07  0.24  
2548  0.70  0.31  0.13  -0.31  0.33  1.11  0.15  0.51  -0.05  0.11  
2549  0.79  0.26  0.27  -0.29  0.36  1.23  0.25  0.64  0.05  0.15  
2550  0.77  0.31  0.25  -0.23  0.34  1.15  0.20  0.61  -0.02  0.08  
2551  0.72  0.32  0.27  -0.25  0.32  1.17  0.20  0.56  0.02  0.14  
2552  0.77  0.32  0.28  -0.21  0.33  1.14  0.19  0.46  0.10  0.18  
2553  0.76  0.27  0.26  -0.24  0.35  1.13  0.24  0.49  -0.00  0.18  
2554  0.77  0.29  0.32  -0.25  0.34  1.14  0.28  0.53  0.05  0.24  
2555  0.85  0.38  0.24  -0.31  0.39  1.27  0.31  0.48  0.00  -0.04  
2556  0.73  0.26  0.13  -0.17  0.41  1.08  0.29  0.61  0.09  0.26  
2557  0.71  0.25  0.29  -0.27  0.39  1.14  0.26  0.61  0.04  0.13  
2558  0.74  0.33  0.18  -0.23  0.37  1.11  0.20  0.55  0.06  0.12  
2559  0.75  0.25  0.24  -0.26  0.34  1.15  0.15  0.56  0.04  0.13  
2560  0.73  0.37  0.26  -0.24  0.34  1.20  0.24  0.49  -0.01  0.09  
2561  0.73  0.29  0.36  -0.27  0.32  1.22  0.20  0.62  0.03  0.15  
2562  0.73  0.33  0.36  -0.49  0.38  1.29  0.02  0.49  0.36  0.26  
2563  0.76  0.33  0.11  -0.15  0.42  1.10  0.17  0.69  0.02  0.17  
2564  0.78  0.30  0.14  -0.17  0.37  1.12  0.18  0.56  0.02  0.14  
2565  0.77  0.31  0.20  -0.24  0.40  1.16  0.26  0.58  0.06  0.20  
2566  0.76  0.31  0.17  -0.21  0.34  1.18  0.24  0.53  0.04  0.17  
2567  0.81  0.43  0.62  -0.01  0.17  1.43  0.16  0.67  -0.20  -0.07  
2568  0.98  0.21  -0.15  -0.11  0.58  1.24  -0.00  0.94  0.36  0.21  
2570  0.21  0.28  0.22  0.18  0.21  0.48  0.10  0.19  0.14  0.31  
2571  0.81  0.30  0.54  -0.19  0.30  1.21  0.32  0.51  0.06  0.14  
2572  0.76  0.32  0.19  -0.18  0.40  1.16  0.16  0.59  0.05  0.19  
2573  0.79  0.39  0.41  -0.25  0.43  1.38  0.15  0.50  -0.05  0.09  
2574  0.75  0.43  0.30  -0.37  0.29  1.26  0.11  0.76  0.08  0.08  
2575  0.75  0.35  0.29  -0.18  0.46  1.22  0.04  0.62  -0.01  0.14  
2576  0.68  0.42  0.11  -0.16  0.40  1.16  0.06  0.45  0.04  0.05  
2577  0.69  0.38  0.30  -0.16  0.39  1.23  0.20  0.74  0.02  0.12  
2578  0.73  0.33  0.15  -0.17  0.45  1.24  0.16  0.58  0.03  0.16  
2579  0.74  0.38  0.37  -0.22  0.37  1.24  0.15  0.45  0.08  0.04  
2580  0.77  0.36  0.33  -0.19  0.41  1.13  0.06  0.54  -0.00  0.09  
2581  0.73  0.37  0.38  -0.13  0.37  1.24  0.15  0.60  0.01  -0.02  
2582  0.73  0.40  0.11  -0.07  0.40  1.20  0.15  0.61  0.03  0.02  
2583  0.80  0.32  0.35  -0.19  0.45  1.14  0.19  0.51  0.08  0.18  
2584  0.81  0.33  0.45  -0.18  0.41  1.10  0.15  0.55  -0.02  0.19  
2585  0.70  0.56  0.34  -0.22  0.30  1.15  0.14  0.65  -0.09  -0.03  
2586  1.02  0.53  0.35  -0.00  0.66  1.27  -0.13  0.93  0.11  0.11  
2587  0.80  0.37  0.45  -0.23  0.29  1.21  0.19  0.44  0.03  -0.01  
2588  0.68  0.31  0.32  -0.17  0.46  1.31  0.26  0.49  0.12  0.26  
2589  0.69  0.43  0.32  -0.19  0.40  1.10  0.17  0.48  -0.01  -0.03  
2590  0.76  0.38  0.39  -0.24  0.40  1.31  0.20  0.64  0.09  0.09  
2591  0.73  0.36  0.38  -0.24  0.46  1.24  0.17  0.59  0.04  0.04  
2592  0.77  0.41  0.39  -0.14  0.35  1.22  0.25  0.43  0.01  0.12  
2593  0.70  0.43  0.43  -0.19  0.45  1.26  0.20  0.64  0.08  0.13  
2595  0.72  0.34  0.35  0.19  0.87  1.56  -0.04  0.71  -0.40  -0.06  
2598  0.66  0.29  0.20  -0.23  0.39  1.27  0.15  0.61  0.00  0.01  
2599  0.78  0.35  0.32  -0.27  0.37  1.26  0.13  0.55  0.02  0.09  
2600  0.72  0.35  0.29  -0.21  0.43  1.27  0.22  0.65  -0.01  -0.02  
2601  0.74  0.39  0.40  -0.06  0.31  1.13  0.13  0.61  0.04  0.08  
2602  0.89  0.17  0.23  -0.14  0.45  1.22  0.04  0.84  0.02  0.03  
2603  0.81  0.41  0.39  -0.27  0.41  1.15  0.10  0.65  -0.11  -0.05  
2604  0.71  0.43  0.52  -0.20  0.27  1.28  0.22  0.76  0.02  0.03  
2605  0.75  0.28  0.41  -0.31  0.37  1.15  0.27  0.55  0.09  0.11  
2606  0.72  0.35  0.33  -0.27  0.42  1.13  0.23  0.65  -0.04  0.08  
2607  0.74  0.43  0.42  -0.24  0.45  1.24  0.14  0.60  -0.07  -0.04  
2609  0.09  0.22  0.34  0.17  0.22  0.44  0.09  0.10  0.13  0.35  
2611  0.63  0.55  0.35  -0.04  0.52  1.52  -0.02  0.94  0.08  -0.10  
2612  0.65  0.39  0.41  -0.19  0.34  1.31  0.16  0.69  -0.08  0.07  
2613  0.66  0.50  0.38  -0.16  0.57  1.22  -0.03  0.63  -0.03  -0.47  
2614  0.80  0.65  0.68  -0.13  0.52  1.41  0.10  0.48  -0.21  -0.11  
2615  0.76  0.46  0.62  -0.11  0.58  1.41  0.18  0.56  0.03  0.19  
2616  0.76  0.43  0.30  -0.35  0.53  1.16  -0.07  0.61  -0.19  0.05  
2617  0.54  0.71  0.56  -0.18  0.57  1.48  -0.07  0.41  0.05  0.09  
2618  0.73  0.45  0.43  -0.12  0.30  1.37  0.01  0.63  0.04  -0.02  
2619  0.60  0.48  0.63  -0.35  0.50  1.46  0.09  0.43  -0.25  -0.20  
2620  0.70  0.51  0.32  -0.13  0.44  1.49  0.06  0.54  0.07  -0.05  
2621  0.85  0.68  0.49  -0.18  0.47  1.33  0.22  0.46  -0.08  -0.27  
2622  0.76  0.74  0.64  -0.18  0.54  1.27  -0.02  0.47  -0.04  0.00  
2623  0.75  0.47  0.34  -0.46  0.58  1.32  -0.16  0.44  -0.14  0.01  
2624  0.75  0.41  0.41  -0.18  0.61  1.46  -0.07  0.77  0.06  -0.05  
2625  0.65  0.45  0.33  -0.14  0.61  1.31  0.07  0.31  0.01  -0.05  
2626  0.75  0.55  0.96  -0.29  0.46  1.53  0.17  0.54  -0.32  -0.01  
2627  0.67  0.46  0.46  -0.19  0.48  1.32  -0.06  0.68  -0.15  0.01  
2628  0.44  0.47  0.43  -0.19  0.22  1.41  -0.01  0.40  -0.10  -0.05  
2629  0.66  0.38  0.26  -0.11  0.49  1.34  0.03  0.53  -0.09  -0.21  
2633  0.18  0.23  0.25  0.14  0.25  0.40  0.02  0.25  0.16  0.37  
2634  0.86  0.56  1.02  -0.27  0.29  1.45  -0.14  0.52  0.12  0.10  
2635  0.76  0.58  0.64  -0.25  0.52  1.34  0.10  0.37  -0.01  0.08  
2636  0.62  0.70  0.62  -0.11  0.47  1.51  -0.16  0.52  -0.06  -0.16  
2637  0.52  0.63  0.53  -0.16  0.50  1.25  -0.21  0.24  -0.06  -0.20  
2638  0.80  0.68  0.58  -0.01  0.60  1.37  -0.10  0.42  -0.07  -0.25  
2639  0.73  0.39  0.54  -0.17  0.29  1.41  0.03  0.55  -0.01  -0.25  
2640  0.71  0.57  0.31  -0.18  0.51  1.43  -0.02  0.66  -0.12  -0.19  
2641  0.62  0.59  0.51  -0.26  0.51  1.37  -0.11  0.52  0.04  -0.07  
2642  0.78  0.49  0.50  -0.08  0.48  1.58  0.00  0.53  -0.15  -0.21  
2643  0.57  0.40  0.71  -0.12  0.59  1.44  -0.05  0.55  0.01  -0.32  
2644  0.93  0.67  0.94  0.05  0.77  1.58  0.31  0.77  0.03  -0.43  
2646  0.70  0.68  1.35  -0.72  0.60  1.86  -0.45  0.75  -0.51  -0.37  
2648  0.65  0.46  0.42  -0.49  0.56  1.44  0.00  0.32  -0.35  -0.24  
2649  0.64  0.41  0.54  -0.47  0.57  1.44  -0.04  0.43  -0.14  -0.14  
2650  0.68  0.45  0.30  -0.27  0.43  1.17  -0.06  0.62  -0.07  -0.11  
2651  0.42  0.29  0.61  -0.45  0.13  1.56  -0.18  0.39  -0.03  -0.18  
2653  0.64  0.34  0.30  -0.43  0.52  1.34  -0.03  0.38  -0.35  -0.07  
2654  0.69  0.60  0.73  -0.42  0.63  1.32  -0.10  0.29  -0.16  -0.22  
2655  0.59  0.50  0.46  -0.53  0.49  1.18  -0.15  0.39  -0.03  0.01  
2656  1.08  0.46  0.41  -0.71  0.84  1.23  -0.18  0.25  -0.07  -0.27  
2657  0.49  0.51  0.56  -0.66  0.53  1.25  0.07  0.39  -0.24  -0.25  
2658  0.67  0.81  0.14  -0.23  0.64  1.60  -0.09  0.10  -0.03  -0.75  
2659  0.14  0.18  0.17  0.18  0.27  0.47  0.08  0.19  0.12  0.44  
2661  0.83  0.34  0.51  -0.42  0.72  1.08  -0.22  0.88  -0.32  -0.30  
2662  0.88  0.44  0.49  -0.48  0.66  1.05  0.03  0.47  -0.06  -0.17  
2667  0.63  1.05  0.98  -0.80  0.63  2.15  -0.30  1.28  -0.99  -0.35  
2669  0.86  0.60  0.68  -0.41  0.53  1.08  0.23  0.88  0.01  -0.18  
2670  0.73  0.42  0.26  0.26  0.09  1.22  -0.19  1.09  -0.20  -0.25  
2671  0.80  0.89  0.82  -0.26  0.05  1.23  -0.30  0.99  0.13  -0.59  
2672  0.74  0.51  0.94  -0.24  0.65  1.12  -0.14  0.94  -0.41  -0.37  
2673  0.63  0.63  0.70  -0.08  0.59  1.33  0.10  0.85  -0.12  -0.20  
2675  0.53  0.50  0.60  -0.09  0.80  1.03  0.01  0.90  -0.07  -0.23  
2676  0.42  0.76  0.76  -0.05  0.74  1.24  0.14  0.61  -0.14  -0.47  
2677  0.63  0.67  0.31  -0.24  0.48  1.26  0.10  0.73  0.00  -0.16  
2678  0.56  0.66  0.86  -0.37  0.73  1.44  -0.00  0.58  -0.23  -0.33  
2679  0.72  0.78  0.66  -0.35  0.53  1.24  -0.37  0.88  -0.30  -0.26  
2680  0.84  0.54  0.68  -0.39  0.64  1.19  -0.11  0.70  -0.18  -0.55  
2681  0.57  0.66  0.63  -0.22  0.70  0.93  0.07  0.81  -0.01  -0.28  
2682  0.78  0.93  1.07  -0.21  0.71  1.19  -0.15  0.44  -0.01  -0.07  
2683  0.74  0.63  1.06  -0.42  0.46  1.31  -0.24  0.93  -0.38  -0.47  
2684  0.69  1.01  0.88  -0.46  0.55  1.69  0.05  1.03  -0.27  -0.40  
2685  0.68  0.73  0.46  -0.31  0.70  0.96  -0.05  0.82  0.01  -0.32  
2686  0.70  0.75  0.45  -0.35  0.69  0.94  0.09  0.51  0.19  -0.30  
2687  0.65  0.55  0.59  -0.16  0.61  1.15  0.19  0.69  0.05  -0.10  
2688  0.82  0.55  0.62  -0.35  0.50  1.28  -0.04  0.89  -0.08  -0.17  
2690  0.62  0.70  0.59  -0.16  0.70  1.02  -0.07  0.74  0.15  -0.14  
2691  0.68  0.74  0.54  -0.51  0.62  0.91  0.10  0.58  -0.10  -0.39  
2692  0.72  0.56  0.79  -0.31  0.70  1.66  0.02  0.84  -0.17  -0.22  
2694  0.52  0.73  0.67  -0.21  0.69  1.22  0.04  0.95  0.01  -0.29  
2696  0.54  0.64  0.34  0.26  0.55  0.98  0.15  0.74  0.04  -0.14  
2697  0.34  0.89  0.53  0.10  0.63  1.26  0.31  0.65  0.15  -0.36  
2698  0.69  0.74  0.63  -0.13  0.54  1.17  0.07  0.93  -0.30  -0.27  
2699  0.63  0.58  0.55  -0.21  0.68  1.26  0.14  0.57  0.22  -0.14  
2700  0.81  0.76  0.20  -0.38  0.73  1.01  0.01  0.82  0.12  0.02  
2701  0.71  0.67  0.46  -0.33  0.48  1.01  0.09  0.90  -0.05  -0.24  
2703  0.43  0.23  0.12  0.03  0.39  0.51  0.04  0.21  0.16  0.34  
2704  0.54  0.66  0.33  -0.06  0.75  1.28  0.17  0.98  -0.03  -0.22  
2705  0.60  0.78  0.67  -0.22  0.77  1.26  -0.07  0.85  0.15  -0.39  
2706  0.65  0.87  0.39  -0.27  0.56  1.16  0.03  1.04  0.02  -0.48  
2707  0.67  0.91  0.62  -0.18  0.62  1.24  0.15  0.81  -0.26  -0.35  
2708  0.40  0.68  0.36  -0.22  0.66  1.03  -0.17  0.80  0.09  -0.26  
2709  0.66  0.71  1.04  -0.15  0.60  1.16  -0.12  0.64  -0.24  -0.20  
2710  0.83  0.76  0.59  -0.29  0.53  1.36  -0.07  1.11  0.07  -0.05  
2711  0.70  0.61  0.62  -0.56  0.74  1.20  -0.31  0.93  0.03  -0.28  
2714  0.17  0.28  0.46  0.15  -0.03  0.64  0.05  0.21  -0.05  0.22  
2716  0.09  0.21  0.43  0.17  0.23  0.57  0.19  0.20  0.09  0.27  
2719  0.29  0.82  0.48  -0.35  0.71  1.21  0.12  0.78  -0.02  -0.49  
2720  0.58  0.67  0.77  -0.18  0.65  1.23  0.04  0.68  -0.04  -0.62  
2721  0.62  0.65  0.68  -0.17  0.77  1.20  -0.02  1.10  -0.13  -0.20  
2722  0.71  0.55  0.84  -0.10  0.57  1.28  0.14  0.81  -0.19  -0.29  
2723  0.56  0.87  0.62  -0.07  0.90  1.39  0.09  0.85  0.01  -0.30  
2724  0.69  0.88  0.52  -0.23  0.62  1.37  -0.05  0.70  0.06  -0.45  
2725  0.79  0.66  0.52  -0.18  0.61  1.26  -0.26  0.50  -0.30  -0.30  
2726  0.65  0.78  0.53  -0.17  0.67  1.22  -0.11  0.71  -0.09  -0.30  
2727  0.63  0.71  0.19  -0.19  0.59  1.17  0.11  0.92  -0.16  -0.33  
2728  0.60  0.64  0.74  -0.32  0.61  1.36  -0.07  1.02  -0.14  -0.59  
2729  0.57  0.54  0.01  -0.34  0.57  1.18  -0.04  1.10  -0.03  -0.14  
2730  0.55  0.67  0.96  -0.10  0.78  1.29  0.22  0.92  -0.15  -0.24  
2731  0.55  0.77  0.63  -0.14  0.69  1.31  -0.19  0.89  -0.25  -0.19  
2732  0.69  0.61  0.73  -0.07  0.67  0.98  -0.07  0.87  0.14  -0.32  
2733  0.55  0.64  0.78  -0.28  0.71  1.26  -0.01  0.88  -0.21  -0.46  
2734  0.70  0.97  0.51  -0.43  0.73  1.66  0.10  0.78  -0.17  -0.30  
2735  0.45  0.76  0.64  0.03  0.65  1.05  -0.12  0.81  0.08  -0.26  
2736  0.62  0.61  0.34  -0.34  0.58  1.10  -0.06  0.78  -0.05  -0.55  
2737  0.64  0.49  0.49  -0.12  0.61  1.06  0.06  0.74  -0.08  -0.38  
2738  0.77  0.65  0.73  -0.15  0.71  1.07  -0.02  0.58  -0.22  -0.28  
2739  0.63  0.51  0.59  -0.44  0.48  1.44  0.07  0.59  -0.19  -0.51  
2740  0.75  0.55  0.48  -0.06  0.88  0.91  0.16  1.02  -0.03  -0.38  
2742  0.50  0.68  0.46  -0.33  0.49  0.91  0.16  0.80  -0.22  -0.24  
2744  0.28  0.38  0.13  0.08  0.27  0.63  0.12  0.25  0.05  0.16  
2745  0.32  0.97  0.53  -0.29  0.88  1.16  -0.12  0.64  0.08  -0.56  
2746  0.59  0.68  0.62  -0.24  0.70  1.08  0.20  0.80  -0.02  -0.25  
2747  0.57  0.59  0.77  -0.33  0.50  1.29  0.03  0.96  -0.02  -0.11  
2748  0.62  0.44  1.02  -0.45  0.59  1.23  0.07  1.15  -0.06  -0.21  
2749  0.55  0.80  0.87  -0.40  0.85  1.20  -0.07  0.36  -0.21  -0.33  
2750  0.68  0.61  0.60  -0.15  0.69  1.17  -0.05  0.72  -0.06  -0.42  
2751  0.69  0.69  0.42  -0.02  0.69  1.23  0.03  0.89  -0.17  -0.15  
2752  0.86  0.78  0.66  -0.37  0.59  1.29  0.07  0.64  -0.16  -0.29  
2753  0.52  0.85  0.61  0.05  0.62  1.31  0.08  0.93  -0.01  -0.21  
2754  0.71  0.71  0.51  -0.17  0.83  1.20  0.17  0.59  -0.12  -0.48  
2755  0.83  0.67  0.53  -0.24  0.80  1.27  -0.08  0.73  -0.19  -0.54  
2756  0.67  0.76  0.67  -0.40  0.76  1.33  -0.13  0.70  -0.12  -0.34  
2758  0.60  0.52  0.79  -0.23  0.66  1.15  -0.01  0.84  -0.08  -0.45  
2759  0.57  0.58  0.59  -0.23  0.70  0.88  -0.02  0.59  0.03  -0.60  
2760  0.57  0.57  0.36  -0.37  0.67  1.10  0.13  0.84  -0.01  -0.32  
2761  0.65  0.47  0.90  -0.11  0.68  1.44  -0.08  0.83  -0.26  -0.41  
2762  0.50  0.59  0.63  -0.11  0.58  1.32  -0.03  0.77  -0.17  -0.33  
2763  0.50  0.74  0.54  -0.26  0.67  1.28  -0.13  0.72  -0.08  -0.03  
2764  0.44  0.75  0.66  -0.20  0.81  1.22  0.12  0.90  -0.09  -0.25  
2765  0.64  0.98  0.65  -0.16  0.84  1.08  -0.19  0.89  0.16  -0.21  
2766  0.71  0.91  0.29  -0.25  0.75  1.33  -0.03  0.77  -0.12  -0.44  
2767  0.65  0.75  0.84  -0.20  0.74  0.94  -0.02  0.84  -0.10  -0.50  
2768  0.62  0.71  0.79  -0.28  0.70  1.18  -0.43  0.65  -0.28  -0.32  
2769  0.51  0.78  0.54  -0.31  0.66  1.16  -0.15  0.86  -0.04  -0.38  
2770  0.50  0.77  0.36  -0.24  0.85  1.17  0.10  1.01  0.07  -0.13  
2771  0.55  0.44  0.70  -0.24  0.72  1.07  -0.06  0.70  -0.02  -0.30  
2772  0.66  0.49  0.22  -0.30  0.79  0.84  -0.50  1.26  -0.14  -0.05  
2773  0.86  0.58  0.96  0.03  0.46  1.87  -0.21  0.96  -0.63  -0.49  
2775  0.60  0.51  0.61  0.28  0.50  1.35  -0.32  0.72  -0.16  -0.25  
2776  0.85  0.53  0.52  0.43  0.51  1.55  -0.27  0.54  -0.28  -0.28  
2778  0.63  0.56  0.69  0.10  0.58  1.31  -0.37  0.59  -0.18  -0.73  
2779  0.75  0.28  0.72  0.16  0.76  1.50  -0.30  0.80  -0.26  -0.22  
2781  0.64  0.56  0.54  0.03  0.71  1.44  0.10  0.73  -0.53  -0.30  
2782  0.85  0.72  0.45  0.38  0.58  1.40  -0.04  0.44  -0.03  -0.37  
2783  0.84  0.50  0.31  0.19  0.74  1.49  -0.02  0.98  0.06  -0.34  
2784  0.54  0.39  0.24  0.41  0.83  1.21  -0.19  0.83  -0.10  -0.34  
2788  0.50  0.42  0.52  0.74  0.46  0.90  0.07  1.14  0.16  -0.08  
2789  0.48  0.32  0.18  0.56  0.39  0.69  0.24  0.47  0.18  0.12  
2790  0.63  0.37  0.26  0.13  0.45  0.70  0.30  0.64  0.17  0.06  
2791  0.85  0.63  0.22  0.18  0.51  0.89  0.12  0.36  -0.01  0.06  
2792  0.64  0.34  0.17  0.12  0.37  0.73  0.27  0.60  0.15  0.02  
2796  0.62  0.38  0.29  0.08  0.42  0.66  0.28  0.57  0.17  0.00  
2797  0.62  0.40  0.28  0.16  0.47  0.67  0.31  0.58  0.19  -0.03  
2798  0.69  0.40  0.19  0.04  0.39  0.71  0.27  0.67  0.13  0.03  
2799  0.63  0.38  0.26  0.21  0.48  0.68  0.33  0.66  0.20  0.01  
2800  0.63  0.35  0.28  0.32  0.56  0.67  0.44  0.64  0.13  0.12  
2801  0.69  0.34  0.43  0.10  0.47  0.65  0.27  0.53  0.05  -0.02  
2803  0.62  0.40  0.26  0.19  0.48  0.64  0.31  0.65  0.18  0.04  
2804  0.71  0.37  0.39  0.16  0.47  0.75  0.33  0.45  0.16  0.03  
2805  0.67  0.39  0.26  0.17  0.42  0.70  0.34  0.53  0.12  0.01  
2806  0.66  0.40  0.28  0.18  0.46  0.66  0.31  0.51  0.19  0.02  
2807  0.64  0.40  0.32  0.19  0.40  0.66  0.28  0.60  0.20  0.03  
2808  0.61  0.30  0.20  0.14  0.45  0.66  0.40  0.69  0.24  0.02  
2810  0.31  0.26  0.24  0.92  0.26  0.69  0.03  0.12  0.28  0.13  
2811  0.57  0.76  0.56  0.50  0.75  1.18  -0.12  0.39  0.05  -0.26  
2812  0.82  0.48  0.53  0.47  0.61  1.37  -0.44  0.53  -0.16  -0.32  
2813  0.65  0.36  0.42  0.31  0.74  1.29  -0.21  0.44  -0.06  -0.36  
2814  0.49  0.27  0.65  0.22  0.51  1.22  -0.17  0.69  0.10  -0.49  
2815  0.76  0.68  0.45  -0.04  0.60  1.47  0.10  0.75  -0.08  -0.65  
2816  0.55  0.68  0.06  0.13  0.55  1.18  -0.09  0.38  0.13  -0.69  
2818  0.67  0.26  0.29  0.16  0.77  0.96  -0.27  0.47  0.08  -0.34  
2819  0.60  0.62  0.49  0.05  0.71  1.20  -0.16  0.41  -0.05  -0.30  
2820  0.77  0.34  0.65  0.15  0.63  1.37  -0.40  0.54  -0.06  -0.34  
2821  0.69  0.67  0.48  0.40  0.84  1.49  -0.29  0.58  -0.23  -0.29  
2822  0.47  0.61  0.54  0.18  0.63  1.32  -0.26  0.66  -0.22  -0.48  
2823  0.53  0.55  0.40  0.38  0.35  1.18  -0.28  0.73  0.00  -0.51  
2824  0.59  0.34  0.30  0.49  0.48  1.42  -0.10  0.51  0.05  -0.38  
2825  0.84  0.43  0.76  0.51  0.53  1.32  -0.25  0.43  -0.29  -0.44  
