nrun   cer1    cer2    cer3    cer4    cer5    cer6    cer7    cer8    cer9    cer10   flag
90837  283.28  335.95  334.02  290.88  322.28  327.05  310.77  319.97  295.53  288.80  1
90838  306.48  295.69  292.08  296.12  296.73  297.54  299.79  300.05  304.53  300.72  0
90840  281.72  288.89  290.60  292.59  289.76  300.81  293.72  306.38  303.78  299.81  0
90843  379.96  306.07  334.39  298.87  323.95  309.81  300.10  296.92  262.38  290.06  0
90849  276.07  299.08  293.64  296.33  294.71  300.43  299.63  304.13  311.05  298.69  0
90850  276.70  297.34  291.79  290.16  291.84  301.55  296.19  296.05  304.77  289.99  0
90851  -1594.61  306.70  201.56  296.13  286.32  296.78  305.03  308.98  277.96  295.25  1
90852  301.13  303.99  289.79  299.19  297.64  301.43  291.89  299.16  311.80  303.28  0
90853  297.14  299.43  294.80  292.72  294.26  300.33  293.30  301.13  314.20  308.11  0
90854  291.43  301.88  298.51  293.66  291.29  303.03  294.76  306.39  310.16  302.65  0
90855  266.80  300.17  291.50  293.67  295.01  300.53  296.13  302.49  308.70  296.77  0
90856  285.75  297.99  295.26  297.14  294.29  301.39  296.46  305.35  308.26  303.96  0
90857  277.01  302.52  299.67  292.35  294.98  297.79  292.55  302.74  314.77  295.47  0
90859  266.54  298.20  286.11  303.79  298.78  295.85  291.98  301.47  318.83  301.12  0
90861  249.35  300.66  301.55  300.58  288.69  304.97  296.36  308.49  322.77  297.08  0
90862  274.27  298.09  286.64  293.51  296.45  298.13  302.40  302.47  306.54  305.76  0
90863  -698.91  325.96  329.53  286.42  332.18  300.33  307.98  302.59  326.66  369.98  1
90864  276.58  294.22  285.61  298.80  297.66  298.02  291.96  308.56  306.04  300.68  0
90865  294.56  298.54  299.15  300.95  289.62  303.72  299.33  308.52  315.81  292.96  0
90866  301.28  294.51  292.43  293.49  289.10  297.14  296.08  302.01  314.16  298.99  0
90867  289.52  286.69  292.94  294.86  291.43  303.19  296.88  296.66  303.03  306.17  0
90868  285.29  290.54  292.87  297.47  290.04  297.39  297.13  293.60  309.06  304.31  0
90869  282.93  294.20  293.71  295.87  297.67  299.08  297.38  301.18  305.71  307.79  0
90870  291.77  300.78  288.63  295.92  298.31  301.12  293.07  303.87  308.62  308.40  0
90871  279.46  303.35  299.84  283.81  297.97  295.90  301.60  307.83  312.12  305.67  0
90873  292.94  298.57  291.87  295.89  292.86  302.43  289.72  299.98  311.21  301.61  0
90874  277.91  296.68  292.14  297.59  293.06  298.01  294.76  299.28  307.53  301.27  0
90875  282.33  296.87  292.46  298.67  295.65  300.04  294.45  302.35  308.99  303.77  0
90876  283.12  293.48  294.16  293.11  292.28  300.80  293.27  298.46  309.00  300.74  0
90877  278.23  296.63  290.93  301.14  293.92  299.97  294.47  300.34  314.00  298.82  0
90878  272.67  293.83  294.39  294.92  292.57  301.46  295.07  299.90  309.80  301.22  0
90879  382.31  333.13  352.19  332.42  352.05  339.36  315.43  333.77  321.95  299.57  0
90880  422.93  347.00  402.76  417.91  426.68  391.67  397.48  405.01  316.82  313.75  0
90883  409.19  351.50  385.66  417.63  418.15  408.43  377.40  398.27  315.13  -652.91  1
90884  431.17  349.45  390.83  425.59  414.10  408.07  398.18  386.63  333.93  314.83  0
90885  418.30  351.71  393.08  405.68  418.15  414.72  387.53  393.33  356.05  -578.19  1
90886  427.10  349.26  388.89  408.94  416.11  414.55  387.65  412.04  301.45  331.64  1
90887  415.44  341.12  387.60  422.18  420.30  394.25  398.45  370.92  363.68  332.51  1
90891  422.43  351.13  380.06  410.00  409.68  395.50  389.85  376.36  359.18  273.97  1
90895  416.79  352.92  392.92  415.95  418.95  410.68  404.89  392.49  1437.37  357.23  1
90896  411.83  349.55  387.99  407.45  412.00  395.51  382.96  395.15  330.08  312.45  0
90898  412.78  353.50  396.00  411.57  418.55  393.83  388.23  399.87  348.32  293.82  1
90899  435.58  348.74  397.10  403.85  416.33  378.68  383.28  377.35  356.96  316.00  1
90900  416.01  346.52  384.60  404.85  414.39  403.77  391.84  385.30  306.22  283.80  0
90901  417.67  345.80  393.39  418.60  415.91  390.54  386.64  401.82  315.19  -305.91  1
90902  413.90  352.85  393.53  526.18  422.66  403.63  433.36  413.04  347.11  320.47  1
90903  418.98  348.51  388.78  413.11  415.86  380.66  407.53  391.51  246.86  311.24  0
90904  425.09  350.44  394.71  429.49  421.67  389.61  390.89  383.34  296.34  291.40  0
90905  419.32  348.21  395.88  433.64  418.17  389.53  393.02  391.38  247.42  282.58  0
90906  416.75  354.08  381.09  409.91  405.21  401.25  389.93  409.49  301.42  299.47  0
90907  423.75  349.01  399.59  414.76  414.59  402.86  393.25  391.00  379.69  343.49  0
90908  427.32  344.26  386.14  418.25  410.57  394.07  387.85  406.10  332.07  110.33  1
90909  412.09  346.79  385.85  409.96  414.90  394.96  404.44  395.86  304.58  295.03  1
90910  411.48  348.61  390.16  403.44  415.25  405.39  387.51  377.97  355.86  312.45  0
90911  420.04  349.27  396.68  413.43  420.14  404.04  389.46  389.38  468.33  315.72  0
90912  414.50  347.95  381.23  416.75  412.22  376.63  399.21  385.14  378.54  303.08  0
90913  408.24  350.73  394.91  394.35  413.96  433.30  386.25  391.26  324.46  465.21  1
90914  420.35  351.38  396.77  417.89  414.38  407.66  390.81  409.77  321.24  367.23  1
90915  429.59  349.83  389.66  410.75  420.83  401.38  400.60  406.48  361.30  309.48  0
90916  366.02  317.49  357.83  329.67  340.01  352.11  335.55  337.91  319.70  315.70  0
90919  422.15  342.74  397.46  425.84  419.17  398.29  399.89  404.57  461.19  311.42  0
90920  431.51  347.47  392.72  410.65  415.95  392.00  397.20  389.33  300.47  262.55  0
90921  426.14  350.36  384.56  411.40  416.94  403.61  382.45  391.53  477.32  505.55  1
90922  425.99  344.95  380.02  424.57  418.31  409.29  392.05  395.08  388.20  308.18  1
90923  416.30  348.46  395.07  410.89  418.75  397.16  390.68  401.54  352.66  319.31  1
90924  419.51  347.82  386.13  421.11  419.74  378.31  419.82  418.50  318.63  321.10  0
90925  408.11  346.63  380.61  428.79  420.95  383.08  386.04  394.11  312.43  343.79  0
90926  404.53  344.91  389.41  425.18  406.25  411.22  380.92  391.21  -578.72  332.99  1
90930  435.40  353.34  386.15  411.83  413.52  404.02  377.15  408.53  314.02  304.65  0
90931  417.19  344.03  393.06  422.00  413.27  391.91  400.25  407.81  320.15  327.53  0
90932  413.91  344.76  369.40  425.89  418.68  354.55  386.66  402.72  325.31  301.13  1
90935  422.93  343.17  393.72  814.24  400.76  381.71  396.01  383.24  318.18  -131.75  1
90936  288.05  266.19  264.12  293.92  256.49  282.09  270.27  277.98  308.84  299.34  0
90937  181.17  282.38  -448.28  281.93  265.00  318.59  317.90  277.96  390.50  311.66  1
90938  283.14  280.71  310.99  293.97  262.26  303.87  279.76  284.61  291.11  274.58  0
90940  437.10  353.23  381.39  412.12  400.52  398.81  385.26  398.74  332.43  320.04  0
90941  410.89  346.45  370.25  406.27  426.32  414.85  381.14  388.98  332.00  303.48  0
90942  268.78  263.69  173.88  292.17  252.48  305.24  301.80  282.37  325.58  194.51  1
90943  405.72  356.06  382.37  408.48  418.61  389.78  405.78  393.64  608.64  304.40  1
90944  422.82  344.93  389.61  358.15  422.27  403.35  398.37  384.55  457.25  347.67  1
90945  426.42  349.86  383.21  433.85  420.47  406.07  393.61  970.99  267.82  535.82  1
90946  411.23  354.90  331.65  386.34  420.07  347.47  347.44  381.97  292.83  370.99  1
90947  424.22  351.62  384.54  424.50  412.38  401.33  399.18  390.42  302.44  317.65  0
90948  431.98  350.29  386.64  432.23  415.13  402.56  392.03  399.63  343.47  -80.78  1
90949  418.16  348.35  396.70  408.96  414.22  410.84  387.56  400.92  291.19  383.48  0
90950  420.48  346.06  385.86  413.06  412.45  400.48  391.55  412.82  394.60  304.06  1
90951  422.98  345.46  384.32  404.10  403.65  383.16  385.61  396.12  321.45  300.12  0
90952  419.51  351.26  394.33  422.21  414.77  400.87  396.79  469.56  299.51  292.51  1
90953  410.90  353.89  388.73  421.54  416.26  402.82  386.34  406.69  307.11  320.95  1
90955  415.18  349.22  396.72  421.91  410.69  407.75  386.26  393.75  -290.93  306.80  1
90956  420.85  350.86  392.37  412.06  418.08  401.29  383.33  396.30  353.20  317.79  1
90957  422.73  347.34  391.32  415.28  416.27  401.12  363.37  411.38  398.25  302.85  1
90958  420.14  351.87  385.25  423.34  421.90  400.05  394.17  398.36  341.33  305.74  0
90959  418.85  347.32  396.52  433.12  421.49  385.84  401.67  403.14  322.94  307.57  0
90960  471.05  350.26  374.44  407.15  412.56  379.65  381.83  387.20  526.29  308.31  1
90961  410.37  347.51  393.70  399.64  406.67  377.12  393.34  402.02  329.49  331.02  1
90962  416.61  344.72  401.48  421.16  404.43  376.13  378.10  394.10  437.87  366.78  1
90967  418.06  347.21  396.57  404.84  416.70  409.88  393.20  397.56  315.35  324.76  0
90968  421.38  350.99  383.26  421.06  411.91  406.49  396.27  408.48  329.90  316.72  0
90969  424.62  348.19  385.00  394.51  412.58  388.40  394.65  399.31  318.19  302.01  1
90970  414.88  348.08  397.50  422.10  416.47  393.75  386.77  394.58  166.87  315.35  1
90971  409.37  347.64  382.45  418.25  415.04  413.46  384.03  402.09  311.53  316.23  0
90972  420.30  345.51  393.38  407.14  414.06  389.92  392.55  371.80  322.75  309.21  0
90973  423.95  351.98  360.22  401.08  404.14  418.53  397.22  368.47  327.08  332.23  1
90974  434.28  348.12  399.14  419.84  415.45  389.09  398.16  405.34  358.32  301.25  0
90975  418.27  347.31  396.31  429.61  415.45  405.71  395.58  400.18  448.28  310.57  0
90976  414.65  346.65  396.13  400.40  417.50  398.62  381.62  414.79  391.21  296.80  0
90977  422.45  349.99  382.61  413.74  419.44  400.88  397.15  399.40  436.47  323.56  1
90979  412.49  338.03  340.29  337.53  349.08  325.72  313.25  351.10  323.70  310.80  1
90981  437.95  349.35  389.20  410.01  416.07  418.18  390.58  401.54  387.26  280.17  1
90982  445.58  341.14  389.12  430.66  417.97  373.38  389.30  398.14  303.45  291.09  0
90983  439.26  346.64  394.57  410.19  414.11  389.79  397.46  390.41  381.99  326.47  1
90984  435.52  348.38  387.85  422.45  414.44  403.74  399.02  394.57  320.00  314.80  0
90985  434.90  350.82  382.32  427.05  427.14  394.14  383.07  408.20  330.36  355.38  1
90988  432.75  346.70  397.73  429.10  413.62  385.70  380.06  406.35  350.49  342.18  1
90989  437.19  350.27  387.08  426.27  412.45  408.36  408.34  396.61  530.10  321.27  1
90990  435.87  349.76  392.50  417.19  415.29  396.53  402.31  399.00  337.23  325.44  0
90991  423.96  350.25  373.03  409.90  418.61  357.42  397.45  404.90  374.13  318.40  0
90992  431.93  347.45  401.54  428.13  418.31  402.66  399.02  394.84  355.42  358.63  1
90993  438.57  348.48  395.00  417.41  417.12  405.98  404.83  403.64  355.37  302.99  0
90995  412.84  335.92  371.95  387.77  375.43  376.69  373.27  401.04  374.87  314.41  0
90998  279.27  274.82  282.32  303.22  259.28  280.28  434.73  283.45  315.87  312.43  1
90999  429.90  349.87  397.67  427.58  418.53  404.71  391.75  417.19  485.52  310.04  0
91000  436.76  345.11  390.01  434.34  421.82  398.91  381.41  450.25  368.47  320.97  0
91001  425.14  346.55  396.71  430.91  424.89  408.21  407.71  414.08  1074.46  294.35  1
91002  428.85  350.12  398.94  410.49  423.02  392.05  392.26  391.99  360.78  306.08  0
91003  425.86  347.53  395.78  418.14  410.77  405.27  396.79  396.25  384.77  314.40  1
91004  440.96  346.33  391.02  426.82  419.61  416.48  390.13  413.86  335.41  350.40  1
91005  433.08  343.13  397.65  414.88  414.78  391.94  392.24  411.82  435.36  316.56  1
91006  434.23  345.13  387.10  393.17  414.79  382.99  386.48  404.67  356.36  359.26  1
91007  432.29  350.30  400.47  410.66  408.34  389.70  397.65  393.81  315.35  301.44  0
91008  433.70  346.56  393.44  387.54  405.99  393.85  394.39  396.09  378.48  343.97  1
91009  438.14  347.62  397.03  405.25  411.93  377.82  366.15  394.52  809.87  289.94  1
91010  426.76  347.63  393.82  419.25  410.21  392.54  383.57  392.45  376.56  96.35  1
91011  438.93  345.68  395.81  425.84  417.52  406.16  392.51  396.56  380.61  215.06  1
91012  432.65  348.34  400.16  416.77  420.75  388.97  393.45  404.33  297.78  343.43  1
91013  430.56  347.58  385.72  412.67  424.71  426.19  401.49  417.71  350.66  301.08  0
91014  437.97  342.62  381.13  420.25  421.41  399.86  380.11  400.21  404.71  357.32  0
91015  427.36  346.44  398.80  404.18  418.46  391.35  402.20  386.06  319.58  307.42  0
91017  429.40  346.72  393.85  428.36  423.88  413.56  397.24  391.24  382.78  267.66  1
91018  434.27  347.79  395.29  409.49  415.20  395.69  400.65  398.48  331.00  312.19  1
91019  422.63  341.12  390.03  412.25  408.96  399.64  396.17  390.94  329.47  334.93  0
91021  428.91  347.72  385.68  421.56  418.82  404.63  388.09  397.26  364.38  424.51  0
91025  432.27  349.08  391.50  420.78  407.02  404.22  404.32  390.51  419.71  346.85  1
91026  431.48  349.86  384.61  418.56  415.68  402.63  389.24  392.53  324.52  303.79  0
91027  426.07  349.04  396.18  424.77  413.48  387.93  379.33  374.10  370.08  305.03  1
91028  423.99  347.92  404.92  426.28  411.20  411.92  408.74  385.98  371.75  299.48  1
91029  431.89  348.62  406.08  423.65  415.95  405.71  394.90  408.16  335.37  322.12  0
91030  435.19  345.03  389.83  412.57  412.46  415.50  396.71  388.28  328.13  318.42  0
91031  422.46  342.28  398.15  412.16  416.49  418.54  392.45  395.02  328.48  368.17  1
91032  424.95  346.86  390.59  406.64  414.26  391.29  397.75  409.08  553.43  294.47  1
91033  433.27  351.28  400.30  428.28  419.48  385.80  397.32  399.13  319.54  295.18  0
91034  436.60  349.11  389.41  429.01  414.06  394.80  387.97  399.14  363.39  -13.46  1
91035  427.87  350.45  393.50  426.62  422.03  393.09  393.22  374.92  296.01  335.10  1
91036  422.89  346.96  399.08  421.33  423.89  396.57  402.21  374.29  307.23  326.32  0
91037  440.47  348.50  406.54  408.30  406.94  406.07  404.24  387.19  352.96  326.10  0
91038  426.14  350.69  388.83  422.43  417.79  372.27  392.64  402.31  340.58  297.88  0
91039  435.78  352.24  387.82  412.70  407.71  402.85  381.47  382.43  325.45  305.79  0
91042  426.05  343.87  386.28  423.48  417.42  409.82  391.66  368.70  424.97  308.83  0
91043  424.01  338.06  378.65  412.55  411.65  388.33  378.37  302.56  330.27  58.55  1
91056  430.01  348.77  403.05  425.62  414.99  391.55  398.50  406.76  322.25  292.34  0
91058  508.83  349.54  394.47  410.04  411.83  396.56  408.85  364.39  402.30  399.02  1
91059  439.08  345.92  400.53  431.01  421.69  397.89  387.89  333.34  346.77  339.33  0
91060  432.07  351.46  392.56  428.95  418.84  396.37  392.28  331.92  -344.81  308.25  1
91061  438.20  349.30  396.57  430.29  413.70  400.65  398.19  316.74  344.63  342.50  1
91062  427.27  346.22  389.04  414.18  416.75  403.35  393.93  317.81  248.82  323.01  1
91063  426.51  346.13  388.12  401.37  402.47  378.27  339.65  395.86  205.14  291.23  1
91064  427.23  350.56  399.55  409.19  403.25  390.19  389.57  327.58  339.49  280.55  0
91065  423.47  351.06  391.75  420.53  412.60  411.46  401.22  360.34  327.33  337.69  0
91066  421.29  347.06  407.46  420.22  418.70  395.71  395.36  344.00  375.70  448.04  1
91067  427.78  347.22  381.12  423.49  414.25  393.28  394.72  358.01  374.85  342.14  1
91068  430.29  349.45  396.11  428.37  414.13  401.49  396.91  354.92  360.92  294.70  1
91069  438.98  346.83  381.06  419.13  413.78  394.40  392.42  318.77  324.64  340.36  0
91070  431.11  344.52  380.43  420.08  423.13  396.24  381.24  319.17  288.51  332.27  0
91071  423.82  352.58  386.24  425.65  413.10  389.47  403.92  313.66  350.35  317.60  0
91072  439.42  342.00  391.59  402.67  418.61  401.87  388.37  333.38  369.42  280.81  1
91073  434.51  350.74  389.20  428.16  415.24  409.14  401.14  300.77  395.48  311.67  1
91074  433.93  349.53  403.77  422.47  413.18  381.39  404.36  369.65  328.05  316.54  1
91075  432.40  345.78  399.06  447.28  415.88  394.89  385.20  318.23  297.56  317.60  1
91076  425.09  349.47  374.59  413.09  417.40  388.12  392.10  320.15  304.34  275.13  0
91077  443.36  349.79  392.54  422.31  425.64  401.56  385.42  248.99  -157.18  296.87  1
91078  430.48  351.36  389.80  411.16  405.76  390.56  406.44  332.29  380.86  309.85  1
91079  440.55  342.60  394.45  418.92  415.66  408.50  380.37  366.47  382.57  309.04  1
91080  431.14  346.42  386.53  418.10  418.92  396.67  397.24  319.26  315.62  356.48  1
91081  426.12  350.47  383.80  420.91  412.64  416.56  396.89  201.19  337.36  -1338.66  1
91082  425.90  354.88  390.03  417.26  418.41  400.91  385.16  356.43  352.59  307.82  1
91083  434.23  352.34  388.94  416.89  413.46  403.67  397.62  347.67  296.33  175.51  1
91084  440.46  348.67  384.41  424.57  415.88  405.82  411.51  317.37  322.72  282.99  0
91085  431.35  346.08  395.80  418.88  416.88  398.69  389.83  333.29  320.81  351.53  0
91086  449.40  349.48  390.68  415.41  425.09  392.08  389.89  320.69  310.31  376.43  1
91087  445.87  349.55  394.53  424.64  415.29  409.45  390.51  344.16  298.24  338.09  1
91088  449.91  345.22  396.61  426.77  420.60  398.68  395.64  338.79  344.86  294.35  0
91089  440.84  345.46  392.42  416.66  405.40  386.33  395.06  351.71  324.90  293.73  1
91091  424.84  333.27  347.57  376.65  348.92  306.39  326.79  317.50  315.55  320.30  0
91093  524.79  339.93  369.06  403.04  409.56  363.73  378.93  326.82  318.71  304.66  1
91094  431.94  346.27  400.30  428.44  423.24  407.49  395.15  236.20  314.79  329.67  0
91095  429.78  347.08  390.46  416.33  415.52  386.84  393.54  386.76  492.63  251.42  0
91096  428.53  342.95  406.87  425.68  414.49  411.09  381.10  332.03  379.03  305.48  1
91097  432.10  347.07  389.66  431.96  406.85  392.14  384.42  490.21  349.28  381.71  1
91098  430.46  348.51  394.00  416.95  413.92  380.78  404.75  381.78  403.83  355.03  1
91099  426.72  351.77  395.14  432.05  419.32  412.26  394.83  395.07  297.69  343.67  1
91100  425.68  346.05  397.94  425.88  412.55  399.01  393.00  359.97  321.49  304.14  0
91102  622.00  345.78  400.46  362.55  356.81  340.37  336.94  295.39  324.38  296.92  1
91103  422.36  347.88  395.61  419.85  415.79  396.47  380.52  399.02  341.04  312.23  1
91104  433.61  352.74  391.45  414.01  415.66  407.62  404.72  402.82  304.21  325.57  0
91105  426.47  345.85  383.15  421.44  418.86  411.22  401.04  386.39  325.36  313.59  0
91106  429.20  348.22  385.12  425.52  414.84  406.76  390.70  375.40  313.72  298.12  0
91109  295.76  272.96  276.87  300.72  271.04  280.05  172.60  314.74  304.40  291.64  1
91110  422.28  351.06  396.30  431.32  415.78  417.96  389.71  400.57  366.42  322.08  1
91111  427.23  349.92  399.07  433.00  411.06  413.22  391.65  400.37  410.13  308.00  1
91113  412.03  349.21  379.70  424.78  412.71  393.09  386.54  392.80  -456.98  310.04  1
91114  424.54  351.82  386.10  422.20  413.95  402.13  387.80  420.46  571.11  330.81  1
91115  439.07  348.21  390.70  421.14  414.95  404.12  400.47  385.87  382.26  341.79  1
91116  433.12  349.38  393.70  417.73  412.88  409.51  408.83  410.00  356.19  320.73  1
91118  426.05  345.81  380.44  419.95  415.69  404.19  384.05  371.62  341.27  300.71  0
91120  423.88  344.87  394.75  418.73  422.23  406.26  393.77  401.33  331.53  325.67  0
91122  1809.15  334.04  366.04  385.02  351.03  331.62  316.66  415.29  307.76  318.87  1
91124  411.77  347.60  372.64  429.37  411.48  410.41  391.75  762.41  296.53  300.64  1
91126  419.53  347.92  380.66  502.64  423.81  404.15  391.61  401.44  340.73  304.74  1
91127  430.12  347.16  376.76  413.12  412.72  412.06  376.90  379.58  301.75  400.89  1
91130  426.22  351.18  406.61  412.78  420.30  406.75  392.71  398.48  389.15  309.22  1
91131  415.64  354.97  383.33  420.13  414.71  405.42  384.04  395.92  313.55  339.69  0
91132  421.35  354.53  395.92  412.96  422.28  369.67  389.04  395.25  744.62  314.33  1
91134  395.70  342.32  386.24  477.63  367.17  316.76  320.52  309.14  313.42  331.91  0
91135  391.92  334.63  358.13  350.53  341.21  330.10  333.17  320.45  325.72  307.72  0
91137  424.98  354.91  382.99  417.19  415.67  384.25  395.12  395.10  335.34  316.82  0
91140  426.35  348.90  370.02  431.03  419.43  412.39  379.97  420.14  321.75  370.59  1
91141  292.00  263.05  298.43  315.81  252.45  295.66  280.24  296.93  292.05  290.81  1
91142  422.49  347.12  381.57  423.66  418.15  387.74  393.29  393.63  310.54  293.33  0
91143  425.31  343.04  376.48  418.32  421.93  400.02  354.08  386.67  475.10  313.37  0
91144  425.70  346.63  394.31  412.56  413.86  393.13  396.53  378.96  112.54  320.26  1
91146  430.59  346.51  384.77  425.69  422.25  401.61  392.42  372.47  306.72  304.32  0
91147  426.56  343.67  411.05  419.85  419.28  398.27  391.68  390.74  322.86  324.77  0
91151  303.88  343.97  381.57  402.89  403.15  387.38  371.02  316.43  324.68  353.37  1
91152  438.60  351.22  380.67  425.72  410.71  382.69  412.96  394.09  399.55  314.51  1
91162  179.97  279.12  266.63  310.66  252.98  294.76  288.85  288.64  248.18  352.38  1
91163  414.88  352.92  401.36  421.26  418.16  401.94  393.44  393.02  415.32  362.03  1
91164  421.32  349.29  395.70  428.89  415.86  407.76  392.63  370.58  408.21  319.95  1
91165  428.63  350.70  400.22  420.64  420.47  389.18  397.09  367.99  380.05  304.86  1
91166  422.22  349.76  383.50  423.96  418.59  408.47  393.47  381.44  329.57  307.68  0
91167  416.67  348.46  390.90  429.74  415.67  400.99  397.30  395.38  318.87  308.73  0
91168  418.25  356.86  392.58  430.06  411.83  374.98  398.45  379.17  379.23  317.96  0
91169  425.27  351.53  390.75  428.44  418.57  407.65  388.54  380.75  842.41  330.66  1
91170  423.80  351.47  389.35  428.00  413.13  408.19  396.58  376.48  432.35  358.22  1
91171  420.43  347.76  385.37  424.40  420.69  385.09  407.93  372.45  334.67  359.66  1
91172  411.02  351.24  395.89  421.02  413.98  378.33  407.29  343.54  354.46  358.01  1
91173  421.37  349.88  385.23  429.73  421.29  406.47  394.04  478.70  366.48  326.00  1
91174  422.37  342.99  376.15  400.74  414.14  405.32  389.26  374.68  309.95  317.17  0
91177  421.64  352.67  387.22  415.82  409.77  378.71  385.89  384.79  339.38  286.78  0
91178  424.80  350.48  383.60  403.70  400.15  382.35  378.05  331.66  355.62  371.84  1
91179  404.76  344.42  393.06  530.86  413.15  408.38  393.02  335.18  343.06  326.89  1
91182  419.89  351.37  380.58  421.58  421.87  382.26  385.59  356.64  314.66  320.95  0
91183  430.44  348.47  385.46  425.10  417.36  390.85  387.26  361.73  333.98  298.81  0
91184  427.23  354.30  396.79  420.12  414.48  404.75  397.82  359.02  411.59  -267.35  1
91185  424.59  352.70  385.85  421.23  411.46  404.15  400.42  376.06  314.83  323.25  0
91192  271.71  262.13  265.08  275.75  269.41  300.58  269.00  290.23  311.46  278.56  1
91193  421.67  354.45  389.42  431.13  417.79  413.17  391.55  357.90  300.76  333.90  0
91194  433.63  347.41  383.02  425.18  421.10  389.36  387.98  375.83  330.52  323.56  0
91195  431.45  348.13  387.00  425.41  417.24  404.18  384.01  400.08  327.42  375.86  1
91196  488.34  345.69  390.72  376.42  412.21  388.28  370.83  389.86  325.47  322.39  1
91197  421.82  349.04  404.19  433.89  419.91  402.24  391.76  379.81  329.28  291.27  0
91198  423.31  347.38  387.62  413.92  414.36  402.17  401.67  374.03  344.07  307.54  0
91199  424.60  350.82  403.84  401.56  418.31  394.75  387.51  384.03  376.39  333.76  1
91200  428.32  353.35  402.79  426.38  421.05  419.60  396.14  387.04  325.62  329.91  0
91208  395.64  333.93  363.20  355.70  331.59  350.59  329.92  335.23  329.51  330.07  0
91209  391.85  336.86  367.16  347.78  349.62  348.46  336.05  351.86  317.36  315.91  0
91210  411.27  339.85  387.49  375.26  349.66  356.27  346.59  351.47  310.89  306.37  0
91211  404.20  332.67  370.51  348.91  336.83  344.50  332.45  342.86  313.99  313.18  0
91212  385.32  331.69  370.46  358.42  344.18  334.14  339.61  333.75  303.76  304.28  0
91213  413.37  343.03  385.16  399.26  401.94  362.81  365.49  346.00  336.36  315.19  1
91217  231.34  274.08  305.82  280.36  267.88  272.25  261.23  259.37  334.82  295.05  0
91218  408.86  344.55  381.98  411.37  412.49  378.03  394.22  390.37  364.83  289.13  0
91219  1533.02  336.65  366.54  446.42  390.34  381.32  319.63  210.23  280.27  301.61  1
91220  422.66  349.91  394.03  435.32  425.48  418.91  396.37  382.82  369.98  307.40  1
91221  408.08  348.40  395.36  422.80  419.07  395.92  392.57  404.31  318.19  298.95  0
91222  412.69  348.46  395.19  412.67  393.85  388.03  322.97  403.85  354.18  312.18  1
91223  410.82  350.05  397.79  421.88  420.58  398.90  407.68  383.90  706.90  314.51  1
91224  421.33  345.34  396.07  411.72  409.80  399.15  397.77  419.65  314.24  314.08  0
91225  404.46  344.55  384.20  425.70  418.16  401.65  384.47  388.36  219.27  298.61  0
91226  415.35  347.82  392.89  422.75  409.43  404.87  384.93  388.19  376.98  298.90  1
91227  418.24  349.37  402.98  421.54  414.54  403.44  394.31  400.40  384.34  301.26  1
91228  409.84  347.23  396.70  426.83  417.77  420.25  395.83  381.40  379.97  263.15  1
91229  408.75  346.64  387.84  413.89  414.55  428.41  411.68  377.20  336.57  365.72  0
91230  409.68  347.05  401.09  422.08  413.90  395.74  393.93  385.60  341.29  297.51  0
91231  403.30  355.67  378.96  413.77  404.16  398.42  373.06  389.52  755.10  440.50  1
91232  421.21  351.52  394.06  424.44  415.82  411.40  400.25  394.68  398.40  443.09  1
91233  412.50  347.49  400.56  415.72  416.45  411.12  397.57  385.21  404.24  317.48  1
91234  402.95  342.01  399.45  424.19  412.97  412.88  395.21  389.31  340.02  332.54  0
91235  404.35  350.85  393.16  422.60  419.57  408.07  401.13  393.08  320.34  312.28  0
91236  420.81  352.77  400.91  416.84  420.22  404.86  397.05  407.70  337.61  324.62  1
91237  411.82  347.76  386.03  416.42  411.76  396.99  385.10  394.25  272.09  300.76  0
91238  403.86  346.29  393.74  421.96  415.78  400.84  397.56  400.92  379.58  361.91  1
91239  418.64  346.75  399.29  426.10  412.40  403.08  399.89  392.37  321.87  322.47  0
91240  402.88  346.81  396.22  430.50  416.31  378.59  385.88  402.39  333.30  304.57  0
91241  400.12  343.87  386.04  433.39  411.56  389.75  371.63  379.22  338.38  -404.72  1
91242  402.66  348.48  397.35  416.36  416.18  400.00  397.04  379.02  66.55  387.16  1
91244  412.94  344.30  394.02  408.64  411.85  410.63  386.65  386.96  327.86  310.23  0
91245  516.03  348.33  396.86  416.99  430.55  377.07  397.32  363.15  311.09  341.62  1
91246  410.14  346.53  390.69  422.63  415.54  383.27  404.20  380.42  -73.06  280.04  1
91247  424.85  346.69  397.11  428.69  416.32  379.30  395.96  378.50  317.02  302.68  0
91248  396.28  346.70  389.84  414.02  410.91  390.30  376.73  372.35  316.11  288.48  0
91249  411.63  341.81  398.35  417.45  414.43  395.42  398.78  396.25  474.01  355.64  1
91250  412.48  350.19  396.90  428.29  408.18  403.63  408.19  329.13  326.38  310.19  0
91251  408.88  344.55  404.38  413.14  419.32  394.88  387.65  392.58  334.03  312.28  0
91252  411.52  346.35  393.57  423.32  413.19  391.60  387.74  403.88  338.83  330.36  0
91253  408.03  341.72  394.43  407.64  400.23  396.67  374.19  391.67  305.62  -71.93  1
91254  420.77  348.27  405.72  409.78  415.85  420.82  378.10  422.34  388.57  346.71  1
91255  421.95  347.99  403.29  430.10  422.58  406.29  395.80  415.82  324.85  332.56  0
91256  419.69  347.95  400.60  425.10  416.32  406.05  388.19  406.26  479.50  309.37  0
91258  417.43  343.16  399.19  430.11  419.49  405.04  391.70  397.76  326.97  360.69  1
91260  407.17  342.70  388.04  405.30  416.05  404.38  377.01  379.33  358.73  308.71  0
91261  412.79  348.57  393.13  424.34  408.53  390.49  384.55  393.78  363.35  322.93  0
91263  417.37  343.96  398.81  421.65  413.25  403.25  394.63  408.26  394.05  328.01  1
91264  415.08  343.98  402.48  421.74  416.58  392.86  366.80  396.45  363.44  325.68  0
91265  423.60  344.33  395.02  406.24  424.12  399.90  389.44  405.88  355.50  358.15  0
91266  418.44  351.64  393.61  405.37  409.58  384.87  376.68  387.75  344.32  325.45  0
91267  425.11  345.73  401.82  423.06  415.63  393.01  389.67  414.49  387.89  314.81  1
91268  403.39  340.91  401.28  429.65  410.86  405.51  395.85  413.51  314.82  317.81  0
91269  417.39  344.87  394.13  407.56  413.08  391.93  363.44  394.46  310.62  326.06  0
91270  416.29  346.66  394.04  418.16  411.64  389.13  380.85  399.50  371.54  340.80  1
91271  416.74  348.90  403.33  425.77  412.96  398.37  395.43  412.00  377.96  307.88  0
91275  405.97  343.88  398.41  354.96  408.40  364.25  363.51  319.82  293.35  343.01  1
91277  375.78  343.19  380.11  338.11  413.22  363.60  358.73  362.16  317.94  316.17  1
91278  420.31  342.36  395.14  411.99  413.16  333.55  386.75  367.97  351.54  296.09  1
91279  474.64  342.38  381.22  377.74  399.25  372.04  357.89  360.92  318.10  335.37  1
91280  451.81  351.56  374.02  377.15  410.83  399.70  369.01  334.98  499.55  293.41  1
91283  400.58  344.47  383.45  412.22  411.49  366.84  364.31  338.46  300.82  312.95  0
91284  403.05  343.24  401.23  422.65  412.18  412.04  391.46  361.45  380.57  359.74  1
91285  403.65  345.29  384.91  423.98  413.40  409.52  393.07  381.73  355.04  312.41  1
91286  418.93  347.18  397.34  428.87  413.40  392.43  392.04  353.13  325.69  315.63  0
91287  414.15  342.96  395.48  422.08  420.00  391.65  405.02  329.69  340.16  496.28  1
91288  410.71  347.21  402.43  420.69  420.13  375.36  402.46  379.79  329.83  357.93  0
91289  404.21  348.46  387.02  409.20  416.91  394.55  380.45  361.58  328.70  322.03  0
91290  419.23  348.80  401.54  422.97  417.56  413.10  394.03  381.22  382.78  346.33  1
91291  423.17  348.00  390.00  415.69  416.03  397.47  382.31  364.72  313.17  318.36  0
91292  423.66  348.06  402.38  420.68  419.15  412.93  404.99  390.27  404.46  318.75  1
91293  422.18  345.13  397.66  428.75  414.61  398.85  397.91  362.76  372.95  328.27  1
91294  409.07  350.14  403.27  410.43  421.15  400.35  401.66  355.01  355.07  465.46  1
91295  393.20  342.69  397.39  403.06  416.05  413.17  361.04  369.07  364.78  678.13  1
91296  406.09  345.35  400.72  427.92  412.60  417.41  388.43  462.00  392.83  306.57  1
91297  413.20  351.78  393.66  425.70  416.80  400.34  379.30  353.12  366.68  356.67  0
91298  413.53  351.57  401.88  419.44  412.46  402.15  381.04  356.18  339.24  262.59  0
91299  414.74  345.33  404.66  426.37  409.00  397.58  375.54  357.09  372.64  305.37  1
91300  421.61  347.52  404.38  506.72  414.83  403.50  383.84  340.94  301.25  308.14  1
91302  405.35  341.04  407.58  427.58  421.66  414.87  399.69  355.66  388.61  326.60  0
91303  408.29  344.06  392.38  410.94  419.01  399.71  375.66  376.25  909.36  325.80  1
91304  411.17  348.03  395.81  426.07  419.40  393.28  389.43  370.25  335.85  298.46  0
91305  401.89  348.60  392.93  410.70  406.88  415.11  372.61  361.71  368.23  347.64  0
91306  406.35  342.31  390.57  422.83  407.00  382.22  387.29  345.88  -78.93  409.40  1
91307  415.56  352.12  394.36  423.25  414.43  403.63  392.36  389.90  340.18  290.53  0
91308  410.59  350.78  393.63  532.09  414.14  382.93  383.14  357.71  392.02  304.92  1
91309  401.02  349.50  399.96  421.50  418.98  430.53  389.87  365.05  303.72  369.34  1
91310  400.92  343.53  390.92  415.45  411.79  372.28  388.04  335.24  304.40  326.88  0
91311  408.56  343.04  388.47  415.11  509.10  680.21  404.00  369.77  392.30  354.26  1
91312  269.67  196.92  303.19  287.53  278.78  291.74  309.99  -1642.05  295.57  314.06  1
91313  404.84  344.80  404.58  415.10  419.50  411.51  392.44  383.74  359.01  356.99  1
91314  401.95  353.88  404.74  422.59  411.79  402.33  396.31  375.56  453.49  299.62  0
91315  391.85  345.41  396.41  416.98  415.33  383.63  390.53  387.00  311.26  368.50  0
91316  331.04  343.98  397.35  424.42  408.21  397.90  373.89  396.54  391.08  297.71  1
91317  413.37  351.65  403.15  425.47  417.48  398.53  389.93  372.24  333.35  320.75  0
91318  402.25  347.11  400.81  420.50  411.78  397.88  383.81  380.24  297.16  295.92  0
91319  395.68  344.03  398.77  422.20  419.35  419.99  386.20  359.04  344.01  373.44  1
91320  398.63  351.69  394.94  420.00  417.68  413.77  400.29  352.30  406.95  321.86  1
91321  399.28  344.24  404.01  414.29  418.08  401.29  400.51  371.05  644.32  290.40  1
91322  400.16  352.25  400.89  415.90  416.31  391.25  378.70  360.94  317.25  377.68  1
91323  402.62  350.62  406.44  428.12  426.35  396.90  390.36  376.45  343.41  443.16  0
91324  401.89  346.42  397.76  419.61  418.65  404.42  382.22  392.24  316.88  336.60  0
91325  396.19  342.54  404.17  400.06  417.52  401.80  385.89  367.20  409.76  338.16  1
91326  402.89  345.33  395.86  413.29  412.89  395.00  398.72  361.93  310.88  141.20  1
91327  402.36  347.83  406.29  415.60  417.82  384.33  397.58  395.51  315.23  312.91  0
91328  414.34  345.72  395.11  434.43  415.35  414.19  394.99  370.35  370.99  308.88  1
91330  352.84  326.79  318.61  408.23  355.30  374.43  325.59  297.34  321.51  349.42  1
91331  421.04  346.51  407.14  435.32  415.28  413.06  391.29  392.66  383.52  343.17  1
91332  424.94  350.59  398.22  427.51  416.71  411.23  388.71  378.16  341.47  359.84  1
91333  411.02  343.75  406.72  388.62  414.84  410.64  373.93  361.66  370.79  348.58  1
91334  415.84  347.62  396.25  428.91  420.72  406.70  400.73  402.21  384.19  314.67  1
91335  431.40  350.87  407.74  425.89  418.89  402.38  407.28  386.66  330.98  316.87  1
91338  348.85  324.66  381.68  369.32  332.19  344.12  340.10  318.58  312.25  304.44  1
91341  425.34  348.62  405.00  423.39  418.65  401.37  390.28  363.14  408.55  296.14  1
91342  416.75  346.38  392.38  421.69  415.37  403.04  394.16  369.06  382.43  320.98  1
91343  413.01  346.23  408.35  426.22  419.51  391.03  401.78  346.74  381.74  334.98  1
91344  408.69  346.74  393.12  425.33  414.63  384.08  400.75  349.74  384.20  311.64  1
91345  404.94  343.05  396.00  426.84  415.81  395.53  390.18  360.43  331.21  304.90  0
91346  413.09  341.00  397.04  416.39  414.23  380.89  376.95  352.05  296.39  335.54  0
91347  419.57  352.88  396.48  437.76  423.68  399.90  392.82  377.08  468.48  425.46  0
91348  416.98  348.98  402.60  427.08  416.44  408.98  401.09  360.48  335.90  187.53  1
91355  415.99  342.02  401.73  415.50  413.09  393.86  401.81  384.74  355.99  329.89  1
91356  413.19  343.83  405.54  455.26  421.45  392.71  382.68  365.71  383.47  312.44  1
91357  424.46  346.10  400.99  419.76  421.91  412.13  396.89  359.00  328.48  305.47  0
91358  409.47  351.01  391.22  411.42  422.49  397.24  399.89  375.14  355.31  292.83  1
91359  385.67  348.58  395.36  414.18  407.24  250.81  405.77  401.41  365.85  779.94  1
91360  421.32  349.93  399.20  428.89  414.05  412.12  399.95  376.53  571.65  312.09  1
91361  422.86  349.24  407.24  438.41  418.64  409.37  404.45  389.04  341.19  313.27  0
91362  414.47  348.34  396.04  418.55  419.78  400.43  415.01  394.90  294.91  649.76  1
91363  424.53  346.35  396.42  424.44  423.98  394.80  393.06  379.48  328.98  308.48  0
91364  409.17  341.08  391.24  408.58  408.79  398.11  372.71  364.80  374.97  323.89  1
91365  411.83  347.25  385.34  418.32  422.83  399.19  383.82  398.92  297.11  342.58  0
91366  405.66  341.33  380.58  413.90  411.84  378.80  379.11  387.52  345.35  330.54  0
91367  419.44  346.73  394.58  408.04  417.35  407.83  399.52  380.92  406.21  295.24  1
91368  418.06  344.52  402.69  416.58  418.88  404.82  390.49  379.44  312.37  284.80  1
91369  416.51  351.46  404.36  411.92  415.12  394.83  396.87  402.41  323.61  188.22  1
91370  438.83  351.53  401.87  420.35  424.54  396.03  393.59  380.56  346.55  310.86  0
91371  412.92  349.60  397.36  422.17  422.47  399.46  393.63  402.70  307.95  329.48  0
91372  414.84  348.74  400.68  426.87  422.33  420.64  411.65  385.41  364.98  326.16  1
91373  408.08  344.72  372.75  415.44  413.96  383.26  379.04  418.15  321.29  353.81  1
91374  419.57  348.43  390.19  412.91  421.40  407.54  393.59  388.35  297.14  282.15  0
91375  421.00  348.77  387.98  434.61  411.82  384.38  399.97  373.97  351.48  350.04  1
91376  421.68  354.55  397.87  414.64  426.27  403.96  395.54  374.36  334.28  314.71  0
91377  414.37  347.53  403.00  500.43  427.81  399.90  375.17  387.28  569.18  295.37  1
91379  420.89  346.81  410.26  425.99  416.76  407.30  402.79  386.12  415.67  318.83  1
91380  416.13  349.51  392.53  417.71  410.83  394.32  396.53  369.12  109.95  350.76  1
91381  410.12  350.13  404.14  416.34  414.69  395.33  395.92  374.32  353.60  335.97  0
91382  407.58  343.69  399.27  434.29  420.66  412.57  413.32  382.51  323.41  367.95  1
91383  411.59  347.23  392.20  424.12  409.89  393.17  374.58  379.42  369.62  312.07  0
91384  410.44  349.95  402.62  418.02  413.97  415.82  380.73  392.48  474.27  346.25  0
91385  421.97  348.42  392.74  428.73  421.72  405.07  398.78  373.55  497.06  314.87  0
91386  423.10  345.09  398.24  420.03  427.31  397.45  375.96  347.42  340.10  310.03  0
91387  412.50  353.58  402.77  417.66  425.01  414.34  390.62  394.62  275.46  302.33  0
91388  423.30  347.32  401.78  422.04  412.52  409.78  394.74  357.46  352.14  339.53  0
91389  409.16  349.84  387.99  411.03  410.36  422.41  375.23  378.39  326.86  323.97  0
91390  420.07  347.60  405.04  430.26  415.72  390.69  396.73  377.28  356.29  337.18  0
91391  415.06  346.01  392.37  414.98  424.40  411.43  388.05  378.28  381.54  301.89  1
91392  423.45  346.93  400.80  424.37  422.43  400.76  394.92  382.06  365.35  304.08  1
91393  418.50  350.11  406.29  501.44  414.61  410.09  389.79  404.36  371.98  319.45  1
91394  403.68  344.32  401.24  411.55  423.06  397.20  397.22  394.75  331.47  -342.92  1
91395  420.62  349.36  393.38  418.81  416.51  398.84  388.89  393.91  320.06  401.06  1
91396  417.28  344.99  398.47  414.70  416.01  402.39  386.43  390.16  352.68  298.95  0
91397  410.36  350.08  392.65  423.04  420.67  397.44  396.98  376.66  357.42  -217.78  1
91399  405.42  346.39  401.02  414.93  419.63  391.97  396.60  379.55  215.40  292.84  1
91400  406.18  346.21  403.33  415.68  425.69  388.72  373.22  380.81  364.58  318.67  1
91401  414.93  344.66  391.91  421.78  418.63  377.67  381.22  380.98  311.03  337.61  0
91402  405.79  351.38  395.84  421.12  416.65  411.01  378.44  396.02  329.32  298.18  0
91403  430.99  342.96  402.67  510.69  412.01  414.99  390.63  371.57  234.10  313.34  1
91404  402.64  349.70  384.73  273.83  416.92  394.13  382.47  392.24  340.07  -871.51  1
91405  408.45  351.20  399.69  421.32  420.24  385.01  377.71  412.76  318.20  304.62  0
91406  391.91  342.19  384.22  410.02  414.34  403.58  392.32  378.65  303.87  348.82  1
91407  252.13  274.34  272.54  303.26  248.89  287.70  284.22  304.05  314.18  262.55  0
91408  396.52  343.61  402.17  426.18  416.05  400.94  400.11  396.59  329.23  357.02  1
91409  407.71  341.78  404.36  431.61  422.86  403.93  404.17  380.31  376.50  436.78  1
91410  410.19  345.49  391.47  400.52  414.12  400.45  384.86  371.16  432.55  515.28  1
91411  410.95  346.76  396.34  419.84  422.70  412.21  386.43  376.91  362.93  325.81  1
91412  411.80  347.82  395.76  420.63  420.56  408.06  379.61  381.55  722.50  439.33  1
91413  425.34  347.99  397.49  432.81  426.65  400.52  397.65  393.44  866.09  309.90  1
91414  405.95  347.79  392.34  421.82  423.24  389.76  395.79  312.90  5255.49  374.64  1
91415  423.79  347.85  388.22  518.71  411.50  393.16  390.16  407.33  317.50  296.21  1
91416  412.90  346.60  408.67  431.37  418.07  408.25  390.10  401.28  309.27  359.34  1
91417  414.21  349.21  411.84  426.49  407.95  407.67  389.92  378.01  454.56  -507.44  1
91418  411.19  345.81  397.33  434.71  417.10  401.31  383.18  381.49  228.70  200.78  1
91419  414.93  348.34  398.30  422.81  421.54  395.64  396.53  396.15  416.20  355.16  1
91420  407.92  349.91  413.54  418.92  423.74  403.63  384.76  406.94  380.58  302.04  0
91421  415.26  348.36  402.09  413.74  423.80  393.82  393.21  382.34  338.91  296.74  1
91422  415.15  345.29  409.59  422.97  421.49  390.41  381.39  394.23  373.15  345.67  0
91423  408.17  346.67  395.46  430.35  414.29  399.07  384.31  406.75  372.56  319.99  1
91424  415.52  342.79  389.14  432.36  412.38  408.98  381.71  413.96  353.17  56.06  1
91425  411.55  346.54  396.15  444.50  415.28  400.93  403.27  409.66  358.40  314.73  1
91426  409.96  348.05  409.27  413.22  418.73  397.61  386.00  385.28  385.36  -132.14  1
91427  419.03  348.88  410.25  419.63  417.14  410.58  383.55  396.69  331.16  311.19  0
91428  413.27  346.02  400.91  430.76  419.23  397.36  393.43  392.23  316.92  399.89  1
91429  412.22  347.54  400.84  421.81  408.70  399.76  391.95  385.45  334.12  287.08  0
91430  414.38  347.04  393.16  419.29  415.73  405.12  390.92  393.03  338.14  331.91  0
91431  412.79  349.67  394.80  505.76  419.43  403.43  387.94  461.93  741.15  322.35  1
91432  434.54  351.86  388.22  428.53  419.46  395.20  390.41  389.00  339.53  296.68  0
91433  429.64  346.34  397.77  416.93  411.30  412.32  397.94  415.52  426.58  296.67  1
91434  430.82  347.19  410.03  422.95  417.78  412.65  388.20  388.71  351.62  531.74  1
91435  417.18  347.12  400.73  426.21  419.50  394.57  384.18  378.35  532.89  355.96  1
91436  418.13  344.22  399.88  430.94  421.57  412.40  406.46  392.49  324.19  355.65  0
91437  429.09  352.27  390.18  417.00  418.59  404.26  413.58  401.69  338.67  339.16  0
91438  416.73  351.68  395.58  429.45  420.00  397.32  393.62  395.73  411.69  310.36  0
91439  416.34  352.33  397.34  418.30  421.67  406.32  402.66  382.44  320.65  343.95  0
91440  405.16  354.98  396.19  424.44  422.88  407.20  404.10  389.16  476.49  317.98  0
91441  412.93  347.31  402.76  438.04  417.83  408.80  384.86  388.96  332.48  306.64  0
91442  423.64  349.79  405.46  421.39  422.57  411.13  393.67  401.62  308.79  370.00  1
91443  417.24  349.02  401.76  430.32  417.19  395.45  381.53  396.62  365.88  366.68  1
91444  403.47  353.37  398.31  412.15  416.79  406.42  401.87  392.59  314.44  359.43  1
91445  407.75  351.13  388.60  430.86  419.81  403.40  392.53  385.60  330.54  295.65  0
91446  414.25  350.23  396.54  421.51  420.49  396.23  390.12  393.81  310.34  435.01  0
91447  413.76  346.05  404.41  431.43  421.03  413.47  392.74  397.72  299.30  358.62  1
91448  424.10  346.84  398.40  417.96  415.15  393.16  390.38  396.76  333.09  280.81  0
91449  425.73  349.86  394.23  413.93  418.74  395.17  399.30  379.57  311.33  352.90  1
91450  416.04  348.48  398.45  418.23  418.36  397.72  389.81  386.11  367.65  307.46  1
91451  403.33  350.95  396.98  412.77  413.25  386.21  384.29  396.80  221.80  467.28  1
91452  416.30  347.17  396.61  426.25  413.04  402.52  391.58  370.91  486.87  388.11  1
91453  418.94  349.02  395.87  435.83  416.23  400.82  384.61  385.09  358.59  309.75  1
91454  420.69  346.42  387.74  411.18  411.87  387.77  390.80  388.92  342.66  302.06  1
91455  420.79  344.42  399.14  428.68  417.24  416.72  385.30  371.14  379.08  344.65  1
91456  416.97  346.26  397.29  430.77  420.39  401.06  404.09  396.75  392.90  297.93  0
91457  412.11  349.27  384.37  424.36  420.11  386.08  400.01  396.79  441.76  339.95  1
91458  414.51  348.83  411.89  427.46  417.22  398.55  402.52  378.22  314.47  378.55  1
91459  413.28  347.30  388.18  417.32  415.85  400.14  401.29  396.67  390.32  307.38  1
91460  403.86  351.72  384.22  429.82  421.87  420.12  383.26  387.85  329.33  310.85  1
91461  407.50  350.24  393.12  418.67  420.26  426.95  382.63  405.86  336.64  336.23  1
91462  418.74  348.04  405.60  428.00  413.01  407.45  385.97  398.51  340.37  339.43  0
91463  373.27  351.80  409.97  408.95  412.93  375.60  396.17  366.27  660.38  334.38  1
91467  422.74  350.19  402.07  421.72  424.43  405.56  400.64  386.75  351.30  297.94  0
91468  416.84  345.61  395.58  430.66  421.34  413.19  405.39  389.18  333.19  331.05  0
91469  420.36  347.30  407.86  431.22  414.14  399.05  393.61  386.82  442.56  302.14  0
91470  423.05  347.70  394.89  415.38  416.30  402.11  402.86  380.98  360.77  318.37  1
91471  414.17  345.79  399.56  427.30  420.03  396.59  385.43  384.60  370.84  460.01  1
91472  428.65  346.67  395.67  419.70  420.64  414.28  392.80  385.98  347.37  311.39  0
91473  420.28  350.93  402.31  434.20  411.79  401.57  390.49  393.86  332.46  307.46  0
91474  412.28  348.57  404.74  420.23  416.84  386.72  377.75  394.81  320.20  338.27  0
91475  404.16  345.82  394.15  422.38  426.41  401.89  390.38  392.89  325.40  335.09  0
91476  421.15  341.33  398.07  425.12  418.80  402.38  394.96  397.53  404.72  307.72  0
91477  423.77  343.84  395.74  410.01  423.83  401.00  382.54  392.42  290.36  270.37  0
91478  416.42  351.21  403.78  502.90  420.07  404.53  379.96  403.27  403.31  335.07  1
91479  423.07  349.40  395.86  435.55  412.14  420.19  385.27  385.36  317.86  302.95  0
91480  414.93  340.71  395.23  430.68  421.78  395.87  409.13  389.82  357.83  326.54  1
91481  410.85  346.17  402.14  430.06  419.62  398.00  406.21  388.96  409.60  322.11  0
91482  413.25  347.71  404.50  429.62  424.08  402.57  394.43  399.42  365.29  345.28  1
91483  418.56  351.88  393.39  430.77  420.20  413.24  387.52  399.76  349.05  316.19  0
91484  422.96  349.58  397.48  419.46  416.63  397.62  394.45  392.48  339.84  311.77  0
91485  421.86  347.46  399.52  422.07  415.33  394.06  386.10  386.36  317.88  323.07  0
91486  406.07  341.13  383.20  408.15  421.39  383.27  362.11  362.47  -1283.61  294.77  1
91487  415.93  349.30  387.97  428.31  417.17  418.42  405.69  398.59  348.99  316.24  0
91488  416.18  349.50  393.62  416.68  420.96  407.25  392.39  371.01  311.20  296.90  1
91489  420.62  349.15  391.03  423.45  418.43  415.29  397.63  406.10  308.40  333.71  0
91490  417.54  348.29  400.92  436.99  412.04  398.84  381.99  410.83  344.09  300.50  0
91491  411.44  347.88  397.96  425.80  421.20  411.41  391.71  381.99  373.62  326.55  1
91492  416.58  348.28  400.61  423.59  417.14  421.16  396.48  401.79  373.40  307.40  1
91493  433.19  351.51  403.86  425.58  416.63  422.48  401.39  408.04  342.34  309.49  0
91494  416.21  344.53  400.09  412.04  420.67  404.66  386.34  408.78  289.07  316.03  0
91495  408.93  347.30  391.88  419.01  419.39  402.47  380.62  392.94  1669.22  369.15  1
91496  422.04  344.28  392.38  416.90  417.36  393.49  401.95  386.37  322.50  332.02  0
91497  406.98  344.37  399.82  413.43  422.53  417.56  387.29  409.21  321.57  332.81  0
91498  407.13  348.44  395.53  428.13  418.29  406.84  395.82  396.41  362.02  295.11  1
91499  414.78  352.75  396.30  423.97  423.32  409.14  376.70  403.00  379.14  766.43  1
91500  423.07  348.08  398.29  421.04  420.42  406.81  396.94  396.69  338.83  308.97  0
91501  397.36  351.79  378.47  394.96  407.59  396.27  368.42  385.35  480.28  829.42  1
91502  418.02  343.70  393.32  424.28  424.34  409.53  383.54  398.07  417.47  309.22  1
91503  414.77  349.17  398.47  433.88  420.74  398.22  385.89  392.36  359.87  186.72  1
91504  414.45  345.54  395.80  415.80  415.30  379.44  392.19  403.03  426.55  351.25  1
91505  414.49  348.22  397.48  411.87  413.17  415.64  395.34  401.93  200.15  327.71  1
91507  422.64  347.53  405.14  424.55  420.58  398.56  397.58  399.37  322.04  190.90  1
91508  419.16  348.99  400.73  423.08  420.32  392.47  384.64  391.34  351.36  -237.04  1
91509  422.67  348.07  405.17  418.16  422.30  402.47  389.95  402.17  322.23  339.02  0
91510  416.82  344.09  388.36  418.83  421.36  396.51  401.42  409.83  319.02  342.98  1
91511  428.04  346.03  394.10  419.32  421.93  404.42  394.31  398.81  305.12  308.30  0
91512  410.04  344.22  400.01  421.09  421.17  399.08  393.20  405.56  323.75  308.72  0
91513  418.41  343.17  400.12  423.46  423.21  388.26  407.01  408.28  319.17  346.27  1
91514  415.02  349.64  398.54  429.31  418.05  402.81  393.48  406.09  385.13  287.73  1
91515  418.15  350.47  400.88  428.56  427.19  387.77  385.96  411.86  666.82  380.20  1
91516  418.03  347.08  392.74  410.76  424.34  419.67  392.97  385.87  226.20  301.25  1
91517  416.44  348.53  402.49  427.97  422.83  403.73  387.52  393.49  370.86  275.58  1
91518  407.86  345.49  395.11  438.04  421.92  414.07  406.83  384.62  353.69  328.60  1
91519  422.18  343.29  390.17  413.15  422.17  394.59  399.94  383.05  330.75  304.69  0
91520  423.47  348.10  390.55  418.09  419.05  403.42  401.67  388.44  732.16  358.52  1
91521  412.14  350.98  399.28  427.38  416.37  401.42  394.89  396.46  310.17  322.04  0
91522  415.50  344.58  387.16  432.33  417.14  409.05  393.75  418.25  328.61  295.69  0
91523  411.21  344.36  397.73  425.09  420.06  392.10  390.39  387.17  409.52  322.88  1
91524  408.27  345.53  394.77  415.97  419.33  401.70  381.61  409.51  394.13  346.97  0
91525  415.00  347.28  396.23  422.26  419.03  402.59  397.90  410.92  395.34  305.69  1
91526  419.27  348.93  387.85  425.95  417.48  412.23  393.79  401.14  356.96  345.84  1
91527  413.92  348.39  395.78  415.18  415.48  393.60  373.56  387.02  322.42  299.84  0
91530  276.34  264.95  321.20  280.73  276.32  273.86  288.57  310.71  286.16  309.27  0
91531  425.53  344.42  393.77  417.04  417.67  388.28  380.04  380.30  324.41  311.43  0
91532  414.43  350.16  397.01  410.89  417.78  414.90  412.66  377.69  362.14  355.76  1
91533  427.45  351.90  395.40  426.07  414.55  406.10  389.61  401.59  364.37  -231.07  1
91534  417.36  348.96  407.43  426.46  414.11  394.28  399.55  381.72  355.73  324.35  0
91535  415.82  346.69  389.79  420.70  413.53  396.63  375.32  372.01  326.53  339.40  0
91536  420.29  346.22  399.47  520.89  418.51  403.68  386.49  375.99  366.68  345.69  1
91537  421.85  343.04  408.60  421.28  421.34  427.26  369.74  382.07  333.15  359.66  1
91538  410.96  350.13  406.73  425.24  423.90  397.52  391.94  396.55  364.57  319.04  0
91539  427.10  349.98  405.97  417.95  410.15  413.97  386.90  382.83  350.53  305.38  0
91540  424.20  346.27  400.88  422.65  411.09  401.83  385.02  381.14  336.47  537.98  1
91541  422.90  349.59  397.80  419.88  413.49  415.49  397.15  371.67  564.44  366.16  1
91542  420.23  349.20  395.34  411.49  416.50  397.61  396.18  369.46  359.91  320.07  0
91543  433.39  346.82  379.25  420.37  415.97  379.02  364.35  363.18  364.91  272.65  1
91544  404.78  353.54  391.78  425.19  418.88  409.48  397.62  363.05  361.45  310.63  1
91546  410.69  345.51  401.21  502.30  421.89  398.24  394.36  371.57  203.13  299.74  1
91547  422.46  348.82  409.10  428.98  423.14  394.97  403.47  372.03  402.38  338.88  0
91548  422.51  348.20  390.55  422.05  427.08  400.94  384.09  360.31  418.83  347.96  1
91549  433.22  351.06  394.18  426.53  425.94  400.19  384.20  389.50  334.59  306.79  0
91550  422.87  341.94  402.78  428.55  418.31  394.18  373.01  373.14  280.52  352.31  1
91551  416.70  345.38  398.75  413.76  415.77  400.56  391.01  348.23  294.46  297.26  0
91552  418.28  347.44  393.56  433.84  415.45  405.78  391.88  370.38  391.51  -81.85  1
91553  262.68  273.07  283.15  302.45  265.19  286.89  269.55  271.51  303.06  292.26  0
91554  421.25  347.58  397.16  417.59  421.13  405.23  386.75  376.69  244.48  320.21  1
91555  418.44  348.84  393.81  431.68  419.75  399.61  388.16  301.63  328.09  321.25  0
91556  408.54  352.67  405.39  421.00  417.82  407.74  404.13  345.61  387.40  309.11  0
91557  412.23  351.70  413.11  428.36  421.87  413.51  382.65  388.70  534.04  323.83  1
91558  428.73  346.04  399.72  412.08  418.31  402.05  384.93  382.83  315.85  375.50  1
91559  424.41  345.61  393.25  417.92  416.96  416.11  403.00  356.13  400.03  313.30  1
91561  427.08  345.57  395.25  418.41  416.41  401.29  386.26  317.74  749.87  297.71  1
91562  425.57  347.03  392.67  433.05  425.03  413.62  405.77  335.42  380.11  393.36  1
91563  423.16  344.47  401.64  425.02  415.92  397.90  382.62  333.57  379.56  311.35  1
91564  425.50  345.69  397.37  421.08  419.55  405.06  382.50  389.20  323.74  673.15  1
91565  419.82  345.32  403.51  427.46  416.33  406.54  389.63  374.94  299.42  317.83  0
91566  418.17  343.60  399.22  420.90  418.09  413.82  398.30  355.90  342.35  308.49  0
91567  415.18  350.56  388.66  434.49  422.45  381.00  396.79  356.11  401.19  301.30  1
91568  421.57  345.44  397.61  424.55  420.22  399.23  386.02  334.37  413.56  304.11  1
91569  402.52  346.96  389.19  423.62  411.35  397.78  388.12  378.67  327.46  346.50  0
91570  410.72  345.84  405.14  428.95  430.96  410.37  391.57  337.60  -170.42  144.63  1
91571  403.66  350.56  411.17  409.15  414.94  387.68  365.83  332.26  352.15  442.72  0
91572  407.74  343.26  392.13  414.81  413.70  408.91  398.97  330.85  348.66  276.17  1
91573  409.01  347.67  391.21  424.37  411.89  392.36  402.62  311.26  319.43  292.74  0
91574  421.24  349.13  394.61  431.75  415.89  373.90  386.27  327.76  382.91  324.97  1
91575  405.42  350.53  398.79  424.90  412.23  410.12  388.32  316.82  365.15  306.22  0
91576  413.25  345.89  392.21  526.28  420.32  403.81  408.76  372.44  350.63  79.75  1
91577  418.29  349.10  391.70  396.45  407.67  408.23  370.48  297.53  307.89  333.66  1
91578  417.18  348.02  397.68  409.94  414.52  416.82  388.43  300.85  372.23  -814.20  1
91579  420.53  345.73  396.42  409.37  421.89  395.40  396.74  358.76  322.33  360.50  1
91590  421.91  346.40  404.01  434.62  429.93  431.13  412.18  420.70  2081.02  1086.69  1
91593  331.85  330.86  468.57  368.18  907.57  346.99  317.25  321.10  286.76  325.10  1
91596  364.45  327.58  365.57  391.51  373.75  350.48  330.60  339.92  316.09  341.71  1
91597  290.58  219.13  281.95  322.73  258.57  318.29  288.39  294.70  302.22  265.53  1
91599  256.15  269.03  291.48  294.85  270.54  309.97  280.63  283.65  290.94  262.00  0
91602  373.76  354.52  404.15  341.39  416.18  273.02  332.45  323.08  308.28  352.39  1
91603  437.04  328.54  374.62  430.16  410.60  365.88  338.07  364.13  299.12  348.62  1
91604  399.77  346.04  364.84  379.08  419.04  400.95  348.20  341.99  378.59  321.23  1
91605  429.93  333.58  396.48  413.15  416.01  404.03  373.41  368.72  329.55  317.40  1
91606  407.92  351.54  375.08  412.27  416.38  413.24  386.40  349.08  355.97  280.48  1
91607  434.45  338.35  387.99  401.30  402.47  415.16  388.76  395.45  433.80  -361.00  1
91608  426.69  352.66  389.16  407.64  421.51  392.05  356.60  365.84  375.32  329.53  1
91609  397.24  338.62  401.39  2017.93  400.17  456.58  328.61  345.58  -45.64  342.68  1
91610  405.59  354.88  398.82  428.10  423.01  370.00  355.95  365.42  391.12  -489.08  1
91611  404.74  348.39  394.66  418.78  418.81  388.52  485.24  373.91  324.00  310.98  1
91612  398.39  347.34  386.49  417.03  410.23  384.29  403.78  488.44  326.86  348.17  1
91614  413.16  342.41  385.09  412.99  412.14  392.55  361.34  361.52  325.07  332.86  0
91615  420.21  347.51  389.68  421.40  414.46  381.75  393.32  361.05  324.95  324.28  0
91616  428.42  343.02  383.02  383.21  407.65  393.76  405.68  266.32  371.66  251.42  0
91617  301.37  308.22  318.89  312.83  309.00  314.55  298.44  292.40  321.80  308.23  0
91618  306.27  305.05  313.30  318.09  312.60  314.14  299.11  290.45  313.50  299.91  0
91619  293.93  303.46  317.27  315.43  303.67  313.76  302.52  287.68  313.20  300.15  0
91620  304.43  301.67  315.76  314.48  302.22  311.68  304.54  286.00  314.80  308.04  0
91621  283.61  304.72  321.59  314.60  308.18  313.66  299.78  294.68  317.59  310.11  0
91622  333.60  308.12  318.97  315.22  304.85  314.84  314.38  297.28  321.56  309.17  0
91623  299.22  299.71  324.25  316.03  308.59  311.32  309.11  291.73  318.83  311.53  0
91624  303.64  300.11  314.18  317.32  290.21  312.70  300.14  297.01  314.58  310.41  0
91625  438.42  305.22  338.17  315.61  332.32  323.19  320.93  330.80  310.62  309.74  1
91626  385.97  323.85  321.56  353.82  282.90  324.22  315.21  300.91  -52.89  348.24  1
91627  350.67  328.97  329.20  315.92  330.07  313.42  296.73  308.73  302.70  311.60  0
91628  338.79  317.46  322.19  324.39  323.17  304.77  311.36  298.53  306.24  291.51  0
91629  351.84  316.45  328.69  317.57  326.72  314.69  307.30  303.29  310.05  322.80  0
91630  320.80  322.82  321.76  333.01  324.63  303.54  296.99  327.25  295.97  277.62  0
91631  321.03  312.80  346.21  328.41  312.34  326.96  311.57  305.61  299.49  306.65  1
91632  385.71  308.94  340.39  317.47  300.00  311.76  302.01  299.09  300.94  312.71  0
91633  417.31  315.38  298.65  375.23  284.11  384.53  337.09  334.95  334.87  313.11  1
91634  344.79  308.03  320.55  320.37  302.95  318.02  306.15  298.57  305.73  308.92  0
91635  341.21  315.54  326.93  330.15  318.50  319.94  312.04  303.93  314.47  306.16  0
91636  364.99  319.74  331.74  322.16  307.90  323.82  324.78  299.77  319.85  311.67  0
91637  356.39  311.22  329.32  329.53  320.24  321.17  315.58  298.16  318.74  302.62  0
91638  361.88  307.43  327.92  332.61  296.72  317.57  316.59  295.57  323.23  315.88  0
91639  294.15  334.51  328.66  315.61  244.79  294.99  291.85  271.72  295.08  301.74  1
91640  310.49  269.14  320.56  463.41  270.02  289.73  298.44  326.71  312.08  -257.04  1
91641  282.62  302.63  311.34  304.60  276.10  307.41  293.31  283.31  308.02  312.88  0
91642  279.65  291.41  309.80  295.32  287.73  308.89  288.26  284.84  310.73  296.07  0
91645  254.42  283.59  328.74  325.25  292.01  295.97  291.31  288.31  208.29  315.02  1
91646  331.53  309.08  321.60  311.26  296.20  315.42  300.57  301.72  284.93  305.60  0
91647  299.90  288.12  317.29  301.05  279.72  327.31  295.65  290.37  307.71  191.37  1
91648  379.66  321.27  323.03  329.74  313.65  322.64  296.38  299.06  331.49  302.72  0
91649  415.29  289.17  341.55  313.35  304.98  302.67  372.75  296.08  322.01  -1452.92  1
91650  380.49  324.45  335.05  331.58  318.49  313.41  318.85  302.00  299.49  306.60  0
91651  402.45  317.02  346.07  319.59  316.39  332.59  328.55  327.72  305.20  298.44  0
91655  428.07  342.76  383.70  414.19  417.72  392.46  382.95  374.84  305.25  325.36  0
91656  421.02  344.88  392.56  406.04  416.84  365.81  382.38  373.61  310.94  323.27  0
91657  424.82  352.06  385.46  442.77  410.97  396.39  364.70  370.61  950.18  -630.25  1
91658  427.13  353.81  379.08  415.09  415.20  388.78  383.04  377.77  357.29  314.96  1
91659  433.29  345.13  399.78  414.65  412.29  403.70  376.01  395.65  375.46  345.44  1
91662  426.13  344.04  383.44  420.00  415.09  389.93  401.61  373.18  310.15  302.72  0
91663  417.46  344.97  387.07  420.37  416.12  403.60  388.89  380.58  365.76  325.97  0
91664  422.04  346.40  369.84  424.01  411.28  397.69  397.22  398.84  305.91  315.82  0
91665  422.95  345.92  390.22  414.61  410.53  399.27  392.84  381.33  325.73  349.06  0
91666  420.56  352.28  390.60  397.89  415.43  389.63  372.98  363.10  200.40  338.70  1
91667  433.07  348.55  393.15  440.68  423.31  398.70  384.45  401.11  381.43  480.80  1
91668  428.17  349.73  396.33  424.64  423.85  400.45  397.00  385.10  289.47  331.03  0
91671  439.11  346.55  411.94  441.87  418.17  405.60  405.62  405.44  357.77  419.60  1
91672  -130.09  295.12  304.99  208.39  269.82  320.35  316.06  328.19  307.22  293.18  1
91675  419.36  344.09  391.53  450.14  421.34  418.12  382.42  399.29  1178.58  411.92  1
91676  426.74  355.46  398.04  420.51  432.67  423.04  382.18  396.94  347.64  301.63  0
91677  419.16  357.57  399.64  546.77  423.63  403.29  412.68  382.59  368.09  332.53  1
91680  422.63  350.19  386.11  476.00  433.16  413.18  381.55  404.88  283.09  319.21  1
91681  421.07  355.04  398.84  1008.50  432.31  416.20  388.34  403.65  272.42  341.30  1
91682  414.45  362.86  399.39  434.17  432.21  419.87  380.57  406.15  399.71  322.28  1
91683  447.17  344.68  387.92  437.13  424.04  421.25  384.13  491.56  345.67  1138.88  1
91684  420.05  348.19  396.94  426.48  421.09  405.87  402.27  388.51  302.92  494.98  0
91685  432.61  350.51  382.69  361.57  419.92  399.23  398.44  377.29  354.57  292.61  1
91686  424.31  348.64  398.81  426.88  433.84  409.55  394.37  388.57  321.43  337.89  0
91687  420.41  348.61  407.30  430.53  442.34  400.12  393.97  377.16  302.57  294.70  0
91688  430.16  348.45  398.86  434.34  433.47  411.22  389.99  395.40  291.60  -269.73  1
91689  433.54  352.64  392.71  425.57  438.79  405.17  397.84  383.84  357.01  283.87  1
91690  428.97  348.07  400.82  428.81  434.89  406.24  393.86  391.18  383.52  374.59  0
91691  419.16  350.02  397.20  430.33  427.54  391.71  382.95  384.19  424.06  373.68  1
91692  430.17  351.91  398.26  432.32  425.13  416.98  398.50  394.48  478.28  337.96  0
91693  428.34  346.61  396.93  423.85  423.33  395.58  389.36  366.36  376.16  316.55  0
91694  431.50  347.54  383.80  419.82  427.20  400.24  371.62  405.10  314.45  340.72  0
91695  428.09  346.61  390.81  424.51  430.36  401.98  393.96  392.50  358.48  334.79  1
91701  282.71  286.18  290.62  313.67  263.99  312.86  297.42  274.11  313.34  318.27  0
91703  277.08  284.11  312.45  320.35  261.90  296.11  303.57  289.45  296.96  277.82  0
91712  415.03  353.80  405.24  431.32  414.24  414.42  407.17  375.94  385.39  197.44  1
91713  396.03  335.94  389.52  388.91  412.75  399.08  371.50  378.92  365.84  307.38  0
91726  416.71  350.84  381.87  440.42  428.37  397.69  366.35  400.13  344.45  282.18  0
91727  435.69  345.99  387.07  270.35  436.27  409.42  378.48  407.28  1070.12  -379.10  1
91737  420.79  351.72  395.98  438.61  438.34  401.31  390.96  391.47  348.31  310.35  1
91748  423.72  348.77  397.45  420.99  417.93  387.43  358.05  397.37  405.20  335.87  1
91751  420.20  349.14  391.15  429.09  430.54  400.91  395.66  377.54  284.72  155.85  1
91752  446.65  345.82  388.18  405.95  419.21  379.10  356.07  411.33  339.24  297.07  0
91756  413.19  338.81  397.92  2559.56  424.01  398.72  463.16  405.92  341.48  368.73  1
91759  418.38  345.60  405.15  422.54  422.84  378.52  394.13  408.41  303.71  345.76  0
91760  422.10  352.06  397.96  425.87  433.30  424.38  395.05  381.62  305.90  324.44  1
91774  419.83  325.82  396.45  390.51  417.48  338.11  326.78  386.68  281.40  313.68  1
91775  425.26  351.32  401.38  417.34  424.34  401.40  395.21  393.62  345.49  326.97  0
91777  424.44  346.48  392.96  423.70  420.11  395.00  390.44  361.26  350.03  310.00  1
91779  421.92  346.52  385.90  439.72  406.18  403.41  367.75  382.77  491.92  335.92  1
91780  420.03  346.26  393.48  410.63  413.89  399.70  384.94  385.46  367.55  335.90  1
91784  297.38  269.15  267.93  283.15  278.45  295.96  277.56  292.44  301.66  306.48  0
91786  424.19  348.92  409.33  432.07  434.02  400.31  394.06  395.95  1750.93  332.51  1
91787  423.21  350.24  382.92  430.51  413.01  407.62  400.38  379.11  510.12  276.11  1
91788  426.93  347.69  391.06  439.84  427.58  406.51  393.87  400.11  411.28  351.61  1
91789  418.25  349.73  395.36  438.55  424.58  407.35  394.95  405.29  460.52  404.00  1
91790  431.42  347.67  398.30  428.00  423.51  401.09  401.81  386.18  384.17  394.72  1
91791  423.02  350.52  394.97  428.35  425.51  399.82  403.02  383.40  407.17  312.38  1
91792  421.75  345.69  393.02  424.47  422.74  397.27  393.43  391.91  317.75  498.35  1
91793  414.09  351.99  386.35  487.87  415.51  402.00  374.82  359.21  356.17  314.22  1
91794  420.20  351.25  400.87  446.24  416.10  415.91  392.79  386.55  498.76  373.17  1
91795  422.67  348.93  397.69  429.68  420.50  411.98  406.23  389.13  417.80  301.53  1
91796  415.18  349.15  400.29  429.17  418.27  404.36  375.78  373.21  330.85  321.04  0
91798  423.87  345.88  388.16  430.52  415.55  392.72  399.54  382.98  381.39  330.00  1
91799  412.65  348.27  395.11  580.70  415.79  396.19  382.31  384.88  342.53  312.54  1
91800  426.44  349.50  401.06  421.90  412.67  393.13  396.51  388.44  296.71  319.21  0
91801  413.48  344.85  391.06  535.54  421.57  389.13  370.96  402.79  391.09  354.57  1
91803  418.56  347.32  392.69  414.18  402.41  496.70  386.11  356.35  348.11  295.47  1
91804  418.78  352.41  387.89  430.22  416.32  393.00  406.18  399.96  360.48  364.89  1
91805  436.08  347.67  404.45  435.61  427.62  410.12  413.74  418.73  305.04  399.34  1
91806  418.20  348.07  403.14  415.74  410.13  409.78  408.52  395.04  458.87  298.89  0
91809  277.70  273.10  266.89  291.60  262.86  -138.55  270.96  296.78  319.88  313.24  1
91813  415.45  352.91  393.93  402.17  421.04  407.92  393.16  393.15  343.47  305.68  0
91814  399.72  348.68  393.48  431.63  422.95  413.28  401.68  366.37  311.14  328.22  0
91815  417.25  350.74  394.00  422.12  417.68  404.25  406.23  380.66  599.41  395.03  1
91816  417.50  347.21  384.38  424.56  420.45  375.34  396.68  371.01  435.73  322.42  1
91817  415.26  342.76  391.73  432.34  417.79  391.97  377.11  365.27  380.05  361.91  1
91818  410.89  343.33  389.07  426.34  427.45  406.38  368.01  381.42  355.15  296.95  0
91819  416.50  345.25  392.66  415.70  420.70  402.75  387.43  388.70  307.38  347.15  0
91820  428.76  349.53  396.19  433.55  416.13  411.25  398.49  388.85  363.53  321.70  0
91821  425.90  344.39  393.39  413.89  414.78  407.37  393.32  397.75  332.33  309.72  0
91822  433.23  351.67  403.74  555.46  423.30  426.73  400.51  365.93  291.76  314.90  1
91823  416.11  352.48  393.75  410.05  389.97  377.35  382.82  383.03  350.56  294.94  0
91824  413.72  347.58  385.30  409.19  414.87  401.47  390.78  382.25  346.20  301.33  0
91825  439.78  347.45  405.42  436.47  420.26  422.22  384.77  407.28  374.52  -176.26  1
91828  318.23  260.91  312.51  312.86  274.63  268.04  295.23  280.65  316.90  328.05  0
91830  420.40  350.18  395.52  431.46  422.48  409.94  405.04  395.02  353.98  355.14  1
91831  427.98  344.81  391.93  423.59  402.87  409.22  379.30  371.12  545.23  297.17  1
91832  412.59  344.17  401.05  518.21  414.90  387.99  410.37  389.37  436.13  318.10  1
91833  424.05  349.57  400.96  422.96  417.36  402.26  410.29  394.62  326.40  348.89  0
91834  427.52  347.60  394.91  423.87  419.56  400.52  392.39  380.79  330.30  310.86  0
91835  422.79  352.09  396.16  429.62  418.43  394.35  396.35  386.90  381.01  380.72  1
91836  424.62  349.31  399.84  428.05  418.01  407.02  378.04  395.18  367.65  321.20  1
91837  426.86  347.90  395.05  432.71  419.27  395.96  379.41  376.96  325.47  336.00  0
91838  423.31  349.60  406.56  424.57  412.38  412.58  385.23  384.31  348.35  379.69  1
91841  314.46  296.80  317.99  334.99  318.05  324.25  308.93  315.91  356.21  349.18  0
91843  309.90  300.14  306.93  334.33  321.45  318.42  307.28  317.10  352.17  358.95  0
91844  323.95  289.58  319.34  348.66  325.43  330.63  313.74  316.66  352.12  368.03  0
91845  314.58  294.41  316.75  341.25  320.67  337.08  319.27  306.81  362.57  365.93  0
91846  313.10  293.45  326.29  343.67  320.81  330.22  321.27  314.38  351.03  363.72  0
91847  326.28  292.54  316.95  341.70  324.84  332.31  312.61  318.31  356.62  359.35  0
91848  317.80  287.98  319.44  342.55  318.57  325.46  312.56  312.16  353.93  364.18  0
91849  322.75  288.87  319.60  340.06  319.62  325.53  314.72  323.45  353.57  357.83  0
91850  332.94  294.21  317.87  338.45  329.34  325.26  301.39  310.75  357.38  354.40  0
91851  317.98  294.88  320.48  338.87  325.66  326.92  318.27  312.68  355.66  354.50  0
91852  323.45  292.84  320.77  347.93  318.70  335.24  328.24  303.15  344.55  368.78  0
91853  272.40  272.20  293.27  305.58  262.49  300.38  266.34  279.77  316.82  430.99  0
91854  270.14  273.38  273.87  294.32  262.90  303.18  280.04  226.78  322.66  303.24  0
91855  329.35  301.77  324.02  338.44  319.10  334.08  322.14  307.67  351.50  369.58  0
91856  333.47  292.38  312.30  340.00  322.44  327.16  314.45  314.46  351.04  359.53  0
91860  416.91  343.46  392.39  344.11  380.80  390.49  327.52  320.79  310.36  347.42  1
91867  569.89  351.52  378.04  407.55  420.17  370.71  347.17  368.05  297.99  340.63  1
91868  509.01  357.96  393.25  576.18  422.80  376.88  388.65  339.06  314.77  334.48  1
91869  416.67  354.82  401.85  429.07  420.76  406.38  379.38  380.05  160.28  -435.93  1
91871  427.46  353.35  404.01  463.75  424.49  406.95  416.73  393.97  318.48  306.88  0
91872  432.51  357.80  417.98  504.87  430.22  417.52  392.19  404.61  400.47  365.61  1
91873  428.18  356.05  405.50  428.10  421.22  414.00  404.79  390.62  311.81  300.75  1
91874  439.15  354.79  404.66  414.89  423.94  375.30  382.42  409.72  302.34  323.24  0
91875  426.84  347.53  391.03  436.27  427.83  389.78  383.74  375.03  298.48  365.18  1
91876  431.77  353.95  396.04  423.68  420.06  417.10  367.55  393.72  335.46  284.65  0
91877  427.48  355.40  403.11  420.97  424.11  402.54  379.07  399.50  370.52  292.63  1
91878  519.29  353.24  418.18  435.97  411.41  400.07  360.27  402.12  344.77  419.80  1
91879  424.61  345.45  380.16  453.25  538.35  391.04  366.43  391.30  351.92  332.30  1
91880  421.80  344.83  391.21  361.01  392.64  347.14  339.57  330.52  331.80  319.59  0
91881  434.83  354.69  400.68  430.50  423.05  419.43  395.49  400.73  363.36  31.19  1
91882  440.87  353.14  409.55  427.52  426.36  409.25  404.70  391.54  331.25  353.32  1
91883  427.75  352.64  400.27  432.14  421.69  398.86  379.96  385.10  361.02  334.84  0
91884  427.30  353.48  393.90  423.08  419.61  401.06  383.09  402.10  336.46  311.64  0
91886  427.27  354.16  411.31  430.91  421.09  413.85  377.15  380.37  377.72  307.01  1
91887  620.37  354.60  400.13  433.11  425.32  403.12  380.40  389.75  307.81  331.78  1
91888  424.03  352.25  378.45  414.21  413.79  390.97  356.19  397.45  293.81  317.60  0
91890  434.24  355.53  401.17  436.61  420.44  399.03  380.59  370.47  349.11  335.06  1
91893  461.98  354.38  398.79  418.31  423.37  717.13  383.89  395.18  339.45  301.47  1
91894  429.99  356.93  398.50  430.59  422.03  403.69  380.39  382.17  407.42  356.94  1
91895  424.81  355.32  402.25  428.02  425.19  417.32  388.18  385.78  337.28  301.56  0
91896  583.98  353.56  401.09  525.36  422.07  414.98  386.35  401.25  322.55  322.49  1
91897  429.94  354.86  406.64  438.57  423.43  391.27  391.98  409.42  398.26  332.31  0
91899  448.94  346.07  397.16  407.54  393.90  370.18  402.75  415.14  439.73  -56.43  1
91900  426.70  347.22  400.43  540.96  413.56  393.59  389.06  367.94  332.29  322.53  1
91901  426.06  351.61  398.79  422.98  419.23  347.89  395.14  378.14  369.62  378.50  1
91903  426.89  350.36  406.71  603.64  422.15  406.69  388.47  455.91  309.01  48.59  1
91904  429.83  360.41  411.45  437.93  415.74  396.15  383.52  400.86  353.54  362.63  1
91905  428.56  354.29  408.48  436.68  428.41  399.73  404.17  409.09  357.75  325.69  1
91906  430.42  352.72  405.00  508.45  418.26  419.01  398.80  403.93  371.81  354.46  1
91907  429.66  351.98  424.53  438.68  430.22  402.45  455.03  355.77  367.51  342.95  1
91908  422.97  354.11  398.44  421.89  417.32  400.30  391.46  340.39  318.66  312.27  0
91911  188.00  351.51  394.96  335.82  249.56  -115.20  359.49  268.46  -485.86  291.73  1
91914  363.36  325.64  369.77  349.00  309.92  327.57  324.56  320.67  337.72  337.61  0
91916  258.70  242.23  479.28  306.80  275.90  279.64  267.94  286.96  321.78  323.14  1
91917  439.75  352.19  401.51  430.37  413.70  413.44  394.74  391.04  361.58  393.23  1
91918  421.92  358.77  404.52  428.29  419.64  407.58  378.69  386.58  332.93  317.21  0
91919  419.27  350.37  402.87  427.95  418.99  400.56  394.30  401.22  351.89  442.10  1
91920  434.10  352.74  400.98  416.41  415.92  399.16  395.62  369.02  359.98  293.04  0
91921  435.81  350.63  403.67  437.55  421.32  414.13  394.88  380.68  294.03  298.81  0
91922  434.04  355.56  407.91  427.03  420.30  413.49  390.61  488.75  341.63  370.70  1
91923  433.87  350.50  400.02  426.02  426.83  411.15  389.59  354.66  345.15  290.53  1
91924  428.30  353.27  394.29  921.41  425.11  408.61  407.91  396.90  322.57  338.99  1
91925  421.55  353.46  399.16  427.54  419.79  393.65  394.71  366.08  312.07  321.16  0
91926  435.74  352.71  398.04  429.97  417.45  386.88  386.45  395.12  325.59  330.48  0
91927  516.27  354.62  400.10  421.96  431.44  411.47  385.60  371.05  980.80  -90.16  1
91928  435.70  351.01  396.84  598.71  425.20  420.85  398.99  376.78  311.43  335.75  1
91929  428.46  354.14  398.91  550.43  425.37  410.04  394.89  373.69  337.65  346.67  1
91930  430.87  355.66  404.27  431.72  423.59  399.56  401.51  393.27  331.34  244.80  0
91931  432.92  353.79  401.98  430.81  415.60  405.38  389.74  390.82  366.40  306.77  0
91932  446.27  347.49  401.00  385.73  425.44  411.04  383.28  398.25  383.86  322.24  1
91933  431.64  353.24  395.60  427.76  421.75  411.28  393.31  384.66  352.37  311.56  1
91934  430.91  356.50  399.67  537.93  419.75  415.00  408.83  369.35  392.11  347.58  1
91935  431.75  354.13  403.08  425.32  415.74  402.12  405.70  380.51  359.41  347.05  1
91936  430.90  353.03  410.92  434.03  424.44  415.63  395.08  372.79  304.13  308.17  0
91937  421.93  360.62  393.55  432.95  415.77  403.18  389.39  353.26  315.57  355.72  1
91938  430.23  351.99  418.93  438.28  418.80  411.63  389.67  403.12  308.68  298.56  0
91940  435.51  357.07  411.20  541.34  418.52  411.13  399.94  404.66  376.73  327.32  1
91942  411.32  357.76  408.88  540.09  403.05  560.63  364.82  400.00  351.29  181.26  1
91943  430.31  351.51  405.60  435.68  410.05  385.20  378.78  364.24  408.11  331.14  1
91944  431.08  355.19  399.61  543.28  421.49  416.64  401.06  375.06  339.77  50.52  1
91945  430.55  352.89  410.12  438.11  418.35  392.25  392.63  379.11  337.51  -437.63  1
91946  426.50  356.55  404.45  439.77  421.18  412.98  397.78  363.42  342.96  338.98  1
91947  440.01  349.65  407.50  430.25  416.50  390.69  395.85  380.44  325.37  360.00  1
91948  428.46  355.27  408.29  441.01  420.33  409.41  398.14  387.12  321.37  230.94  1
91949  429.97  350.27  395.82  430.17  423.73  411.94  383.96  367.37  310.08  307.93  1
91950  419.26  354.27  404.80  420.90  424.72  394.64  380.64  395.95  331.35  335.11  0
91951  436.88  354.56  407.81  431.45  421.84  397.16  408.61  393.12  318.36  309.55  0
91952  425.31  353.10  405.12  435.58  419.86  403.80  394.21  400.01  308.31  326.67  0
91953  432.99  352.25  407.60  681.22  422.57  405.03  395.56  394.53  317.58  342.12  1
91954  437.46  355.23  408.29  430.51  415.01  393.54  399.03  372.74  304.54  351.43  0
91956  437.34  355.62  417.04  435.04  417.80  423.62  396.26  386.64  342.51  327.38  0
91957  427.04  354.50  411.76  437.20  419.53  411.62  406.08  391.84  382.82  293.55  1
91958  427.31  354.02  403.50  426.53  421.93  381.72  383.07  356.50  317.78  338.71  1
91959  438.21  350.20  399.11  506.34  408.61  391.77  393.93  365.21  355.07  323.07  1
91960  491.30  352.71  415.63  433.56  418.56  396.77  396.28  378.08  320.27  332.32  0
91961  432.85  352.52  400.26  425.36  412.56  409.92  391.93  383.89  386.18  305.87  1
91962  433.77  354.81  409.22  441.96  419.58  409.52  398.49  389.30  310.42  993.02  1
91963  433.69  354.57  392.46  431.85  421.58  405.04  398.57  398.09  345.91  310.22  0
91964  427.11  354.70  407.86  508.90  415.36  416.95  404.89  398.12  329.55  341.09  1
91965  434.23  356.10  402.93  432.04  421.13  426.28  386.63  390.99  388.05  317.94  1
91966  433.96  351.51  405.84  419.87  411.29  392.47  394.06  395.18  332.22  318.13  0
91967  432.73  356.82  418.46  427.48  413.34  402.47  392.34  395.97  374.64  308.92  1
91968  434.77  353.13  406.30  436.66  417.05  412.44  411.11  379.88  388.86  316.76  0
91969  434.15  356.73  414.35  431.74  416.51  430.90  412.87  402.14  320.92  333.08  0
91971  441.74  337.94  369.00  344.06  341.20  341.79  330.09  334.05  325.34  324.45  0
91972  439.06  353.08  405.86  562.71  416.10  414.74  392.32  404.63  312.48  354.25  1
91973  432.56  355.67  394.65  439.30  419.09  406.37  380.63  387.26  342.70  312.84  0
91975  432.52  358.13  405.25  568.84  419.43  405.18  401.69  418.21  352.93  313.86  1
91976  434.75  357.44  422.02  434.78  412.91  411.19  395.81  400.52  342.20  349.20  1
91978  433.45  354.97  410.79  442.23  417.10  409.67  389.90  400.68  306.04  376.62  1
91979  435.55  354.30  412.22  505.02  418.68  406.67  397.67  383.79  319.06  326.40  1
91980  445.28  358.47  401.04  433.69  412.91  395.83  393.45  367.47  324.04  302.19  0
91981  437.50  352.54  404.55  421.03  411.52  404.32  385.87  400.21  337.88  277.75  0
91982  411.61  343.91  385.05  360.29  354.01  314.14  326.40  320.95  335.62  380.86  0
91985  405.04  354.14  381.51  333.85  416.11  395.45  368.49  373.92  332.25  308.73  0
91986  429.42  349.50  399.26  427.29  418.03  398.14  391.47  396.45  308.97  339.79  0
91988  432.37  356.57  398.91  429.82  419.35  418.89  408.45  410.29  315.92  381.80  1
91990  432.33  354.63  400.65  521.48  419.90  402.02  408.88  391.93  322.23  294.96  1
91991  436.14  351.44  403.75  530.68  418.42  416.50  391.83  405.58  374.11  294.61  1
91992  502.03  347.50  377.73  419.37  397.82  479.73  364.47  352.67  337.89  358.06  1
91993  437.47  351.60  401.66  423.81  417.35  410.72  394.42  363.32  335.49  339.45  0
91994  432.45  357.27  394.30  706.07  414.06  406.80  384.32  388.82  348.06  296.89  1
91997  430.58  353.70  410.48  554.05  420.67  395.60  402.12  377.34  320.26  335.32  1
91998  449.33  354.84  405.43  428.30  424.75  377.09  424.20  381.22  385.46  369.43  0
91999  431.35  354.48  405.10  505.02  420.34  390.84  388.68  375.36  373.01  302.71  1
92000  432.57  354.39  398.86  502.70  423.95  406.33  400.38  367.60  319.81  315.02  1
92001  432.48  357.28  416.62  513.45  422.36  412.14  393.81  405.47  410.95  317.78  1
92002  419.14  352.63  419.05  621.04  426.23  416.10  410.56  407.25  298.93  -171.16  1
92004  432.53  341.49  377.58  428.14  275.40  387.28  380.45  391.30  300.08  332.91  1
92005  427.05  355.63  405.43  437.36  420.92  415.29  399.29  365.93  288.17  315.95  0
92006  428.37  354.40  407.51  432.53  427.63  422.16  403.69  370.54  516.37  297.42  1
92007  430.18  357.00  407.06  429.65  425.57  416.48  397.21  384.46  330.39  346.04  1
92008  436.96  348.15  413.35  438.59  421.30  400.36  402.51  371.91  307.17  531.38  1
92009  421.33  355.08  409.19  434.43  422.12  405.89  373.46  416.80  344.36  349.45  0
92010  432.62  350.99  414.70  447.18  426.34  416.07  415.83  396.60  1054.82  334.80  1
92012  427.04  359.75  387.64  434.56  423.48  393.38  276.33  382.30  438.04  894.59  1
92013  436.27  355.67  404.47  509.43  421.99  415.99  392.57  378.97  394.10  363.13  1
92014  434.20  352.39  397.58  426.56  422.24  403.37  395.54  396.99  533.33  301.69  1
92015  436.38  357.00  405.20  433.30  417.95  410.55  410.59  370.62  -145.77  175.98  1
92016  431.85  356.81  411.05  416.55  421.96  416.13  393.39  360.29  353.23  325.08  1
92017  437.28  354.91  410.09  434.05  418.19  403.75  385.55  385.19  319.38  293.68  0
92018  435.29  352.81  413.44  425.85  421.01  373.05  404.45  378.96  340.46  326.61  0
92019  430.90  351.18  406.80  415.98  410.13  400.74  388.99  361.66  609.67  349.14  1
90635  445.80  370.50  380.95  358.09  360.02  357.40  342.70  293.83  312.00  307.89  0
90635  445.80  370.50  380.95  358.09  360.02  357.40  342.70  293.83  312.00  307.89  0
