90837  219.64  72.94  89.54  208.33  106.68  118.69  83.70  107.53  112.95  81.69  1
90838  110.58  82.21  103.70  126.65  140.37  109.78  108.78  113.53  123.95  112.01  0
90840  163.80  91.88  98.52  108.25  114.27  103.49  100.72  106.03  110.59  101.77  0
90843  212.78  66.87  145.05  83.45  82.07  115.85  99.34  100.91  91.59  89.87  0
90849  125.61  89.33  121.17  107.41  110.58  101.65  106.12  116.29  126.48  100.40  0
90850  127.29  89.14  99.12  119.32  117.11  106.67  109.80  121.65  111.82  101.02  0
90851  851.67  75.10  281.89  110.27  107.51  120.83  123.15  123.58  116.80  91.18  1
90852  175.53  85.88  107.98  112.31  115.31  107.62  112.99  121.99  112.17  107.66  0
90853  208.17  90.00  116.33  126.82  124.16  109.72  109.26  101.00  108.02  114.32  0
90854  157.57  87.77  106.55  117.62  119.35  107.49  107.69  117.52  112.52  106.03  0
90855  167.19  91.41  114.40  115.65  117.62  101.02  103.24  121.51  113.70  106.18  0
90856  140.22  100.22  117.62  106.01  115.40  103.99  111.54  121.84  114.71  114.14  0
90857  132.76  88.13  113.39  118.22  117.29  109.50  99.56  117.63  120.09  128.15  0
90859  104.38  89.34  100.22  127.06  105.99  102.55  107.40  123.45  124.33  126.75  0
90861  163.56  86.52  120.21  111.79  103.29  111.55  105.32  107.71  98.37  85.07  0
90862  124.15  96.52  128.41  110.46  103.20  108.53  94.75  138.54  109.67  111.44  0
90863  861.43  73.51  168.01  122.55  89.24  104.82  93.13  100.61  112.66  112.54  1
90864  110.95  97.50  96.01  119.73  106.40  107.18  108.24  128.88  97.86  115.31  0
90865  174.96  85.29  119.43  109.13  108.71  104.02  107.83  120.15  120.42  127.19  0
90866  163.81  93.08  118.10  103.51  115.18  98.64  97.82  102.75  103.05  113.67  0
90867  133.26  92.93  115.89  102.62  110.40  96.97  123.96  113.53  106.08  127.32  0
90868  126.99  90.45  115.01  119.08  111.04  112.64  112.60  121.03  132.73  97.95  0
90869  120.80  93.61  114.85  134.71  121.07  99.38  99.70  123.34  125.07  127.04  0
90870  143.88  85.57  102.18  112.74  105.32  108.65  115.35  132.46  110.27  107.10  0
90871  110.00  86.08  100.12  111.04  104.19  92.91  107.52  94.69  114.61  125.05  0
90873  133.98  93.18  105.09  112.37  123.37  102.95  113.09  124.21  121.28  109.76  0
90874  133.97  93.78  105.00  113.94  115.63  103.44  102.29  113.15  121.02  113.01  0
90875  149.00  90.89  107.96  118.84  111.37  104.64  106.07  121.78  114.55  108.24  0
90876  199.82  85.99  103.41  113.27  112.97  104.79  111.45  111.08  118.55  117.97  0
90877  133.03  93.44  106.58  115.25  114.69  107.26  109.08  111.80  114.73  107.47  0
90878  122.19  93.87  109.49  110.21  109.60  104.68  110.13  125.95  106.55  106.15  0
90879  163.90  80.07  134.19  144.07  169.17  153.66  152.93  161.61  121.69  125.87  0
90880  84.10  67.52  70.49  103.05  87.34  103.58  120.50  84.09  95.43  104.10  0
90883  73.72  72.49  85.65  73.16  94.39  97.98  87.85  125.87  150.03  865.99  1
90884  100.65  70.91  79.27  94.45  73.62  123.07  84.94  129.51  104.96  181.45  0
90885  90.03  70.93  91.56  103.00  82.40  118.13  114.86  119.46  343.91  862.51  1
90886  81.85  70.96  86.65  102.10  72.92  96.85  107.46  119.14  98.07  240.51  1
90887  110.02  66.38  91.44  128.60  83.95  118.22  97.71  146.47  210.13  85.11  1
90891  87.21  73.78  95.68  85.21  64.55  91.18  78.35  72.94  93.15  864.65  1
90895  82.14  71.98  72.55  92.58  71.36  114.62  123.10  134.01  841.24  156.47  1
90896  86.62  71.18  89.54  107.63  92.71  113.23  120.88  113.66  113.60  82.38  0
90898  81.79  76.35  80.01  95.97  75.65  100.01  111.98  106.21  146.08  89.35  1
90899  108.47  62.53  168.33  79.04  69.47  88.73  146.49  112.75  121.72  82.60  1
90900  87.04  71.98  76.05  88.60  86.94  98.24  96.04  138.38  92.12  108.47  0
90901  75.55  65.06  85.91  97.04  79.02  95.92  120.44  119.97  78.33  720.21  1
90902  65.87  76.02  84.34  227.08  73.92  104.03  118.17  115.43  271.31  92.81  1
90903  90.54  69.94  61.28  86.84  85.03  95.03  92.66  91.84  349.65  123.58  0
90904  75.83  69.85  89.30  88.51  80.62  123.51  148.73  97.95  57.10  161.73  0
90905  73.67  71.42  73.91  108.63  71.04  108.65  94.11  111.60  579.97  78.03  0
90906  85.87  67.97  80.85  124.80  75.28  93.42  76.81  144.60  77.29  74.49  0
90907  83.11  67.78  85.21  109.82  80.59  78.99  107.29  125.65  113.03  108.44  0
90908  91.20  67.60  93.30  79.39  80.45  100.80  101.48  80.89  96.71  844.78  1
90909  73.31  68.68  71.33  87.29  78.20  92.35  91.06  93.38  100.08  585.61  1
90910  80.45  71.06  83.51  124.00  87.41  98.84  106.65  98.08  248.98  110.07  0
90911  83.59  72.20  99.76  131.41  85.95  103.06  115.49  112.87  130.12  98.40  0
90912  88.35  68.45  82.35  141.89  77.12  115.27  86.83  97.11  139.04  104.75  0
90913  74.55  67.72  88.91  84.82  82.66  143.15  88.80  123.94  174.90  218.43  1
90914  81.52  72.89  80.58  94.96  77.45  125.99  99.68  122.85  133.45  229.58  1
90915  106.57  76.50  80.87  93.64  88.98  93.58  102.79  138.68  91.26  141.54  0
90916  96.92  74.15  158.73  150.65  142.51  142.95  149.95  151.17  110.02  99.59  0
90919  94.72  70.23  69.33  128.91  76.48  96.96  102.55  97.78  117.63  65.31  0
90920  102.57  68.00  85.45  84.34  82.42  97.19  105.83  103.78  103.91  205.56  0
90921  80.82  68.08  94.60  90.30  77.07  106.95  102.49  109.54  106.53  856.35  1
90922  76.14  68.22  88.65  100.90  98.88  128.77  118.16  103.80  164.31  64.12  1
90923  84.10  75.81  82.31  89.68  78.12  93.70  92.89  93.56  158.94  112.18  1
90924  91.04  73.34  85.41  98.50  88.39  83.60  91.86  103.03  112.37  97.20  0
90925  78.28  68.54  92.20  86.00  80.77  156.48  92.34  101.86  112.44  88.68  0
90926  105.29  65.42  79.99  142.92  87.50  96.99  113.66  123.95  854.32  104.24  1
90930  90.62  66.07  69.55  91.07  80.68  100.55  116.88  81.59  117.86  98.13  0
90931  107.93  74.79  88.31  93.99  84.83  93.97  119.65  118.18  120.24  90.69  0
90932  108.36  75.58  102.03  96.17  75.76  118.89  131.25  163.43  225.12  102.47  1
90935  77.26  65.77  85.87  379.84  74.11  128.24  124.39  94.95  90.52  851.38  1
90936  108.14  107.58  121.72  108.05  129.23  90.18  102.78  182.41  112.70  136.02  0
90937  189.71  77.70  441.27  84.46  112.54  109.94  255.73  181.21  64.42  88.42  1
90938  164.21  95.93  111.42  127.19  141.77  168.82  108.85  83.97  132.40  190.80  0
90940  82.99  69.47  81.07  97.07  72.78  98.78  127.67  99.04  142.71  105.89  0
90941  93.26  66.91  76.21  96.14  88.40  157.32  92.17  113.94  102.03  83.49  0
90942  107.35  93.79  205.37  109.92  155.19  65.45  102.17  78.23  72.85  233.55  1
90943  94.78  64.02  103.29  97.16  83.76  118.06  84.41  93.62  840.59  183.72  1
90944  99.69  70.97  71.12  156.45  84.60  95.16  101.79  114.30  78.45  101.12  1
90945  83.43  70.57  87.39  129.08  93.45  117.77  102.37  488.51  155.84  552.66  1
90946  87.30  62.69  113.56  80.48  109.43  166.05  165.37  85.30  97.18  144.93  1
90947  84.67  68.48  82.52  86.64  75.01  138.52  121.83  102.31  93.36  142.43  0
90948  80.06  64.63  78.30  98.23  87.76  102.81  114.30  136.51  120.66  858.47  1
90949  83.68  75.77  98.73  119.27  86.15  108.69  120.46  107.16  91.49  578.95  0
90950  112.84  69.36  83.85  90.90  76.71  105.11  111.00  122.96  223.17  90.07  1
90951  98.00  67.61  83.49  96.83  79.56  160.88  114.19  111.82  84.71  105.55  0
90952  83.04  69.97  115.18  106.33  82.92  100.56  104.61  248.78  92.77  139.05  1
90953  82.32  70.56  76.46  106.93  82.49  123.02  123.96  107.57  85.28  183.09  1
90955  88.00  74.07  68.53  132.81  73.39  114.09  103.30  155.48  853.07  72.62  1
90956  86.69  68.18  91.81  126.35  86.61  112.66  111.42  96.46  298.17  104.04  1
90957  79.53  75.44  95.53  101.43  83.34  129.05  169.73  118.31  266.32  65.51  1
90958  97.02  67.02  86.08  104.86  87.44  147.72  110.53  128.93  590.05  123.81  0
90959  83.19  67.08  82.53  90.09  90.91  106.30  114.36  99.19  101.56  132.91  0
90960  159.92  68.56  84.05  92.40  85.12  164.85  104.13  104.14  856.03  109.23  1
90961  79.43  68.12  78.83  137.19  103.51  143.10  105.41  90.35  149.33  229.93  1
90962  97.35  74.68  119.57  104.15  95.27  143.00  109.53  101.96  187.99  205.30  1
90967  99.48  67.42  86.75  100.35  89.45  102.32  114.68  105.07  108.58  132.83  0
90968  87.41  76.82  91.21  88.71  79.41  100.13  107.25  92.10  113.36  86.91  0
90969  101.75  85.14  74.10  101.53  88.64  114.56  91.41  97.41  181.02  95.79  1
90970  97.49  67.80  83.50  87.81  78.42  119.80  95.02  98.66  866.14  111.78  1
90971  75.68  69.95  89.34  99.95  89.02  97.78  106.22  101.93  120.35  108.40  0
90972  88.34  65.99  89.80  100.81  96.89  124.41  109.96  153.15  90.78  91.49  0
90973  77.91  77.76  79.22  83.38  75.13  97.88  100.86  136.39  104.64  480.35  1
90974  89.39  68.12  83.35  100.79  83.95  93.28  126.85  118.18  130.02  75.51  0
90975  71.30  73.93  91.42  83.35  81.03  92.82  120.46  125.24  131.53  86.30  0
90976  81.10  68.68  85.22  90.18  87.52  92.00  115.71  113.27  184.71  82.06  0
90977  77.78  65.93  86.01  95.29  101.39  106.96  120.60  142.47  107.60  136.49  1
90979  141.65  79.57  111.13  176.74  128.66  131.61  120.31  126.90  203.87  108.46  1
90981  94.13  65.96  88.15  105.56  85.04  99.09  100.51  94.35  201.39  150.41  1
90982  99.07  58.07  86.77  92.73  91.94  108.81  94.28  111.62  115.23  84.10  0
90983  96.92  69.86  80.58  87.94  81.73  129.11  98.01  143.55  183.11  100.38  1
90984  92.70  66.24  89.78  99.11  85.36  109.12  111.61  97.52  129.44  239.89  0
90985  93.13  68.56  93.39  94.00  84.39  95.92  130.23  87.05  107.13  223.12  1
90988  94.31  65.52  91.51  92.07  82.16  113.47  115.63  95.87  139.38  116.36  1
90989  87.14  65.23  88.81  127.95  77.22  98.20  102.70  122.34  332.95  101.25  1
90990  94.29  66.56  97.48  87.53  84.81  99.12  105.45  121.69  151.74  161.03  0
90991  123.88  62.24  66.64  127.72  84.45  90.64  97.95  115.01  601.01  155.14  0
90992  85.04  69.73  91.52  103.28  77.74  91.20  107.91  124.39  175.42  236.19  1
90993  91.23  71.07  86.13  94.22  82.67  103.74  109.55  99.62  155.91  98.57  0
90995  103.36  67.53  78.54  146.41  110.39  143.64  148.05  111.74  144.08  111.04  0
90998  135.45  104.68  71.06  65.13  158.94  90.11  568.55  101.37  85.22  115.84  1
90999  93.92  66.71  82.10  91.79  87.91  95.60  120.20  119.50  118.88  114.80  0
91000  100.88  67.45  95.50  104.95  90.50  87.49  115.75  291.96  146.16  126.88  0
91001  80.27  74.14  75.21  111.05  86.00  84.30  102.94  134.46  880.72  97.18  1
91002  77.11  70.31  98.60  86.43  81.36  92.65  139.66  130.32  120.44  78.83  0
91003  80.49  71.09  97.31  121.15  76.76  104.02  109.95  107.32  219.40  77.67  1
91004  103.82  70.29  102.21  88.91  72.77  92.59  101.38  96.00  242.05  158.85  1
91005  84.36  67.06  66.94  86.37  91.22  98.95  94.23  117.11  490.24  84.62  1
91006  103.12  65.72  74.79  86.72  76.25  134.69  106.44  104.74  118.25  163.15  1
91007  79.29  69.84  106.19  111.39  91.23  144.15  104.87  117.30  194.01  104.51  0
91008  87.37  76.55  102.49  109.11  85.23  94.25  116.36  99.33  231.16  119.92  1
91009  73.37  57.98  120.41  134.29  85.06  66.35  118.79  125.58  847.81  100.61  1
91010  91.02  73.78  73.04  105.39  93.91  99.99  125.45  104.80  169.54  455.41  1
91011  81.68  73.86  91.46  106.20  83.05  97.95  93.19  98.16  206.82  251.54  1
91012  93.50  69.27  98.17  104.06  87.06  157.32  141.85  122.47  378.88  577.79  1
91013  66.68  73.13  104.59  73.62  93.24  99.47  103.34  102.74  114.97  84.37  0
91014  85.92  64.13  87.89  109.86  75.00  96.11  115.27  145.26  248.96  124.38  0
91015  97.73  69.11  95.32  89.70  88.75  120.71  114.32  114.94  167.10  75.95  0
91017  88.35  67.99  81.23  107.49  100.50  88.56  139.75  121.40  160.41  84.72  1
91018  92.20  69.79  92.74  155.92  88.12  136.37  126.89  90.43  436.81  80.26  1
91019  98.00  65.25  82.89  116.19  83.47  83.06  114.13  98.80  74.52  91.60  0
91021  89.90  65.29  109.01  130.82  86.93  121.53  110.56  87.82  75.98  109.20  0
91025  100.68  64.82  73.44  92.49  87.12  129.11  89.10  125.69  584.92  219.22  1
91026  81.41  75.81  74.76  91.21  86.59  92.94  145.06  116.07  95.27  101.88  0
91027  105.30  71.73  95.21  87.91  87.09  159.47  105.46  153.59  239.03  106.98  1
91028  87.39  66.30  94.04  94.18  85.08  100.60  99.74  116.06  228.96  92.37  1
91029  92.10  70.74  94.11  100.53  88.53  95.19  102.24  110.48  167.38  129.40  0
91030  95.89  71.03  66.00  96.00  92.81  77.79  110.77  108.41  99.67  132.12  0
91031  87.78  66.22  97.10  98.87  87.12  96.80  120.57  99.28  103.90  153.31  1
91032  77.67  75.84  86.35  83.26  86.81  107.16  106.47  104.44  454.76  77.26  1
91033  81.12  69.55  68.48  96.44  83.58  98.73  98.53  126.52  150.37  120.81  0
91034  90.46  68.81  75.75  78.81  78.25  113.24  95.20  183.17  133.27  852.84  1
91035  98.03  77.31  83.01  79.45  89.53  100.40  98.60  137.77  147.15  207.53  1
91036  108.51  73.05  85.63  97.20  94.21  92.74  112.00  132.92  117.01  98.68  0
91037  95.79  67.55  84.02  96.99  89.65  99.44  106.06  149.04  139.85  121.69  0
91038  89.66  74.68  103.43  100.19  76.28  141.86  94.81  87.71  117.11  106.65  0
91039  103.62  73.52  82.81  111.98  79.90  93.63  106.81  199.01  106.04  106.63  0
91042  93.95  72.88  90.72  113.34  98.62  125.22  110.65  148.54  248.59  139.77  0
91043  80.87  73.09  84.50  108.06  89.16  104.57  93.97  228.96  109.30  436.87  1
91056  112.97  70.88  83.80  92.32  97.55  100.43  98.03  93.95  114.37  104.19  0
91058  140.03  75.60  84.87  108.71  79.63  95.54  91.70  106.52  361.03  566.79  1
91059  85.38  63.39  96.65  112.60  77.62  108.60  94.64  178.07  97.42  142.31  0
91060  73.18  66.02  90.31  89.75  86.45  100.71  95.83  92.87  866.67  101.91  1
91061  101.89  67.38  86.62  97.37  79.80  111.46  93.30  229.75  127.40  189.70  1
91062  99.45  70.46  74.99  94.83  80.55  99.59  118.94  179.94  580.58  106.76  1
91063  68.35  80.23  115.36  90.62  89.04  124.00  139.18  154.13  226.20  84.40  1
91064  101.54  67.82  87.46  85.23  90.06  107.53  112.64  199.78  98.23  76.70  0
91065  83.10  70.63  91.99  93.28  82.93  92.81  98.27  143.03  137.18  116.51  0
91066  77.69  77.69  73.78  138.34  78.55  168.76  79.62  457.60  171.45  163.03  1
91067  76.74  72.19  83.49  80.59  86.03  125.48  97.49  258.21  158.52  166.55  1
91068  79.09  67.25  84.67  90.14  85.88  105.33  109.32  217.03  182.97  87.20  1
91069  73.39  64.87  84.03  82.69  78.89  109.08  101.46  126.21  135.24  87.80  0
91070  106.81  62.17  98.60  90.16  82.24  115.21  128.12  118.32  77.69  87.35  0
91071  93.85  66.27  77.82  110.21  83.61  104.72  93.22  150.48  111.47  113.17  0
91072  79.28  72.68  108.10  115.40  78.49  126.31  94.98  146.23  249.49  177.78  1
91073  95.86  73.15  91.38  94.46  98.79  104.49  115.64  123.36  146.91  97.91  1
91074  89.98  65.29  81.39  125.63  87.86  127.00  97.64  135.70  86.63  328.38  1
91075  99.30  69.21  109.39  144.60  92.30  138.33  116.18  249.06  138.14  84.97  1
91076  92.85  75.87  86.50  129.55  90.09  103.82  184.08  218.67  161.01  63.44  0
91077  77.20  69.86  80.63  85.81  81.62  89.99  123.38  235.92  858.95  82.42  1
91078  93.25  71.18  80.27  116.79  87.90  137.65  97.96  160.31  148.83  99.64  1
91079  101.19  68.93  91.08  83.99  99.56  125.72  108.59  113.70  195.13  103.08  1
91080  93.18  68.65  77.70  132.82  92.20  118.56  86.17  257.72  96.14  128.74  1
91081  84.94  73.89  98.56  90.99  79.20  88.24  101.76  537.85  121.52  867.13  1
91082  97.38  78.41  93.24  95.53  74.89  100.02  143.90  112.98  161.16  94.88  1
91083  106.63  73.04  106.64  105.75  80.94  97.91  102.50  230.28  97.31  487.51  1
91084  82.87  68.35  81.29  124.55  79.00  105.78  116.53  129.53  110.87  79.74  0
91085  76.47  73.36  75.32  83.61  71.80  91.62  94.66  155.72  134.56  107.21  0
91086  100.69  68.24  73.39  112.04  93.59  127.69  123.92  210.61  80.86  181.53  1
91087  93.57  72.64  98.21  101.01  88.48  85.66  94.95  135.19  113.30  128.11  1
91088  97.91  73.08  68.89  106.49  81.56  86.86  110.95  128.41  172.20  84.11  0
91089  95.06  60.09  89.24  90.02  89.05  81.28  141.34  100.87  86.74  221.88  1
91091  145.65  80.96  128.32  163.73  102.42  101.17  111.50  152.67  101.26  121.09  0
91093  140.70  66.37  99.35  112.44  80.52  238.85  121.90  95.62  102.20  112.63  1
91094  95.45  69.38  97.58  125.57  88.72  194.58  81.80  575.78  80.06  100.20  0
91095  100.19  74.00  114.21  114.23  92.91  93.35  111.42  117.15  212.59  214.86  0
91096  94.41  69.92  145.81  143.65  79.19  100.98  94.76  127.78  244.36  107.74  1
91097  78.70  76.64  75.44  120.68  79.44  112.51  102.80  363.24  113.56  195.41  1
91098  80.83  64.10  95.21  81.44  94.44  149.50  95.68  115.73  270.25  395.32  1
91099  92.39  70.84  107.44  112.38  71.69  87.79  104.24  107.13  86.76  193.83  1
91100  89.38  71.44  92.21  93.99  90.60  92.47  90.23  186.98  112.13  86.55  0
91102  366.99  67.46  156.86  104.94  156.66  158.56  129.09  121.56  65.35  83.92  1
91103  95.11  72.11  95.26  84.54  83.66  115.05  106.58  108.84  295.67  74.66  1
91104  101.32  63.86  84.59  104.53  93.54  94.25  98.19  147.40  131.28  105.47  0
91105  92.37  72.23  100.28  102.41  80.01  113.46  115.93  112.85  107.13  91.65  0
91106  96.56  70.07  80.65  83.20  80.55  107.32  130.72  122.11  112.21  102.45  0
91109  103.98  117.31  102.51  112.91  100.21  82.53  188.57  91.41  102.91  91.50  1
91110  86.44  70.11  84.97  96.95  82.84  92.09  93.40  94.64  285.75  82.95  1
91111  83.50  66.42  83.33  96.54  83.92  97.44  113.91  107.24  263.74  109.88  1
91113  87.09  65.45  90.64  92.31  82.32  103.12  94.69  102.90  882.09  92.71  1
91114  104.39  65.27  119.66  98.75  87.11  133.83  104.04  122.51  826.78  106.80  1
91115  97.57  71.67  87.43  101.78  90.68  99.71  97.83  101.21  193.46  108.45  1
91116  100.22  68.22  101.56  98.95  92.56  108.06  133.04  110.61  135.63  189.45  1
91118  93.06  77.48  102.62  89.88  88.92  103.51  111.34  125.06  109.49  72.86  0
91120  100.26  66.88  86.83  111.32  99.83  91.87  98.72  147.37  138.53  152.44  0
91122  861.24  68.49  195.47  91.03  121.71  79.16  135.44  220.86  94.91  92.68  1
91124  66.84  62.72  81.40  161.57  80.75  112.23  105.67  835.06  85.15  87.36  1
91126  92.58  70.84  78.32  199.24  94.40  97.07  149.81  99.88  90.94  140.70  1
91127  84.88  74.09  75.04  94.95  76.97  95.42  92.33  94.50  144.42  247.96  1
91130  82.73  70.26  87.28  91.06  81.65  87.75  110.25  100.79  194.61  88.43  1
91131  72.12  73.82  89.19  93.22  76.81  130.97  99.55  107.23  113.47  146.56  0
91132  102.54  73.88  105.76  111.32  92.54  144.04  116.08  124.13  841.36  187.75  1
91134  126.80  88.72  84.18  574.27  110.70  149.65  146.84  101.57  97.70  93.69  0
91135  114.86  83.98  140.02  154.58  141.02  141.59  161.82  170.82  103.66  113.42  0
91137  98.12  75.86  93.02  85.01  104.87  117.49  93.56  104.60  107.62  73.85  0
91140  97.42  73.50  111.85  99.63  113.56  235.65  91.78  582.93  76.36  235.48  1
91141  121.81  82.98  94.86  90.27  223.14  148.40  81.28  576.54  83.72  97.62  1
91142  78.89  69.58  108.96  108.54  86.50  171.61  105.15  111.29  333.98  113.23  0
91143  79.86  60.89  67.47  87.37  103.07  125.04  142.16  136.75  432.46  125.87  0
91144  92.18  67.74  82.47  110.36  84.74  111.59  108.76  123.62  696.07  137.56  1
91146  85.87  66.31  71.51  83.54  100.96  77.60  98.63  151.06  102.48  98.31  0
91147  81.63  67.29  109.10  110.63  77.78  111.08  88.32  120.98  131.36  143.17  0
91151  166.39  66.14  81.18  82.24  81.33  116.44  131.15  118.72  104.75  129.30  1
91152  75.63  70.52  76.34  93.07  79.24  87.68  125.21  248.16  184.97  130.02  1
91162  188.80  96.58  113.96  102.41  138.87  74.53  76.37  66.35  138.40  102.58  1
91163  79.35  67.62  102.72  92.31  84.01  97.32  109.23  117.51  272.36  91.81  1
91164  91.55  63.92  85.30  101.73  92.47  106.82  103.62  128.67  591.33  125.00  1
91165  83.87  69.45  105.74  98.75  77.43  195.56  105.98  197.34  863.36  83.31  1
91166  81.62  74.49  85.13  92.90  79.17  112.65  97.05  131.34  121.31  86.79  0
91167  89.24  65.76  86.60  93.62  87.29  113.33  117.04  103.12  88.57  128.48  0
91168  67.80  65.69  84.36  91.16  73.90  107.14  131.26  151.83  121.87  86.70  0
91169  84.04  70.37  83.27  107.54  99.23  100.27  118.67  102.36  854.22  117.42  1
91170  90.22  68.53  85.97  97.34  89.05  91.51  106.69  130.69  259.66  173.80  1
91171  79.25  65.73  76.19  107.32  87.24  101.11  100.09  116.55  110.53  292.70  1
91172  86.62  68.51  93.87  70.71  90.27  96.59  109.34  176.66  179.28  200.88  1
91173  105.69  73.54  71.07  117.31  89.17  95.14  103.58  580.92  151.62  109.54  1
91174  76.02  70.08  79.93  78.19  90.93  160.29  103.39  97.27  193.25  143.95  0
91177  88.65  83.46  86.78  88.45  87.65  154.30  94.82  123.63  117.52  75.76  0
91178  94.88  78.28  85.64  93.67  101.76  160.89  115.52  364.01  130.94  157.08  1
91179  73.03  70.34  83.31  244.16  93.04  91.39  96.21  133.92  156.85  123.30  1
91182  82.77  75.68  99.65  127.00  94.42  124.87  118.69  142.53  205.56  99.96  0
91183  92.50  68.00  108.47  108.20  89.92  122.25  111.99  108.37  103.17  87.36  0
91184  95.65  69.54  89.94  107.66  75.85  101.77  100.39  148.51  397.89  879.61  1
91185  92.66  72.87  83.24  107.93  76.99  106.21  104.94  114.86  106.71  118.43  0
91192  157.67  106.30  66.93  131.99  101.01  81.41  85.95  153.87  78.39  70.59  1
91193  87.13  69.26  81.60  108.99  83.39  130.25  101.17  128.80  95.20  129.27  0
91194  93.48  71.14  87.49  82.31  89.58  109.62  106.82  123.53  97.55  144.41  0
91195  86.81  68.07  87.40  102.02  89.39  117.34  103.60  176.84  113.86  328.43  1
91196  140.59  62.77  67.31  115.95  76.40  70.69  92.62  106.81  111.01  168.37  1
91197  103.87  74.31  85.62  112.33  96.48  110.90  113.10  110.39  98.72  216.57  0
91198  99.03  66.90  89.74  115.65  85.99  94.63  133.02  115.56  220.77  80.87  0
91199  88.97  77.79  77.27  101.10  80.59  85.32  106.40  101.91  194.84  90.83  1
91200  109.25  72.39  95.68  94.08  96.35  116.14  127.09  80.36  98.54  110.78  0
91208  180.81  85.34  108.15  153.92  212.83  136.77  124.49  138.61  123.41  109.75  0
91209  112.25  78.07  116.52  159.94  172.86  133.66  148.29  143.92  108.07  98.77  0
91210  115.31  73.40  91.59  155.22  128.75  152.47  132.94  188.32  131.95  100.93  0
91211  98.20  74.22  105.14  146.29  200.20  154.46  131.35  166.98  86.00  93.72  0
91212  124.77  88.89  90.74  148.37  158.32  118.07  159.56  200.00  99.53  113.31  0
91213  92.13  76.21  107.09  141.75  87.70  203.04  160.21  179.20  196.67  118.54  1
91217  104.23  78.21  121.00  104.48  91.46  84.03  97.43  78.36  91.26  74.86  0
91218  89.99  84.40  76.64  112.18  90.24  82.62  111.17  119.88  120.43  86.14  0
91219  869.40  68.73  84.14  582.08  102.93  134.91  245.84  315.75  83.60  112.46  1
91220  94.40  66.07  84.58  85.95  79.13  104.00  95.37  97.11  225.43  121.12  1
91221  93.50  66.82  78.38  86.40  86.61  99.38  102.83  144.77  107.26  135.13  0
91222  83.14  74.47  91.06  93.52  130.74  91.10  173.76  92.83  178.16  130.12  1
91223  74.57  71.92  85.20  95.69  85.92  136.66  124.75  93.95  389.81  162.16  1
91224  86.32  67.29  75.55  98.94  84.14  107.54  81.47  130.97  231.15  138.54  0
91225  80.46  67.35  74.75  94.29  91.60  117.19  97.39  114.78  589.99  97.31  0
91226  77.53  73.61  70.98  103.98  97.10  103.49  148.94  120.15  161.30  86.39  1
91227  109.36  67.65  77.60  90.83  92.41  106.59  126.48  131.22  283.79  122.83  1
91228  81.05  76.88  92.29  101.64  81.41  90.60  105.81  147.36  194.13  224.98  1
91229  94.88  67.53  74.91  68.42  74.55  142.68  91.94  198.36  93.67  117.29  0
91230  83.90  73.21  96.08  101.37  84.98  98.28  99.93  137.58  129.43  89.88  0
91231  85.73  77.76  69.94  96.59  89.71  99.26  68.53  98.02  857.14  214.09  1
91232  121.17  70.29  72.34  116.88  81.73  90.56  104.31  93.57  203.02  580.11  1
91233  84.51  65.99  83.59  88.62  77.99  99.66  96.33  121.97  257.70  91.71  1
91234  89.44  68.95  78.03  88.93  85.55  100.10  89.85  137.62  101.14  178.92  0
91235  82.55  70.30  83.24  93.73  104.12  98.35  122.61  100.68  93.47  155.14  0
91236  82.30  65.87  75.76  116.44  87.60  97.22  90.42  118.05  85.22  263.57  1
91237  115.11  68.01  81.64  81.46  77.87  90.29  101.99  103.31  231.56  107.35  0
91238  70.13  65.89  87.01  114.25  76.14  138.31  104.04  97.07  296.12  207.09  1
91239  90.81  69.96  83.74  107.81  88.96  100.51  105.22  89.48  147.10  113.01  0
91240  82.11  72.24  82.51  105.97  93.17  116.96  118.97  91.37  94.58  91.20  0
91241  91.52  75.60  69.11  96.79  93.03  103.51  122.10  131.80  87.46  860.82  1
91242  83.70  67.06  78.86  93.25  76.71  93.98  89.14  121.50  849.57  168.10  1
91244  80.89  65.99  96.09  108.97  87.74  109.73  107.69  161.54  70.34  71.98  0
91245  177.72  66.85  84.03  84.47  90.71  150.43  125.54  128.16  102.54  96.77  1
91246  84.08  72.82  87.57  126.37  83.54  118.03  115.55  176.43  850.43  64.12  1
91247  103.18  71.33  79.10  91.22  85.53  93.05  86.99  112.52  156.25  114.03  0
91248  101.98  62.05  84.23  120.53  82.94  123.42  151.74  127.00  99.79  82.45  0
91249  83.39  67.49  93.81  88.95  95.19  111.88  132.61  99.00  209.96  138.03  1
91250  79.88  74.05  102.21  92.30  88.33  93.40  109.51  198.74  118.97  79.04  0
91251  93.91  63.25  84.94  85.31  80.73  129.25  101.24  114.23  94.76  160.11  0
91252  83.48  65.92  83.10  106.69  89.55  104.90  111.93  92.52  222.93  97.93  0
91253  73.12  77.00  78.67  83.63  77.92  172.71  121.12  84.86  78.80  557.63  1
91254  75.90  75.78  73.89  96.11  74.02  83.43  110.25  193.02  175.10  182.86  1
91255  89.15  67.54  77.76  88.04  82.46  95.13  103.61  120.34  574.16  107.94  0
91256  84.57  65.16  83.08  93.29  82.17  107.37  97.01  95.91  131.47  105.83  0
91258  74.93  70.97  92.81  84.44  80.68  149.94  110.24  132.01  100.95  180.48  1
91260  70.28  75.28  62.91  100.62  93.87  84.77  161.83  98.04  152.36  77.30  0
91261  88.99  72.92  80.87  101.85  80.27  103.66  89.77  243.38  149.69  95.32  0
91263  101.28  66.71  106.04  92.23  93.92  99.30  81.70  111.03  260.63  125.36  1
91264  76.87  72.44  103.84  119.07  71.80  103.00  130.23  102.16  144.32  88.46  0
91265  88.35  68.79  92.06  82.59  97.79  110.99  88.94  109.23  100.52  90.64  0
91266  97.52  72.47  80.73  125.57  90.18  102.81  103.82  92.02  127.29  95.93  0
91267  80.75  71.88  88.33  84.74  86.04  120.04  104.66  109.81  180.80  81.26  1
91268  76.78  66.60  83.06  127.17  93.58  112.74  100.29  150.59  103.01  85.83  0
91269  74.41  71.82  85.33  125.48  86.55  105.38  145.63  113.98  86.64  126.70  0
91270  98.91  67.61  79.73  76.95  70.86  91.88  104.05  94.86  229.25  115.21  1
91271  83.64  67.14  93.01  96.54  97.63  93.45  88.81  95.47  213.40  288.38  0
91275  108.81  74.03  90.18  154.57  95.38  110.03  101.98  147.07  111.06  103.82  1
91277  87.28  72.94  97.63  148.83  103.26  144.97  224.82  135.78  67.73  72.77  1
91278  82.78  73.17  86.61  103.59  92.46  106.52  87.71  98.90  125.61  71.53  1
91279  187.96  70.32  106.50  86.67  77.18  121.99  112.19  158.09  131.27  99.46  1
91280  99.24  78.89  78.92  300.99  100.80  85.02  95.26  141.49  430.08  99.38  1
91283  80.49  72.42  81.49  124.79  106.60  137.53  143.85  144.63  128.26  81.58  0
91284  78.71  67.33  69.94  113.05  80.24  113.93  94.98  158.09  147.96  221.22  1
91285  77.04  76.23  74.29  108.92  81.57  104.26  112.64  119.68  270.56  77.26  1
91286  91.31  79.21  84.94  100.16  95.14  104.06  85.45  144.87  152.71  81.77  0
91287  85.49  71.22  109.04  80.75  96.00  97.12  108.62  214.67  94.35  576.61  1
91288  78.07  75.89  84.69  103.02  88.72  123.42  99.97  120.20  121.80  138.85  0
91289  78.21  73.20  91.29  96.48  91.53  113.36  109.87  145.62  138.33  114.54  0
91290  97.66  68.27  74.66  105.66  86.64  96.17  113.85  147.46  192.76  268.05  1
91291  103.17  69.33  84.75  111.96  83.16  108.05  153.71  172.27  91.55  148.51  0
91292  94.25  72.06  88.85  100.11  83.79  100.18  121.06  130.25  340.92  93.55  1
91293  92.57  70.11  94.22  93.11  82.16  117.91  107.87  164.10  164.59  101.84  1
91294  88.49  69.11  76.01  75.94  80.96  97.44  106.92  185.70  143.04  258.48  1
91295  82.80  57.90  90.38  131.71  88.86  80.58  114.61  110.96  160.05  858.82  1
91296  89.67  69.33  83.11  102.48  85.18  94.49  96.89  538.96  234.69  131.73  1
91297  86.96  66.18  89.19  99.03  82.63  78.78  110.20  145.15  152.39  151.75  0
91298  85.92  69.91  92.05  81.78  101.40  99.71  89.88  141.31  136.75  90.82  0
91299  92.39  69.98  83.09  110.65  78.82  108.19  125.12  184.10  205.07  112.72  1
91300  80.78  73.68  74.21  211.22  78.68  105.40  107.10  157.49  85.83  88.46  1
91302  69.97  65.08  80.57  87.29  90.39  94.17  97.96  118.79  92.00  72.66  0
91303  84.13  73.53  85.43  80.03  98.11  111.76  144.90  176.10  843.91  113.40  1
91304  91.25  72.10  83.80  105.59  80.85  97.84  108.12  103.34  103.88  132.08  0
91305  107.98  86.24  97.04  130.61  79.83  92.15  100.77  171.06  229.48  132.56  0
91306  80.96  71.56  86.01  102.01  93.08  120.25  74.58  123.76  858.62  188.69  1
91307  96.81  71.19  91.12  90.64  84.71  96.56  139.49  143.89  81.94  131.74  0
91308  89.76  64.98  86.87  235.73  90.87  130.62  127.39  132.85  226.11  85.74  1
91309  95.24  71.09  91.12  99.15  79.58  474.78  89.42  188.80  97.59  182.74  1
91310  97.58  69.66  88.54  106.30  90.45  209.92  114.29  137.73  124.38  98.00  0
91311  102.32  65.46  79.72  108.20  153.70  401.07  79.04  115.69  238.99  192.27  1
91312  129.58  153.35  86.22  106.83  107.92  74.22  93.23  711.40  89.78  108.83  1
91313  69.97  71.75  88.95  82.14  79.69  106.40  139.50  102.70  234.97  207.67  1
91314  90.11  74.15  78.34  98.16  81.86  102.02  108.25  262.34  575.88  91.37  0
91315  108.68  66.80  80.17  94.34  102.77  121.11  120.52  135.02  115.36  103.50  0
91316  175.13  67.43  92.49  90.72  76.31  125.69  97.27  132.35  155.99  211.12  1
91317  92.64  67.92  101.04  103.78  86.89  120.54  94.55  118.95  228.07  99.26  0
91318  83.50  67.52  79.54  99.57  79.24  116.62  107.99  146.13  97.96  103.00  0
91319  68.57  70.17  88.52  87.59  86.41  79.19  145.80  134.71  189.25  197.08  1
91320  70.07  74.98  68.54  94.83  86.38  133.88  121.81  218.32  165.49  190.07  1
91321  91.97  69.48  81.14  88.10  108.04  123.75  105.69  145.48  592.42  93.60  1
91322  77.31  72.50  81.56  115.04  93.58  114.85  100.42  222.89  148.00  208.69  1
91323  79.39  69.78  106.31  82.32  91.35  99.19  126.38  171.37  115.38  75.51  0
91324  78.16  68.94  78.19  114.71  89.15  90.73  106.35  112.02  76.28  102.46  0
91325  72.43  72.74  77.08  96.07  82.50  86.52  110.52  122.33  382.93  84.96  1
91326  92.32  70.50  86.74  92.26  88.90  127.84  108.56  165.86  190.52  381.91  1
91327  82.01  73.83  81.96  106.76  100.80  133.74  106.56  135.33  99.37  102.86  0
91328  96.80  68.94  83.21  114.95  86.95  85.98  93.74  154.06  309.81  90.56  1
91330  137.30  88.90  263.89  580.12  162.83  89.21  147.08  137.48  88.93  176.42  1
91331  78.36  69.49  90.79  96.33  84.29  105.52  103.26  110.66  174.52  106.83  1
91332  87.29  69.78  82.48  89.30  76.61  104.12  101.67  131.54  138.29  210.53  1
91333  88.07  63.36  87.16  131.99  81.02  76.76  170.58  134.38  150.45  145.44  1
91334  86.62  68.58  90.60  108.41  97.09  157.35  107.59  119.18  162.21  83.40  1
91335  110.21  75.03  87.29  98.09  79.47  98.28  101.54  110.40  244.48  104.45  1
91338  202.30  76.61  87.69  170.00  167.22  101.69  102.84  146.06  63.80  67.29  1
91341  94.26  63.99  89.50  85.84  87.76  112.80  92.14  133.41  272.06  87.21  1
91342  107.80  70.76  80.71  90.10  87.24  93.63  86.31  111.58  263.91  139.32  1
91343  75.03  67.94  83.09  92.32  82.82  108.96  78.37  136.29  182.36  184.70  1
91344  78.92  67.50  87.71  85.95  87.06  115.38  131.11  177.65  258.51  118.01  1
91345  94.39  72.51  73.00  101.61  78.31  99.24  156.94  151.86  135.51  110.09  0
91346  76.58  71.97  84.17  100.60  87.15  129.81  161.44  151.53  131.25  103.50  0
91347  95.67  66.02  76.28  132.56  90.65  96.61  102.74  128.52  255.63  282.11  0
91348  81.34  68.15  85.98  87.90  98.44  88.08  111.17  227.53  139.97  311.58  1
91355  99.11  70.77  77.73  92.82  93.93  104.26  118.66  109.91  170.01  147.62  1
91356  86.22  69.76  86.06  136.43  86.69  102.01  108.68  136.84  660.01  93.78  1
91357  88.90  69.93  83.69  101.73  99.35  98.63  125.55  117.67  143.07  78.97  0
91358  78.64  72.94  64.57  94.04  92.50  93.14  108.04  179.24  250.07  108.50  1
91359  74.22  73.77  73.93  87.30  88.89  371.78  152.61  187.18  242.93  848.61  1
91360  84.74  65.75  84.52  93.62  95.13  98.40  104.50  123.59  493.12  108.86  1
91361  84.68  72.48  79.15  98.78  88.31  97.13  95.72  122.91  205.65  102.47  0
91362  93.15  67.36  78.27  111.06  86.43  107.85  114.61  166.24  77.50  641.01  1
91363  91.53  72.49  74.80  98.32  81.44  99.91  132.61  83.12  112.40  85.61  0
91364  77.41  71.51  89.86  94.37  88.46  201.13  100.28  99.85  191.33  89.94  1
91365  94.68  75.74  81.87  111.80  86.38  91.01  121.70  116.68  165.43  131.07  0
91366  89.55  71.07  91.77  113.74  89.54  164.50  104.82  132.00  133.36  93.06  0
91367  80.43  74.15  85.68  113.20  89.05  104.10  127.52  98.98  265.06  110.86  1
91368  86.75  70.94  92.23  93.86  87.20  80.29  125.62  135.31  90.95  284.98  1
91369  90.94  77.10  84.35  97.54  91.89  98.49  126.27  101.86  98.13  387.43  1
91370  93.23  71.06  78.43  113.02  89.04  90.61  109.07  98.70  119.31  92.52  0
91371  80.55  67.34  84.02  96.52  79.78  121.39  95.83  121.83  128.39  126.35  0
91372  101.35  67.33  87.66  114.93  84.31  99.42  187.31  98.36  291.47  132.29  1
91373  104.42  74.10  88.99  98.26  79.73  101.27  108.46  243.46  303.22  582.49  1
91374  84.12  76.96  125.11  89.22  90.17  116.51  121.05  82.56  78.73  215.87  0
91375  87.68  67.99  68.14  103.11  74.88  153.66  111.87  136.85  310.91  212.22  1
91376  85.11  72.09  90.72  136.64  90.32  110.12  117.01  176.23  116.88  174.22  0
91377  76.62  69.52  86.59  179.59  91.20  87.31  170.98  128.55  375.89  84.01  1
91379  93.93  75.18  92.30  94.70  81.18  96.33  127.81  94.67  855.03  106.24  1
91380  92.53  72.98  77.10  108.30  90.99  107.95  117.94  118.32  840.95  104.27  1
91381  84.26  70.28  77.24  116.01  86.13  132.61  125.36  115.86  131.80  93.38  0
91382  92.60  66.73  85.50  90.26  91.64  72.95  83.24  108.22  105.58  281.57  1
91383  91.21  71.24  85.15  111.61  90.68  100.86  119.87  130.17  191.55  72.95  0
91384  84.16  64.62  98.28  98.12  84.75  101.18  118.30  116.75  141.21  107.18  0
91385  94.39  67.26  81.85  95.50  97.78  101.00  91.15  115.42  154.67  145.74  0
91386  78.85  73.50  83.67  97.28  94.17  117.03  134.36  146.69  338.85  150.36  0
91387  92.89  68.61  104.96  95.76  83.98  80.47  99.98  117.75  431.36  89.62  0
91388  99.05  71.53  84.20  87.70  74.77  114.51  113.94  136.37  586.07  153.47  0
91389  86.93  66.36  72.81  100.72  82.60  122.42  126.67  149.30  164.02  78.56  0
91390  94.77  72.00  91.23  105.11  75.58  160.37  90.38  215.08  152.52  95.28  0
91391  89.20  69.57  95.76  88.41  89.73  81.77  101.97  103.23  272.43  71.58  1
91392  82.51  71.88  85.56  102.85  87.67  84.97  97.63  109.17  201.15  111.32  1
91393  84.00  70.69  80.10  186.72  90.70  88.97  111.98  107.62  164.76  111.57  1
91394  79.20  65.70  100.00  114.21  83.58  112.88  102.87  105.52  153.86  840.92  1
91395  124.25  71.89  78.60  100.46  92.09  94.14  89.98  97.99  91.57  279.34  1
91396  99.00  66.10  82.58  103.12  84.12  102.26  104.35  123.28  208.53  98.29  0
91397  82.77  70.57  80.38  86.49  86.74  96.32  125.05  145.80  113.02  853.19  1
91399  75.02  70.05  75.76  99.55  87.34  109.71  102.77  142.72  248.51  105.77  1
91400  102.08  70.14  93.74  93.68  89.33  123.22  109.69  117.84  157.27  114.93  1
91401  76.68  63.32  92.54  75.10  79.54  70.11  92.65  108.22  85.33  92.87  0
91402  72.17  69.60  73.10  85.40  77.42  88.11  110.73  137.42  92.48  96.91  0
91403  90.00  67.33  74.30  196.95  93.98  99.78  119.46  224.34  343.68  71.66  1
91404  78.30  74.25  80.18  574.42  82.42  123.27  106.12  100.26  85.75  866.93  1
91405  82.41  62.48  78.83  103.57  82.94  117.73  84.11  88.73  134.18  61.90  0
91406  135.22  78.48  72.72  98.85  86.11  107.55  132.70  111.63  72.71  139.07  1
91407  212.47  97.98  89.34  135.15  118.13  171.21  128.84  149.05  81.15  92.15  0
91408  97.99  72.85  96.88  106.68  81.19  115.70  121.05  91.63  88.13  221.16  1
91409  76.62  66.89  96.76  107.77  83.96  85.29  75.28  221.64  171.95  166.96  1
91410  74.59  71.04  91.69  96.63  79.77  99.86  92.20  134.65  257.21  290.04  1
91411  92.49  67.07  89.57  122.82  94.66  86.26  97.56  138.45  154.18  109.69  1
91412  99.35  67.03  89.50  125.20  87.08  88.89  101.01  103.13  854.59  80.56  1
91413  80.00  70.92  105.67  95.55  85.32  91.06  95.18  100.60  845.84  125.58  1
91414  166.00  61.73  63.42  99.53  93.45  98.41  96.50  104.81  50.73  110.45  1
91415  104.68  66.07  79.51  216.77  79.89  102.72  114.33  81.55  81.94  110.06  1
91416  86.26  70.15  85.23  89.37  81.65  92.13  98.48  116.66  144.59  142.84  1
91417  76.41  67.46  88.52  89.26  78.96  105.60  98.65  123.41  183.50  858.64  1
91418  84.49  67.44  84.29  99.61  81.33  111.40  107.42  120.89  254.87  338.48  1
91419  97.70  75.07  74.48  121.55  86.87  130.26  137.24  96.70  158.87  163.10  1
91420  102.65  70.10  75.87  91.13  88.46  98.67  131.86  99.91  201.72  150.60  0
91421  83.85  72.20  77.49  117.57  90.19  120.61  120.57  137.66  141.37  85.09  1
91422  87.14  71.86  93.14  96.45  107.60  85.02  111.27  110.58  164.36  150.54  0
91423  82.54  73.30  91.73  90.80  90.69  111.40  111.82  94.18  223.87  124.95  1
91424  80.11  73.44  101.58  95.67  80.10  106.41  91.32  99.13  96.26  716.68  1
91425  74.85  69.49  93.04  124.76  90.19  106.71  111.28  97.91  201.13  110.86  1
91426  82.67  71.95  78.96  90.80  84.84  116.44  119.36  113.19  160.50  833.35  1
91427  77.10  68.51  86.31  100.75  86.81  103.91  126.31  116.85  87.42  74.68  0
91428  87.42  65.17  94.58  92.75  86.96  115.65  167.81  119.62  230.19  166.24  1
91429  88.30  66.74  77.32  98.25  89.40  94.07  93.10  119.35  98.42  120.38  0
91430  79.50  74.91  85.73  85.48  84.53  105.91  98.29  91.20  83.00  115.39  0
91431  84.42  67.44  81.40  194.32  93.11  125.44  105.85  193.57  871.66  83.09  1
91432  105.37  75.11  85.74  100.84  83.97  117.87  88.00  86.55  167.84  86.42  0
91433  94.63  66.83  75.74  92.85  88.32  113.49  102.08  117.77  595.81  72.03  1
91434  93.65  65.05  92.19  106.63  97.56  85.00  112.77  117.83  112.73  868.11  1
91435  83.27  71.73  89.86  101.14  89.02  101.47  84.70  115.37  846.76  124.83  1
91436  102.58  66.76  74.64  107.93  93.48  93.27  96.49  119.73  576.66  115.68  0
91437  115.14  67.17  87.19  89.51  90.15  94.87  89.27  103.57  116.88  96.42  0
91438  80.62  71.28  82.77  121.62  88.70  95.84  126.20  120.20  583.77  183.34  0
91439  82.78  73.73  92.85  94.07  82.80  123.93  83.76  122.15  113.61  140.98  0
91440  74.15  76.72  80.00  92.28  89.65  101.44  102.51  117.65  359.63  127.94  0
91441  78.12  71.34  94.67  98.74  83.05  118.60  109.44  140.36  126.95  108.41  0
91442  110.31  67.31  85.83  94.39  81.46  99.36  102.31  119.56  116.39  185.42  1
91443  92.72  63.98  82.06  105.83  81.05  94.23  100.38  115.54  203.95  205.03  1
91444  82.52  83.59  78.36  173.44  93.92  79.21  105.86  85.02  132.05  129.69  1
91445  69.65  68.52  81.70  84.45  83.80  106.22  125.69  134.11  141.28  527.96  0
91446  89.22  68.52  79.60  86.14  79.92  111.45  146.97  112.77  113.57  202.07  0
91447  87.40  71.96  86.39  109.88  84.33  102.04  104.50  93.56  96.41  210.52  1
91448  86.74  72.41  79.53  88.39  93.31  127.23  101.67  127.08  152.73  73.74  0
91449  90.83  70.37  79.09  109.96  85.01  114.97  101.05  129.44  92.88  171.91  1
91450  88.45  74.01  93.26  87.42  85.74  100.22  102.60  114.62  186.03  83.48  1
91451  82.16  70.39  86.03  94.40  108.51  96.81  103.00  118.54  210.16  585.57  1
91452  75.21  69.33  78.39  96.99  77.75  103.51  108.99  127.65  767.14  154.88  1
91453  87.34  68.32  97.47  94.89  85.34  108.34  138.25  119.03  255.48  114.63  1
91454  89.70  74.94  95.36  106.69  100.63  125.68  94.31  112.80  141.34  198.60  1
91455  83.36  69.43  92.72  96.76  82.73  95.61  109.11  116.21  211.93  129.43  1
91456  172.98  70.99  97.01  90.21  90.87  100.57  86.04  92.95  586.94  79.45  0
91457  89.74  74.11  83.44  101.64  88.27  142.29  94.25  112.88  159.66  119.86  1
91458  84.73  71.31  92.17  89.69  80.04  110.56  88.79  109.35  102.07  258.37  1
91459  73.37  71.49  75.36  95.08  84.33  99.20  100.53  116.70  172.05  110.47  1
91460  117.88  72.17  72.93  99.26  91.85  133.54  95.67  88.28  269.56  103.44  1
91461  72.06  71.99  78.45  102.99  85.25  87.29  113.24  155.30  196.96  91.34  1
91462  98.39  74.75  78.09  121.01  93.15  91.05  90.76  96.06  166.01  83.35  0
91463  110.92  96.64  86.94  68.52  80.40  155.62  94.74  141.17  830.83  94.96  1
91467  104.80  67.33  90.84  90.08  97.81  101.46  97.33  136.21  566.21  79.33  0
91468  97.84  69.70  80.49  98.29  84.21  115.55  87.69  115.66  167.10  140.79  0
91469  78.20  67.68  94.66  97.96  77.33  119.06  98.36  99.82  130.20  163.98  0
91470  94.37  66.61  86.48  117.92  86.68  94.90  97.60  124.59  169.56  580.96  1
91471  78.11  67.57  104.17  88.95  73.45  90.82  94.56  101.77  177.94  132.84  1
91472  119.49  67.36  80.45  98.76  87.67  94.31  102.59  102.84  132.14  74.40  0
91473  97.81  69.91  90.82  111.78  81.61  94.68  102.32  105.99  126.07  87.98  0
91474  80.01  68.45  75.07  97.20  84.36  105.73  117.40  112.57  110.04  119.45  0
91475  70.74  72.03  88.04  122.04  84.65  101.84  92.15  96.23  124.20  169.07  0
91476  78.93  71.29  92.40  91.81  87.86  93.96  103.30  103.42  128.90  77.21  0
91477  87.06  65.15  79.52  92.91  88.47  119.00  110.65  116.72  82.53  112.04  0
91478  75.94  73.44  78.20  195.49  93.05  90.86  143.51  110.54  154.03  150.77  1
91479  85.31  68.15  80.77  110.20  77.03  108.87  104.69  103.95  96.71  102.00  0
91480  84.21  62.58  88.97  101.87  94.97  102.70  108.96  98.64  130.57  71.88  1
91481  79.49  71.96  90.36  96.72  91.80  93.89  104.10  99.11  402.55  70.74  0
91482  105.96  70.73  95.57  100.90  83.93  95.10  90.98  175.42  151.58  333.82  1
91483  79.63  65.37  77.03  84.06  86.33  110.54  114.76  119.78  89.57  84.84  0
91484  103.97  72.79  75.99  112.34  85.44  71.57  100.27  100.52  141.73  119.00  0
91485  95.28  66.62  80.06  81.00  78.94  91.67  88.38  120.14  132.09  94.39  0
91486  78.60  75.93  87.97  91.13  73.87  84.75  104.14  145.37  870.78  154.14  1
91487  95.75  64.85  86.06  88.08  85.41  90.57  111.27  128.08  118.27  101.00  0
91488  94.31  71.41  84.67  110.65  96.63  104.00  105.44  124.91  144.13  125.69  1
91489  84.72  72.01  84.57  105.79  90.28  126.98  92.98  128.29  81.20  140.18  0
91490  88.31  67.67  91.08  107.60  77.59  107.40  109.22  117.23  120.61  94.53  0
91491  96.37  70.11  79.14  149.21  98.11  111.62  102.72  126.84  213.53  101.00  1
91492  78.91  69.69  87.84  95.09  87.73  105.64  89.98  98.06  167.13  110.42  1
91493  95.30  70.64  80.89  103.18  81.83  102.68  122.25  119.82  124.61  95.61  0
91494  74.29  77.55  84.26  112.67  82.01  104.25  107.44  102.54  91.34  84.93  0
91495  94.97  72.52  79.69  75.10  87.08  98.86  87.58  107.07  848.71  191.19  1
91496  100.25  66.85  79.41  105.85  81.37  85.65  116.97  115.31  204.98  140.89  0
91497  80.45  71.23  90.48  115.66  96.83  151.58  113.98  95.90  89.39  145.31  0
91498  84.45  71.61  87.52  102.13  85.02  97.95  104.08  121.01  196.59  78.77  1
91499  86.30  69.66  79.29  103.32  72.06  89.40  118.16  97.67  206.96  855.63  1
91500  90.12  75.42  100.16  86.39  81.45  97.43  115.15  138.58  166.94  74.74  0
91501  83.37  75.36  65.05  86.03  89.12  113.30  268.73  116.78  133.13  618.07  1
91502  85.71  70.41  77.22  97.65  87.18  89.05  99.92  118.22  269.31  96.77  1
91503  83.97  66.95  78.84  124.27  88.89  125.18  109.44  118.38  112.28  296.20  1
91504  90.12  65.10  84.11  106.34  85.24  139.51  91.18  113.09  576.75  195.82  1
91505  98.13  71.59  101.72  96.55  84.93  90.92  117.73  122.43  273.69  100.68  1
91507  94.62  79.00  91.81  92.73  84.57  96.12  98.85  86.82  103.82  641.53  1
91508  76.37  68.45  81.68  115.53  84.62  92.80  96.21  144.84  124.76  853.19  1
91509  90.82  70.95  99.02  90.90  79.48  93.31  106.33  110.59  106.94  131.44  0
91510  97.50  72.04  74.44  78.09  78.92  107.61  101.56  137.56  88.20  192.10  1
91511  93.26  68.89  78.42  99.18  82.12  124.65  93.67  138.97  82.26  82.67  0
91512  89.83  69.42  94.64  98.27  99.12  103.48  113.13  119.86  117.66  105.57  0
91513  92.90  66.89  79.97  106.75  86.10  124.18  97.45  91.63  153.53  106.56  1
91514  85.70  73.10  87.29  102.95  88.11  81.71  106.69  93.84  453.46  67.14  1
91515  79.03  76.21  72.57  78.89  85.14  113.56  102.96  100.53  496.75  171.54  1
91516  84.65  70.71  82.61  91.26  87.69  126.99  113.23  103.99  228.18  113.46  1
91517  103.89  70.09  90.80  99.20  87.82  103.36  110.89  149.96  234.15  94.41  1
91518  92.60  66.77  85.33  93.49  81.43  98.45  92.25  155.72  152.89  168.39  1
91519  105.74  68.89  75.44  124.68  83.22  102.41  97.96  121.15  131.26  95.51  0
91520  100.04  68.51  81.83  93.91  96.36  109.97  104.72  181.49  522.25  392.04  1
91521  79.97  71.57  76.06  86.38  89.51  93.33  123.18  118.99  121.43  143.77  0
91522  68.54  67.62  79.50  123.68  89.07  90.90  93.62  145.74  114.63  85.34  0
91523  95.78  65.94  96.31  116.10  86.52  104.75  103.58  141.83  354.54  120.56  1
91524  85.92  75.34  85.60  95.34  83.90  105.11  113.80  93.05  261.63  157.25  0
91525  89.53  72.49  74.89  93.58  77.60  103.46  105.71  142.09  251.06  97.58  1
91526  89.73  81.68  86.75  101.38  81.32  101.91  97.88  90.15  215.41  156.75  1
91527  87.91  72.41  93.27  103.82  86.93  99.55  97.58  110.83  83.62  84.78  0
91530  88.48  77.75  104.58  157.71  98.52  184.18  90.40  64.71  77.79  70.61  0
91531  94.52  70.22  82.32  102.67  97.29  109.03  144.43  131.00  96.63  115.99  0
91532  95.28  68.31  80.81  100.50  85.00  105.13  121.51  109.39  201.05  239.87  1
91533  100.11  76.42  79.77  90.32  80.29  108.17  91.78  95.06  163.83  860.99  1
91534  90.88  67.51  73.52  114.91  81.89  101.82  95.82  111.37  130.36  127.08  0
91535  83.49  68.49  84.04  95.95  94.48  117.48  109.94  125.71  95.23  108.60  0
91536  106.73  73.05  81.05  202.24  79.97  109.38  104.17  130.13  151.10  140.06  1
91537  100.40  68.68  86.42  88.77  84.68  86.76  114.83  93.55  260.41  580.40  1
91538  76.42  69.26  86.68  99.21  82.69  101.90  94.10  119.20  112.99  119.92  0
91539  97.51  69.82  78.86  78.21  69.16  81.15  104.59  133.16  64.84  85.23  0
91540  78.08  69.43  83.45  117.15  79.34  104.27  114.77  126.77  104.37  866.79  1
91541  85.74  70.86  86.76  99.18  86.76  91.46  112.56  122.14  586.24  188.37  1
91542  79.44  70.46  90.48  96.01  76.77  112.37  91.29  115.13  105.70  157.53  0
91543  89.27  61.79  73.68  84.16  84.02  145.53  99.98  89.17  189.88  118.76  1
91544  79.00  65.93  77.42  100.23  97.53  91.73  107.30  159.33  301.20  99.08  1
91546  110.65  66.36  84.17  198.64  80.96  105.15  118.04  103.62  571.12  171.38  1
91547  99.19  65.72  87.21  91.89  88.00  87.47  99.41  138.73  173.94  120.30  0
91548  94.34  67.85  79.67  90.75  78.57  142.39  97.82  111.93  366.58  105.54  1
91549  110.77  72.31  92.08  96.14  81.16  102.10  128.53  120.99  272.56  82.41  0
91550  104.01  67.59  90.31  88.90  91.47  91.76  125.44  130.32  141.05  164.82  1
91551  91.78  70.61  80.17  101.81  91.82  109.06  104.44  264.97  81.25  103.11  0
91552  83.11  68.13  85.57  89.43  80.88  98.33  108.05  112.79  244.68  859.90  1
91553  78.20  108.04  90.23  104.83  110.24  89.40  106.17  170.20  99.90  64.84  0
91554  95.13  72.17  80.51  98.57  82.75  104.79  130.82  262.61  265.14  150.15  1
91555  79.59  69.27  80.50  108.59  78.85  100.40  119.15  111.55  112.96  115.96  0
91556  83.22  70.14  93.43  98.14  93.65  104.15  98.10  152.79  198.52  122.67  0
91557  77.31  77.15  89.37  88.74  89.74  95.17  113.27  226.32  438.08  115.39  1
91558  121.27  72.17  81.71  104.82  78.47  130.52  97.23  123.37  96.37  227.90  1
91559  85.53  73.70  81.79  143.39  83.02  102.76  113.60  142.35  186.79  92.80  1
91561  82.89  67.39  93.46  113.70  80.32  93.79  117.46  166.75  709.92  155.94  1
91562  78.67  72.32  85.64  85.83  81.44  101.40  106.03  139.35  176.87  128.87  1
91563  93.57  68.13  77.99  100.57  92.92  95.05  93.26  178.12  212.79  94.92  1
91564  102.24  69.33  83.33  100.27  82.45  83.29  95.34  136.75  102.17  834.09  1
91565  85.59  75.58  80.76  100.24  77.70  92.60  110.48  141.79  303.40  106.63  0
91566  98.82  63.50  83.92  101.42  79.53  84.49  91.09  115.85  165.12  82.49  0
91567  104.47  69.92  77.32  98.17  82.29  136.21  95.21  188.46  221.86  85.81  1
91568  88.10  68.24  80.81  84.21  91.48  89.79  93.29  165.75  209.90  157.16  1
91569  86.20  70.28  81.97  82.95  86.68  113.48  94.54  160.91  97.71  100.55  0
91570  92.72  65.60  87.99  97.43  86.89  98.07  100.98  187.00  862.62  875.97  1
91571  74.76  75.75  79.99  103.36  94.31  120.22  147.96  194.62  127.60  316.62  0
91572  84.32  72.68  85.11  98.34  82.90  110.34  107.47  123.09  243.88  98.71  1
91573  73.02  70.10  95.41  124.93  84.53  108.00  133.29  123.28  78.67  95.55  0
91574  90.89  69.55  90.02  149.03  89.31  120.93  162.28  208.97  120.33  92.79  1
91575  93.09  69.72  99.07  104.88  91.04  96.55  104.26  158.44  115.91  86.86  0
91576  88.14  68.11  67.46  196.78  79.78  100.60  100.68  116.89  106.74  859.24  1
91577  74.81  67.34  124.74  78.80  81.55  66.77  123.72  190.04  156.69  561.95  1
91578  100.94  63.59  92.16  162.49  70.96  109.85  106.35  123.09  176.01  867.49  1
91579  83.80  76.24  89.56  91.10  86.42  113.58  103.05  107.72  141.43  169.64  1
91590  84.02  64.96  69.65  82.80  72.85  72.33  80.83  83.20  869.98  888.18  1
91593  169.83  71.92  581.57  72.34  830.80  104.34  119.75  144.97  86.79  75.92  1
91596  132.09  65.57  72.38  94.11  133.57  162.28  112.74  81.26  83.36  565.01  1
91597  84.49  160.59  78.55  95.60  101.38  92.63  109.24  69.70  113.14  166.63  1
91599  119.17  92.85  89.77  182.07  104.00  123.65  110.09  86.82  108.93  107.29  0
91602  126.80  91.67  89.83  152.27  74.11  166.12  62.30  137.66  58.48  277.83  1
91603  148.84  68.98  94.83  81.51  98.38  138.14  131.42  90.05  106.38  115.45  1
91604  63.64  65.63  62.41  75.13  89.73  79.33  197.37  86.83  298.55  62.35  1
91605  67.73  56.17  83.47  92.72  88.63  128.74  107.45  239.02  167.43  96.24  1
91606  96.35  64.60  135.75  79.19  78.92  144.49  113.76  126.83  175.57  334.92  1
91607  85.76  65.04  92.46  83.89  93.46  81.62  98.34  196.50  412.81  870.36  1
91608  95.32  79.40  80.63  101.59  120.48  98.63  126.73  129.05  179.85  116.40  1
91609  68.79  67.18  92.26  875.86  85.53  188.28  85.94  140.99  848.74  208.87  1
91610  59.76  75.26  85.54  89.94  73.85  100.35  149.00  101.38  193.93  854.80  1
91611  87.59  67.23  91.26  104.83  85.05  126.85  275.35  363.72  270.40  90.39  1
91612  61.01  71.06  79.49  89.94  87.13  103.38  77.94  577.81  110.21  69.17  1
91614  91.69  71.28  95.40  104.42  88.23  167.04  184.71  124.80  114.61  166.47  0
91615  90.99  70.54  93.28  99.80  82.74  118.33  112.23  166.20  110.21  102.59  0
91616  103.21  67.52  68.79  172.89  110.88  173.21  107.71  82.57  306.79  588.56  0
91617  200.96  90.66  119.38  141.11  142.67  109.30  122.44  115.75  107.70  108.36  0
91618  175.56  92.02  127.29  146.35  136.00  107.30  119.64  106.53  106.31  118.85  0
91619  203.28  86.77  113.91  123.82  148.20  107.46  111.59  115.20  121.96  108.28  0
91620  165.09  96.81  115.68  133.17  126.63  106.80  110.94  105.91  102.29  113.90  0
91621  369.14  94.79  134.19  129.49  125.03  124.08  130.78  110.96  122.64  99.35  0
91622  126.45  91.00  124.57  116.38  136.49  102.80  116.75  116.32  141.10  113.35  0
91623  221.84  91.12  113.19  124.69  119.58  121.34  120.88  109.61  117.67  111.30  0
91624  162.25  86.32  124.13  126.42  143.71  115.56  121.23  135.79  104.61  123.76  0
91625  599.86  77.19  110.46  172.27  142.36  106.56  137.89  166.22  103.25  74.42  1
91626  109.15  69.88  96.64  152.36  181.48  133.85  117.68  74.44  819.28  97.82  1
91627  116.76  84.73  117.76  113.77  120.78  98.14  100.07  95.51  82.34  124.44  0
91628  179.64  86.50  118.20  142.47  156.16  104.52  143.02  113.89  113.53  135.62  0
91629  159.99  78.32  134.88  136.68  140.22  142.05  112.40  109.84  116.52  98.25  0
91630  95.07  95.62  119.82  154.49  114.34  90.12  93.83  126.70  88.36  101.34  0
91631  223.32  99.29  110.21  111.26  119.71  121.50  117.55  119.49  107.00  92.35  1
91632  80.34  95.41  163.15  139.33  124.69  159.34  184.06  93.21  76.99  78.88  0
91633  280.57  119.12  95.01  127.62  85.80  112.85  157.72  88.32  88.90  95.72  1
91634  116.28  88.24  115.78  138.53  131.91  112.68  119.28  114.11  117.66  101.16  0
91635  141.15  89.42  156.39  153.47  145.92  117.92  144.45  135.12  112.38  128.75  0
91636  133.26  86.29  145.75  118.15  177.51  132.71  134.60  127.35  94.59  97.40  0
91637  142.24  94.65  109.70  140.81  136.50  131.70  118.84  120.90  131.03  100.16  0
91638  131.90  83.75  107.01  153.65  185.29  117.55  116.18  177.97  127.54  103.88  0
91639  67.19  100.18  77.60  114.79  301.37  96.11  116.39  83.54  113.58  80.17  1
91640  127.66  60.37  106.47  213.69  143.17  149.01  81.85  127.66  94.24  683.44  1
91641  119.93  108.50  139.25  119.71  160.95  95.51  133.42  132.67  120.79  93.06  0
91642  118.27  82.22  122.44  128.38  133.61  107.35  134.70  101.98  88.47  123.33  0
91645  100.25  120.24  85.97  114.85  126.29  79.95  97.66  151.45  250.13  85.06  1
91646  85.35  86.84  82.14  89.91  117.39  89.52  88.98  120.58  108.65  99.60  0
91647  130.97  81.37  136.03  143.70  184.71  102.80  133.23  93.33  77.71  181.28  1
91648  144.94  121.70  87.92  131.28  145.56  101.72  122.77  121.34  90.21  131.74  0
91649  66.95  72.84  101.22  94.09  160.71  93.86  76.47  75.73  135.79  793.89  1
91650  117.42  83.98  128.49  130.54  148.92  124.46  120.56  135.13  89.34  96.96  0
91651  142.85  81.11  117.02  100.54  198.16  118.00  129.78  128.07  120.72  101.25  0
91655  106.33  69.57  99.50  102.82  86.40  136.24  128.99  172.00  107.19  99.63  0
91656  96.24  73.24  93.16  111.18  88.89  118.10  153.27  103.70  135.72  137.82  0
91657  77.56  69.04  89.86  140.39  90.83  113.65  90.54  114.70  848.88  827.96  1
91658  102.02  74.35  91.21  98.14  87.02  118.41  129.37  145.60  245.24  98.38  1
91659  90.53  71.37  85.57  99.50  91.00  104.39  158.00  136.38  155.50  145.02  1
91662  80.92  68.56  118.15  94.61  80.86  76.06  91.70  116.45  68.22  162.38  0
91663  84.10  66.21  75.43  94.62  91.38  96.31  108.01  128.75  112.52  78.13  0
91664  89.40  75.44  80.04  112.15  89.20  97.18  111.28  200.58  86.25  98.55  0
91665  87.24  68.78  85.59  88.52  86.83  102.13  103.49  162.16  131.92  144.74  0
91666  101.06  69.48  101.98  117.96  100.21  98.72  108.00  135.03  577.10  128.46  1
91667  98.96  70.92  75.67  106.76  78.89  109.94  97.32  115.70  239.50  95.02  1
91668  96.40  66.74  78.11  82.69  87.58  87.91  89.74  125.45  83.24  124.23  0
91671  80.45  71.33  81.16  168.27  80.72  109.77  84.53  67.81  580.79  187.46  1
91672  407.60  148.58  117.62  185.15  133.63  75.35  105.74  180.57  145.49  123.52  1
91675  78.85  72.72  70.45  106.62  86.47  94.29  80.45  64.47  884.63  229.42  1
91676  91.17  69.10  91.03  99.17  87.00  100.62  74.33  96.07  84.66  142.69  0
91677  74.59  64.20  94.23  203.89  89.23  239.39  86.00  93.34  84.09  95.92  1
91680  100.31  65.83  75.25  143.73  81.33  71.92  107.77  91.71  70.75  141.12  1
91681  160.50  64.09  73.99  376.44  89.37  94.36  92.38  80.89  90.17  94.22  1
91682  81.06  88.40  76.33  109.84  77.91  139.33  86.97  94.22  181.82  122.04  1
91683  85.66  65.38  125.56  96.88  74.69  95.88  317.35  587.04  90.96  859.99  1
91684  82.43  73.92  70.52  96.50  85.87  93.70  82.19  98.97  278.73  587.35  0
91685  74.10  70.67  82.13  165.77  80.97  111.60  98.76  148.58  218.92  97.10  1
91686  79.70  68.97  86.26  97.76  85.27  89.37  102.54  112.19  110.11  106.25  0
91687  91.61  77.74  89.84  116.73  88.00  120.21  93.31  114.39  91.73  134.00  0
91688  103.97  63.55  86.87  100.05  88.99  90.03  96.79  99.31  89.77  871.52  1
91689  90.47  75.43  88.87  104.11  87.27  112.41  98.71  105.00  179.05  131.75  1
91690  87.48  70.46  84.83  103.14  96.65  89.60  105.66  107.25  212.96  87.46  0
91691  88.26  67.40  79.38  79.76  80.40  101.71  117.84  89.76  862.78  165.44  1
91692  91.54  69.94  89.21  97.80  81.29  104.50  104.07  151.29  590.26  123.20  0
91693  82.53  64.66  105.60  78.88  76.81  130.23  106.60  95.18  130.36  74.69  0
91694  107.00  62.58  79.78  80.22  95.39  82.69  76.57  77.59  96.60  99.16  0
91695  111.06  74.58  91.86  84.36  82.11  112.14  100.30  151.18  149.06  338.43  1
91701  109.38  118.74  115.96  119.56  132.46  114.63  99.35  115.56  124.45  120.98  0
91703  92.74  74.42  65.03  92.83  140.95  94.02  136.49  84.13  83.53  123.80  0
91712  76.22  68.24  86.79  71.50  99.92  88.63  140.37  72.63  292.77  866.17  1
91713  76.46  62.32  90.27  96.87  83.05  84.91  133.07  100.98  85.95  102.59  0
91726  74.01  80.42  85.73  99.59  85.37  76.42  91.15  129.61  105.23  93.22  0
91727  78.41  71.06  84.10  209.23  82.69  80.13  85.02  131.58  865.58  848.32  1
91737  86.37  81.21  69.75  80.65  73.50  111.37  76.11  123.10  270.31  127.21  1
91748  85.76  76.18  89.63  104.13  84.34  146.34  120.11  122.56  302.77  187.97  1
91751  98.74  69.52  92.30  94.15  84.04  97.47  110.68  130.39  479.95  868.77  1
91752  104.74  69.82  75.02  95.33  96.89  118.37  82.07  88.07  235.99  88.65  0
91756  79.15  66.85  78.85  797.72  80.82  119.85  468.64  80.80  158.31  289.86  1
91759  87.29  60.43  68.00  93.39  85.84  90.10  106.86  73.74  112.53  195.68  0
91760  78.15  65.75  76.45  86.71  97.10  96.39  121.70  139.86  358.06  266.78  1
91774  89.00  67.96  78.17  77.86  180.20  83.47  109.39  94.20  88.08  72.71  1
91775  93.34  78.39  91.03  103.68  90.84  97.89  123.53  133.62  122.92  107.58  0
91777  92.02  70.57  83.08  96.89  95.56  97.87  108.44  158.56  172.94  87.29  1
91779  74.04  69.64  96.12  85.25  86.80  150.45  104.84  71.76  211.37  106.18  1
91780  109.37  68.72  82.78  95.89  81.31  103.64  125.46  134.90  223.58  112.85  1
91784  152.24  87.48  81.09  96.65  120.44  81.96  123.77  112.25  107.35  80.12  0
91786  77.86  64.02  77.24  91.69  74.80  112.32  79.78  105.72  850.54  110.75  1
91787  88.59  62.68  58.89  96.54  69.65  86.38  103.27  104.79  354.14  87.02  1
91788  87.21  69.22  86.69  97.23  83.58  88.50  94.42  128.47  238.80  247.86  1
91789  79.16  69.64  77.16  104.26  86.65  98.86  97.92  109.04  314.38  255.27  1
91790  89.65  75.35  78.71  98.97  80.67  106.97  101.37  142.62  180.38  420.30  1
91791  85.86  70.12  92.51  102.25  88.39  119.22  115.22  113.44  232.21  115.04  1
91792  84.29  67.93  78.46  99.84  87.19  79.21  92.39  102.10  105.85  217.70  1
91793  70.45  64.75  71.93  203.07  94.16  109.06  107.69  219.99  156.16  114.68  1
91794  80.79  76.34  89.05  117.38  75.33  98.46  113.38  123.10  574.09  202.07  1
91795  90.09  68.42  84.49  97.13  79.81  99.88  108.41  121.26  273.86  106.53  1
91796  86.27  70.51  95.20  88.43  77.20  90.38  131.68  259.70  89.25  79.49  0
91798  85.00  68.77  89.06  80.77  80.64  117.79  105.85  81.68  170.44  75.05  1
91799  82.02  73.87  97.88  241.28  79.94  117.81  138.00  143.48  97.57  78.87  1
91800  96.64  76.70  73.80  74.75  77.94  119.64  208.10  87.34  80.65  84.50  0
91801  98.55  61.50  95.66  205.91  84.99  116.44  134.72  89.41  229.34  166.76  1
91803  76.48  67.66  89.20  87.12  65.21  223.79  114.04  162.85  118.10  66.48  1
91804  79.67  67.19  81.23  94.88  89.80  98.92  100.75  113.59  583.73  270.59  1
91805  105.15  73.65  68.69  94.70  93.57  95.62  131.77  105.82  126.57  249.55  1
91806  153.14  68.80  81.81  116.44  87.99  92.71  84.19  120.14  84.80  60.37  0
91809  93.04  83.88  93.52  130.22  147.99  310.80  120.75  102.13  157.56  85.00  1
91813  64.01  68.81  86.75  98.66  74.14  97.85  129.82  117.36  581.08  83.22  0
91814  74.82  69.55  78.69  76.66  80.35  92.50  116.03  102.29  175.41  102.13  0
91815  90.53  74.28  71.19  82.68  93.60  76.43  91.38  169.64  836.97  257.40  1
91816  78.68  62.49  88.35  90.07  77.53  100.96  75.83  166.89  210.50  103.56  1
91817  59.54  69.91  85.90  108.04  89.16  97.29  118.71  119.74  176.41  203.61  1
91818  75.92  62.51  71.95  89.08  90.36  102.80  135.03  127.58  227.07  98.71  0
91819  80.09  70.89  88.54  104.57  81.12  128.62  106.92  126.23  99.64  119.28  0
91820  96.36  69.10  92.31  98.15  87.49  97.00  109.98  169.11  254.94  116.46  0
91821  100.44  70.39  88.88  90.93  89.29  120.42  130.39  102.44  135.71  277.23  0
91822  88.06  88.45  92.23  208.54  89.92  121.11  133.53  149.32  71.41  97.58  1
91823  142.68  87.54  79.47  130.07  92.62  97.52  109.72  115.79  81.62  101.67  0
91824  93.65  72.74  86.48  89.90  87.92  114.15  110.84  115.59  123.28  130.59  0
91825  101.05  65.43  81.62  122.98  70.43  79.98  83.26  105.84  173.98  823.83  1
91828  249.47  81.12  111.72  88.61  101.31  195.38  99.77  105.83  67.52  84.63  0
91830  77.75  69.27  71.14  95.22  93.95  94.04  99.49  103.08  168.38  116.38  1
91831  103.10  69.61  78.52  100.18  93.70  82.61  100.79  166.89  854.38  81.72  1
91832  69.40  77.34  85.46  179.50  82.40  124.93  117.31  87.86  261.57  99.01  1
91833  97.47  70.84  78.75  96.34  90.22  120.40  120.08  125.80  88.48  206.01  0
91834  95.57  66.71  88.39  89.25  83.27  94.28  103.71  167.87  150.40  87.15  0
91835  103.37  71.22  84.81  89.03  92.03  88.02  91.10  154.39  202.38  172.26  1
91836  85.31  75.10  80.78  90.15  81.04  100.58  84.22  155.19  209.32  274.76  1
91837  94.51  78.04  84.38  98.00  89.28  122.08  114.15  150.65  99.43  142.11  0
91838  94.76  64.40  96.52  86.73  81.84  104.36  97.40  118.92  286.30  95.08  1
91841  92.20  86.05  94.45  99.81  92.72  92.27  86.29  102.22  97.02  92.11  0
91843  93.11  83.68  95.62  120.09  103.62  89.08  84.38  83.80  114.84  87.09  0
91844  151.04  82.34  98.68  87.94  85.95  92.15  85.17  92.21  70.12  76.41  0
91845  96.70  84.03  85.35  90.91  90.57  101.59  92.00  92.47  84.90  83.88  0
91846  101.01  77.70  104.36  105.84  92.58  95.49  87.91  81.73  79.71  90.50  0
91847  107.85  77.99  90.07  100.08  88.92  95.02  103.51  96.62  97.22  89.71  0
91848  99.39  82.35  89.23  100.83  85.38  100.09  86.24  98.77  86.39  92.29  0
91849  109.09  80.68  94.82  91.85  100.43  86.63  88.71  105.33  98.51  103.97  0
91850  95.80  78.67  70.97  102.57  90.78  81.26  103.51  77.40  72.81  83.10  0
91851  94.70  88.91  96.54  94.87  89.62  102.98  93.61  79.67  88.33  82.03  0
91852  102.86  78.91  89.32  88.82  82.06  82.42  84.26  77.08  81.94  91.65  0
91853  131.23  98.27  99.12  124.27  144.97  75.84  101.88  113.04  93.83  358.76  0
91854  95.55  73.63  147.41  92.18  123.66  92.71  170.07  146.63  132.91  117.87  0
91855  94.96  85.23  94.48  104.32  84.28  94.78  88.88  72.22  76.99  83.49  0
91856  128.88  87.50  110.03  102.70  93.10  91.88  85.07  84.68  81.01  78.56  0
91860  115.33  93.79  99.78  114.32  574.47  93.30  188.76  133.83  84.33  120.32  1
91867  202.63  69.13  195.11  104.53  90.26  112.22  103.19  188.21  103.29  143.22  1
91868  147.37  68.19  87.34  293.81  89.90  106.58  110.56  122.81  156.65  118.37  1
91869  82.07  67.97  96.06  106.06  88.88  101.86  152.67  121.48  480.89  843.86  1
91871  82.27  80.37  86.35  156.92  79.22  129.66  209.69  147.61  147.21  87.36  0
91872  87.10  76.98  106.90  184.72  89.79  120.65  102.15  118.72  267.75  302.89  1
91873  114.94  65.86  94.06  114.43  88.98  123.42  125.37  137.14  100.26  182.81  1
91874  118.55  79.71  89.12  120.13  76.04  158.34  148.05  116.27  100.62  95.33  0
91875  75.25  63.77  73.26  81.07  118.37  131.95  93.15  137.10  149.18  129.63  1
91876  122.67  79.03  103.54  116.93  88.06  112.85  113.30  154.65  133.89  68.69  0
91877  92.80  67.62  92.07  126.69  91.04  110.47  151.00  129.24  159.99  99.00  1
91878  169.11  57.44  69.06  81.18  89.69  212.22  194.00  109.17  563.56  398.13  1
91879  117.79  74.88  89.31  93.22  271.17  261.05  292.66  141.05  102.92  88.22  1
91880  90.72  83.26  91.57  134.86  177.14  121.25  152.89  175.21  181.44  91.10  0
91881  94.06  72.58  93.54  91.99  91.00  99.42  115.49  157.12  218.09  835.89  1
91882  87.04  69.23  96.27  107.94  70.98  93.07  117.80  108.76  102.30  171.25  1
91883  85.25  80.74  82.08  91.00  91.91  120.41  96.22  106.05  107.85  109.80  0
91884  88.11  64.28  78.23  117.17  91.97  105.30  140.26  136.76  87.30  99.72  0
91886  75.21  70.83  87.27  102.84  84.28  94.53  115.12  121.33  155.57  69.18  1
91887  203.83  64.80  92.16  109.15  91.14  163.60  107.32  95.41  86.62  95.71  1
91888  86.76  73.90  76.81  92.23  109.75  157.93  130.57  104.19  90.31  149.68  0
91890  78.86  74.48  85.70  89.21  80.87  108.65  119.12  121.18  155.51  159.02  1
91893  107.36  74.19  88.27  91.08  79.37  333.87  96.43  244.89  119.36  117.17  1
91894  79.40  75.96  82.92  101.66  85.67  110.61  108.11  131.90  344.32  175.23  1
91895  77.33  70.77  76.15  103.19  84.83  109.14  110.43  95.31  147.69  580.78  0
91896  193.59  70.09  86.92  241.59  86.09  86.68  106.95  173.30  88.94  104.56  1
91897  89.32  67.20  80.32  95.89  108.30  112.88  114.24  80.01  580.50  93.24  0
91899  138.08  68.11  107.82  111.30  102.06  188.22  125.06  122.79  169.11  829.06  1
91900  81.23  64.50  75.43  218.93  89.55  126.85  112.39  108.71  72.73  102.31  1
91901  80.70  67.30  83.10  111.08  83.32  246.49  119.61  115.58  209.33  210.11  1
91903  116.63  66.24  98.35  261.17  101.81  131.76  98.99  197.48  103.13  863.60  1
91904  133.67  86.47  81.28  130.75  86.23  118.30  155.14  114.67  101.85  210.33  1
91905  76.30  71.89  93.61  121.35  84.19  107.92  85.07  106.63  451.51  117.83  1
91906  74.04  76.06  99.82  197.49  90.84  93.57  107.96  118.85  138.75  119.80  1
91907  94.25  81.80  99.36  103.93  89.73  90.48  402.46  256.44  152.99  100.78  1
91908  139.00  72.05  79.47  99.09  95.96  101.17  108.90  119.79  143.21  100.81  0
91911  396.74  114.32  101.36  133.76  848.13  847.45  143.46  122.54  852.71  243.77  1
91914  176.08  84.76  90.67  221.17  130.12  121.34  109.96  118.22  86.28  104.12  0
91916  165.47  87.87  582.74  124.90  142.84  89.04  119.87  94.47  126.80  146.77  1
91917  108.05  76.05  81.96  100.58  100.01  104.03  126.53  146.58  162.69  176.83  1
91918  99.78  70.28  78.77  134.34  100.20  113.01  142.56  102.38  143.76  505.84  0
91919  91.20  71.56  98.56  91.79  86.15  104.76  88.44  122.19  152.96  125.15  1
91920  101.71  76.08  90.44  130.15  94.06  109.61  121.41  138.60  156.78  109.62  0
91921  150.09  70.53  83.93  93.79  86.10  135.51  128.55  122.68  83.45  204.98  0
91922  92.01  73.37  76.54  98.89  78.99  118.76  85.63  576.30  117.83  129.20  1
91923  101.02  71.61  89.60  105.20  88.11  101.93  125.18  137.78  157.97  85.78  1
91924  99.65  64.24  80.92  403.76  97.51  98.37  120.48  115.15  141.61  105.50  1
91925  76.68  69.90  79.78  122.81  80.34  117.56  99.29  104.18  113.59  105.51  0
91926  84.77  69.20  70.64  94.08  99.50  123.37  122.98  132.47  124.72  569.30  0
91927  164.78  57.58  73.88  76.50  90.61  88.78  109.37  82.99  863.91  862.06  1
91928  83.90  68.67  79.22  240.74  93.44  98.69  116.24  146.51  82.22  139.60  1
91929  83.07  75.09  85.20  237.56  76.35  102.01  108.69  150.20  119.84  188.92  1
91930  108.32  74.09  78.50  108.27  84.41  120.55  106.20  175.88  141.18  242.11  0
91931  87.67  69.99  78.65  117.86  88.62  122.64  118.05  87.72  288.38  73.04  0
91932  76.00  69.89  76.04  88.59  77.81  95.82  111.26  105.37  359.78  167.89  1
91933  110.13  63.57  75.22  126.65  82.68  101.50  90.20  116.81  360.67  122.28  1
91934  86.47  73.47  84.15  224.97  85.31  128.09  97.91  151.59  184.58  88.73  1
91935  81.85  69.44  83.67  98.78  86.05  104.28  109.36  99.88  155.08  172.65  1
91936  93.74  72.76  86.00  98.80  87.66  145.89  110.63  120.95  117.93  124.95  0
91937  88.79  77.48  78.61  94.40  76.50  141.30  135.34  186.54  92.82  780.73  1
91938  74.97  69.91  80.40  135.85  97.60  104.69  127.65  122.36  109.42  112.42  0
91940  80.48  63.81  82.70  215.39  91.11  101.53  103.92  146.61  599.50  135.34  1
91942  71.12  69.91  110.60  243.65  77.92  297.57  118.87  88.53  122.74  828.05  1
91943  87.02  71.20  90.32  121.15  94.24  184.30  112.60  159.08  142.30  141.14  1
91944  85.68  68.37  76.44  217.90  85.47  119.65  107.30  122.30  115.87  866.81  1
91945  89.23  73.94  95.14  105.44  84.90  122.88  108.49  175.00  125.03  852.95  1
91946  81.24  72.71  77.07  121.54  90.49  109.01  113.31  210.03  108.94  73.83  1
91947  108.15  70.40  90.40  117.12  90.41  103.88  125.04  159.39  85.43  155.26  1
91948  93.07  74.97  83.71  100.00  75.67  111.19  100.86  133.09  115.70  583.50  1
91949  99.46  69.35  85.79  95.65  94.37  94.73  136.32  216.23  205.04  89.45  1
91950  96.31  74.14  88.11  94.83  78.05  98.57  115.78  193.03  86.00  142.08  0
91951  90.41  69.37  74.77  108.32  84.66  128.38  107.05  104.66  137.61  84.89  0
91952  103.64  71.59  104.82  92.24  86.94  119.99  107.59  103.50  79.01  81.18  0
91953  85.59  65.79  90.70  286.03  79.82  126.49  90.80  120.27  107.90  164.23  1
91954  101.95  77.19  96.02  98.85  79.64  93.44  93.89  93.00  109.64  129.10  0
91956  86.84  68.33  87.62  101.32  90.09  103.77  94.48  154.54  138.75  103.91  0
91957  92.90  69.97  89.59  101.49  85.71  112.43  100.90  172.71  184.39  156.43  1
91958  75.34  65.31  89.41  88.41  85.32  140.12  97.04  117.86  95.75  204.57  1
91959  98.17  69.42  110.45  212.77  80.52  99.28  112.95  144.00  173.82  103.16  1
91960  132.98  69.17  100.67  117.73  81.13  125.73  86.91  107.86  104.70  124.76  0
91961  95.17  70.32  82.15  94.52  79.13  121.31  110.71  149.05  182.75  110.42  1
91962  89.21  73.15  90.62  111.51  82.33  95.64  125.47  124.07  113.48  849.81  1
91963  86.12  72.15  88.72  99.89  88.00  123.56  94.27  104.02  140.88  103.43  0
91964  86.48  67.09  81.83  213.10  92.65  102.68  111.33  117.86  99.79  131.01  1
91965  81.76  72.45  88.57  105.01  84.53  111.95  114.78  139.78  215.77  96.57  1
91966  89.16  71.53  81.61  124.48  81.58  114.55  158.43  105.07  156.08  108.05  0
91967  84.08  67.55  88.20  116.50  78.38  99.89  94.69  177.90  189.32  129.97  1
91968  93.01  68.38  74.95  100.14  79.26  107.48  97.96  142.37  177.08  140.06  0
91969  80.65  75.68  85.43  87.49  87.66  85.52  98.67  91.56  104.52  154.35  0
91971  170.79  90.36  85.84  115.75  129.59  132.66  331.99  182.32  96.21  128.68  0
91972  83.28  77.07  75.99  245.96  98.15  96.55  94.71  91.22  88.70  110.56  1
91973  108.14  69.07  84.33  105.03  86.62  103.36  134.55  101.43  176.81  110.46  0
91975  85.88  75.75  94.37  256.60  87.78  96.46  102.59  108.77  219.73  86.19  1
91976  92.37  73.50  119.34  102.88  81.73  112.19  117.70  146.35  195.97  161.34  1
91978  78.02  78.74  102.52  124.83  87.69  116.06  133.81  115.86  114.04  154.67  1
91979  88.92  70.39  97.39  191.74  88.76  131.42  98.69  153.59  120.90  137.93  1
91980  108.30  72.58  79.75  107.46  84.52  122.23  97.56  131.77  112.89  87.82  0
91981  84.26  64.99  85.70  124.55  82.84  91.55  146.04  111.20  132.25  75.43  0
91982  135.19  82.72  121.56  110.12  112.04  110.97  122.70  167.15  108.61  223.81  0
91985  66.52  73.56  81.71  238.36  111.11  78.11  99.73  107.20  82.61  132.99  0
91986  82.98  68.32  95.86  112.82  79.51  101.98  105.32  139.22  114.92  144.91  0
91988  98.97  76.64  83.32  95.78  81.90  115.07  128.27  182.40  121.71  348.40  1
91990  81.48  68.22  90.26  202.38  93.61  111.75  92.05  112.09  120.95  102.37  1
91991  102.09  74.34  92.53  263.00  86.20  103.49  145.19  95.05  219.65  102.53  1
91992  169.55  74.37  86.59  109.69  111.35  569.01  123.44  114.87  111.78  184.22  1
91993  90.51  68.41  80.02  99.82  84.60  114.35  113.40  147.26  105.45  147.40  0
91994  106.59  74.61  95.73  338.14  87.07  110.72  80.84  103.71  99.11  182.46  1
91997  128.63  76.39  96.35  238.68  97.66  142.04  92.84  133.91  99.20  90.16  1
91998  82.05  69.02  95.64  83.83  89.01  126.35  99.94  102.78  104.47  104.41  0
91999  86.11  77.77  89.78  187.91  90.56  101.38  93.19  138.37  131.25  121.29  1
92000  88.70  68.70  82.78  220.07  81.39  101.26  94.48  131.60  88.23  164.55  1
92001  84.21  75.02  91.01  192.35  85.65  101.94  111.86  103.60  232.25  84.29  1
92002  69.80  63.66  77.75  248.41  76.15  90.36  110.03  84.09  101.37  857.02  1
92004  78.62  70.07  79.35  102.31  110.04  108.29  248.25  99.80  137.01  148.36  1
92005  85.06  68.37  81.56  104.32  96.45  94.13  121.47  148.65  84.48  101.40  0
92006  102.35  72.32  87.26  108.78  84.21  102.69  93.59  120.04  456.38  93.85  1
92007  81.20  73.18  81.73  95.63  86.20  102.99  93.93  174.16  208.54  183.14  1
92008  92.01  63.43  80.43  117.73  79.46  114.15  115.12  122.48  95.44  394.07  1
92009  94.70  70.00  77.97  87.56  81.97  110.31  146.27  90.36  572.61  114.43  0
92010  100.99  67.47  82.84  120.41  85.87  98.77  113.68  99.69  864.97  77.12  1
92012  72.36  62.93  61.48  75.19  84.04  80.62  157.16  99.07  211.03  835.67  1
92013  93.55  68.52  94.57  176.26  89.33  109.73  112.28  113.44  228.87  190.03  1
92014  80.49  68.26  74.41  100.74  82.80  96.80  145.84  112.61  414.45  89.58  1
92015  79.46  76.57  86.23  91.75  99.21  91.74  101.82  122.30  861.53  373.55  1
92016  89.12  75.37  94.37  112.52  82.96  86.93  120.05  186.42  110.42  316.88  1
92017  95.15  69.88  94.30  82.85  92.22  94.41  102.89  115.43  84.52  80.87  0
92018  91.90  72.07  93.98  99.11  86.09  106.56  116.69  94.37  137.59  115.19  0
92019  78.91  72.73  77.22  91.29  84.79  90.99  124.35  175.66  857.92  101.02  1
90635  145.59  88.65  121.28  160.02  154.11  145.39  157.95  214.75  119.60  106.21  0
90635  242.91  96.83  135.01  146.48  141.01  142.20  147.45  179.48  144.85  143.57  0
90635  145.59  88.65  121.28  160.02  154.11  145.39  157.95  214.75  119.60  106.21  0
