nrun   cer1   cer2   cer3   cer4   cer5   cer6  cer7   cer8   cer9   cer10
90837  -0.49  -0.27  -0.09  -0.56  -0.07  0.39  -0.48  -0.29  -0.19  -0.37  
90838  -0.49  -0.00  0.09  -0.51  -0.21  0.44  -0.49  -0.39  -0.32  -0.44  
90840  -0.58  -0.06  0.09  -0.57  -0.24  0.47  -0.52  -0.39  -0.29  -0.49  
90843  -0.40  0.37  0.14  -0.41  -0.16  0.58  -0.40  -0.48  -0.23  -0.54  
90849  -0.59  -0.07  0.04  -0.41  -0.20  0.43  -0.48  -0.48  -0.30  -0.47  
90850  -0.61  -0.09  0.05  -0.63  -0.28  0.41  -0.46  -0.47  -0.27  -0.49  
90851  -0.49  -0.01  0.17  -0.46  -0.31  0.51  -0.48  -0.47  -0.31  -0.42  
90852  -0.59  -0.04  -0.02  -0.41  -0.28  0.40  -0.51  -0.52  -0.29  -0.45  
90853  -0.64  0.01  -0.00  -0.44  -0.19  0.42  -0.51  -0.56  -0.29  -0.46  
90854  -0.57  -0.03  0.07  -0.63  -0.23  0.43  -0.47  -0.54  -0.29  -0.48  
90855  -0.59  -0.06  0.04  -0.60  -0.23  0.46  -0.44  -0.46  -0.25  -0.48  
90856  -0.62  -0.06  0.08  -0.58  -0.18  0.44  -0.45  -0.46  -0.27  -0.45  
90857  -0.59  -0.09  0.07  -0.57  -0.21  0.43  -0.45  -0.53  -0.29  -0.49  
90859  -0.59  -0.12  0.04  -0.63  -0.23  0.44  -0.46  -0.39  -0.27  -0.48  
90861  -0.66  -0.02  0.19  -0.61  -0.13  0.48  -0.36  -0.39  -0.29  -0.48  
90862  -0.48  -0.08  0.10  -0.61  -0.42  0.49  -0.46  -0.46  -0.32  -0.54  
90863  -0.59  -0.32  0.04  -0.59  -0.52  0.38  -0.35  -0.43  -0.33  -0.51  
90864  -0.55  -0.04  0.05  -0.66  -0.22  0.45  -0.47  -0.44  -0.24  -0.53  
90865  -0.61  -0.02  0.08  -0.54  -0.26  0.42  -0.47  -0.40  -0.15  -0.51  
90866  -0.50  -0.03  0.07  -0.56  -0.18  0.46  -0.49  -0.40  -0.32  -0.51  
90867  -0.54  -0.09  0.06  -0.69  -0.25  0.44  -0.42  -0.38  -0.31  -0.48  
90868  -0.55  -0.16  0.13  -0.68  -0.24  0.41  -0.49  -0.55  -0.22  -0.56  
90869  -0.52  -0.06  0.03  -0.65  -0.19  0.53  -0.56  -0.39  -0.21  -0.51  
90870  -0.54  -0.01  0.07  -0.51  -0.17  0.47  -0.46  -0.38  -0.22  -0.49  
90871  -0.57  -0.08  0.07  -0.58  -0.23  0.41  -0.53  -0.50  -0.30  -0.54  
90873  -0.56  -0.09  0.05  -0.46  -0.27  0.47  -0.45  -0.36  -0.26  -0.49  
90874  -0.57  -0.08  0.07  -0.48  -0.25  0.47  -0.45  -0.43  -0.24  -0.57  
90875  -0.54  -0.02  0.01  -0.42  -0.18  0.53  -0.45  -0.48  -0.26  -0.51  
90876  -0.52  -0.03  0.12  -0.54  -0.18  0.49  -0.46  -0.43  -0.25  -0.50  
90877  -0.60  -0.06  0.08  -0.54  -0.26  0.48  -0.40  -0.41  -0.24  -0.52  
90878  -0.53  -0.03  0.08  -0.58  -0.20  0.48  -0.43  -0.43  -0.23  -0.55  
90879  -0.16  0.17  0.45  0.01  0.17  0.46  -0.41  -0.09  -0.54  -0.35  
90880  -0.29  0.25  0.28  0.01  0.08  0.60  -0.65  -0.16  -0.75  -0.64  
90883  0.24  0.55  0.29  -0.15  0.06  -0.00  -0.78  -0.49  -0.49  -0.95  
90884  -0.32  0.38  0.01  0.04  0.25  0.59  -0.61  -0.25  -0.43  -0.62  
90885  -0.14  -0.12  0.12  -0.31  0.08  0.27  -0.46  -0.22  -0.32  -0.75  
90886  -0.22  0.17  0.12  0.05  0.07  0.40  -0.64  -0.12  -0.21  -0.43  
90887  -0.27  0.03  0.21  0.08  0.36  0.31  -0.38  0.02  -0.57  -0.72  
90891  0.08  0.22  0.12  -0.49  0.32  0.28  -0.51  0.06  -0.16  0.01  
90895  -0.29  0.41  0.14  0.27  -0.31  0.57  -0.00  -0.65  -0.25  -0.79  
90896  0.08  0.27  0.29  -0.20  0.02  0.19  -0.44  -0.23  -0.40  -0.87  
90898  -0.38  0.50  0.04  0.15  0.38  -0.04  -0.16  0.21  -0.60  -0.45  
90899  -0.26  0.55  0.15  -0.23  0.19  0.47  -0.46  -0.35  -0.58  -0.49  
90900  -0.07  0.18  0.09  -0.23  0.16  0.37  -0.44  -0.41  -0.31  -0.75  
90901  -0.24  0.43  0.27  0.06  0.34  0.68  -0.30  -0.42  -0.44  -0.19  
90902  -0.29  0.66  0.23  -0.13  0.34  0.57  -0.74  0.15  -0.04  -0.57  
90903  -0.27  0.31  -0.12  -0.15  0.05  0.24  -0.27  0.18  -0.24  -0.36  
90904  0.12  0.19  0.28  -0.04  0.45  0.30  -0.61  -0.09  -0.19  -0.41  
90905  -0.56  0.14  0.29  -0.26  0.12  0.41  -0.37  -0.07  -0.29  -0.25  
90906  -0.12  -0.19  0.21  -0.50  0.09  0.08  -0.31  0.27  -0.47  -0.78  
90907  -0.06  0.00  0.17  -0.46  0.25  0.22  -0.26  -0.32  -0.09  -0.66  
90908  -0.34  0.60  0.50  -0.08  0.29  0.41  -0.63  -0.03  -0.23  -0.36  
90909  0.03  -0.12  -0.29  0.28  0.18  0.68  -0.75  -0.60  -0.43  0.24  
90910  -0.25  0.34  0.32  -0.09  0.04  0.49  -0.39  -0.16  -0.33  -0.45  
90911  -0.16  0.25  0.55  0.18  0.44  0.54  -0.43  0.16  -0.43  -0.54  
90912  0.02  0.14  0.46  -0.14  0.14  0.56  -0.39  -0.35  -0.30  -0.18  
90913  -0.71  0.12  0.16  -0.30  0.20  0.51  -0.61  0.09  -0.61  -0.78  
90914  -0.06  0.36  0.10  0.10  -0.01  0.52  -0.54  -0.18  -0.48  -0.10  
90915  -0.19  0.34  0.20  -0.21  0.12  0.54  -0.51  -0.08  -0.26  -0.32  
90916  -0.39  -0.46  0.29  -0.09  0.18  0.43  -0.57  -0.13  -0.48  -0.21  
90919  -0.07  0.40  0.14  0.00  0.31  0.55  -0.53  -0.08  -0.11  -0.70  
90920  0.02  -0.10  0.24  -0.74  0.35  0.25  -0.34  -0.29  -0.50  -0.68  
90921  -0.44  0.46  0.20  -0.10  0.12  0.48  -0.26  -0.13  0.08  -0.72  
90922  0.21  0.53  0.14  -0.24  0.06  0.01  -0.21  -0.12  -0.12  -1.22  
90923  -0.28  0.30  0.24  -0.11  0.58  0.71  -0.14  -0.09  -0.40  -0.49  
90924  -0.06  0.33  0.26  0.03  0.45  0.65  -0.37  0.27  -0.28  -0.64  
90925  0.12  0.20  0.39  -0.11  0.38  0.47  -0.12  0.06  -0.31  -0.58  
90926  -0.24  0.46  0.16  -0.12  -0.11  0.74  -0.77  -0.09  -0.48  -0.36  
90930  0.15  0.33  0.18  -0.07  0.01  0.33  -0.71  -0.24  -0.45  -0.55  
90931  -0.18  0.32  0.32  -0.11  0.13  0.45  -0.60  -0.23  -0.76  -0.53  
90932  0.01  0.23  0.24  -0.07  0.53  0.98  -0.35  0.11  -0.47  -0.02  
90935  0.29  0.37  -0.09  -0.22  0.18  0.21  -0.89  -0.16  -0.67  -0.76  
90936  0.24  -0.04  0.20  -0.06  0.07  -0.15  -0.16  -0.40  0.08  -0.35  
90937  0.22  0.00  0.16  -0.10  0.05  -0.11  -0.19  -0.44  0.03  -0.40  
90938  0.19  -0.06  0.19  -0.04  0.01  -0.16  -0.20  -0.32  -0.01  -0.44  
90940  -0.08  0.10  0.42  0.03  0.62  0.60  -0.39  0.02  -0.45  -0.55  
90941  -0.24  0.19  0.25  -0.30  0.32  0.64  -0.43  -0.16  0.23  -0.12  
90942  0.20  -0.02  0.23  -0.04  -0.02  -0.07  -0.15  -0.31  0.02  -0.57  
90943  0.16  0.29  0.19  -0.33  -0.08  0.12  -0.35  -0.27  -0.73  -0.87  
90944  -0.10  -0.10  0.35  -0.02  0.38  0.37  -0.55  0.05  -0.13  -1.00  
90945  -0.76  0.18  0.07  -0.13  0.09  0.32  -0.50  0.07  -0.61  -0.13  
90946  -0.26  0.45  0.33  0.03  0.08  0.63  -0.48  0.04  -0.76  -0.57  
90947  -0.28  0.51  0.06  -0.34  0.05  0.43  -0.39  -0.05  -0.35  -0.61  
90948  -0.01  0.27  0.43  -0.01  0.34  0.28  -0.52  0.08  -0.25  -0.48  
90949  -0.30  0.14  0.13  -0.09  0.25  0.37  -0.29  -0.25  -0.31  -0.37  
90950  -0.03  -0.03  0.19  -0.03  0.28  0.35  -0.31  -0.05  -0.37  -0.63  
90951  -0.33  0.05  0.36  0.06  -0.07  0.26  -0.64  -0.07  -0.37  -0.64  
90952  -0.30  0.18  0.53  -0.12  0.20  0.42  -0.33  -0.19  -0.38  -0.40  
90953  -0.27  0.19  0.42  -0.60  0.51  0.41  -0.32  -0.16  -0.60  -0.72  
90955  -0.26  0.10  0.27  0.18  0.00  0.31  -0.32  -0.19  -0.34  -0.13  
90956  0.03  0.22  0.08  -0.28  -0.02  0.47  -0.47  -0.14  -0.20  -0.53  
90957  -0.07  0.18  0.24  -0.13  0.14  0.43  -0.38  -0.29  -0.29  -0.63  
90958  0.03  0.37  0.18  -0.14  0.15  0.39  -0.53  -0.05  -0.40  -0.62  
90959  -0.02  0.01  0.14  -0.28  0.04  0.45  -0.60  -0.22  -0.19  -0.85  
90960  -0.39  0.42  0.08  0.00  -0.05  0.31  -0.26  -0.36  -0.55  -0.25  
90961  -0.08  0.43  0.42  -0.24  0.19  0.28  -0.24  0.21  -0.18  -0.26  
90962  0.05  0.05  0.41  0.13  -0.12  0.58  -0.80  -0.26  -0.37  -0.53  
90967  -0.10  0.31  0.02  0.05  0.17  0.33  -0.63  -0.00  -0.33  -0.23  
90968  -0.04  0.31  0.41  0.13  0.44  0.39  -0.29  -0.28  -0.30  -0.50  
90969  -0.04  0.21  0.13  0.14  0.53  0.43  -0.41  0.13  -0.11  -0.50  
90970  0.10  0.03  -0.06  -0.34  0.27  0.40  -0.51  -0.26  -0.34  -0.85  
90971  -0.21  0.31  0.24  -0.37  0.42  0.23  -0.68  -0.44  -0.43  -0.73  
90972  -0.23  0.22  0.34  -0.03  -0.06  0.21  -0.31  -0.19  -0.21  -0.46  
90973  -0.31  0.15  0.23  0.16  -0.13  0.22  -0.23  -0.03  -0.04  -0.03  
90974  0.10  0.44  0.00  -0.04  0.24  0.81  -0.28  -0.09  0.31  -0.32  
90975  -0.36  0.36  0.00  0.15  0.51  0.49  -0.41  -0.06  -0.48  -0.34  
90976  -0.20  0.14  0.10  0.03  0.13  0.24  -0.30  -0.08  -0.05  -0.35  
90977  -0.26  0.52  0.28  0.03  -0.06  0.48  -0.56  0.03  0.03  -0.65  
90979  -0.21  0.03  0.54  -0.04  0.27  0.28  -0.73  0.38  -0.47  -0.43  
90981  -0.01  0.55  0.56  -0.06  0.30  0.68  -0.40  -0.03  -0.16  -0.28  
90982  -0.17  0.12  0.42  -0.01  0.18  0.39  -0.48  -0.26  -0.32  -0.38  
90983  -0.19  0.38  0.05  -0.33  0.24  0.32  -0.40  0.05  -0.23  -0.32  
90984  0.02  0.20  0.17  -0.25  -0.13  0.13  -0.43  -0.20  -0.39  -0.68  
90985  -0.35  0.11  -0.03  0.04  0.05  0.68  -0.41  -0.11  -0.07  -0.63  
90988  0.03  0.58  0.13  -0.04  0.28  0.35  -0.32  0.04  -0.08  -0.54  
90989  -0.32  0.08  0.24  -0.65  0.38  0.56  -0.42  -0.40  -0.39  -0.64  
90990  0.16  0.31  0.23  -0.08  -0.04  0.51  -0.52  -0.02  -0.45  -0.37  
90991  0.03  0.15  0.38  -0.50  0.06  0.18  -0.37  0.17  -0.30  -0.51  
90992  0.09  0.30  0.13  -0.18  0.01  0.25  -0.55  0.03  -0.25  -0.35  
90993  -0.25  0.40  0.35  -0.05  0.27  0.44  -0.29  -0.08  -0.17  -0.69  
90995  -0.19  0.07  0.09  -0.49  0.13  0.10  -0.42  0.33  -0.46  -0.36  
90998  0.17  0.07  0.15  0.19  -0.06  -0.10  -0.17  -0.23  0.03  -0.39  
90999  -0.18  0.24  0.16  0.11  0.28  0.52  -0.46  -0.08  -0.36  -0.66  
91000  -0.40  0.16  -0.05  -0.47  0.13  0.19  -0.58  0.15  -0.18  -0.54  
91001  0.05  -0.10  0.47  -0.25  0.37  0.24  -0.62  -0.16  -0.25  -0.65  
91002  -0.26  0.59  -0.03  -0.31  0.19  0.36  -0.54  -0.07  -0.28  -0.54  
91003  -0.11  0.44  0.32  0.25  0.04  0.04  -0.80  -0.01  -0.64  -0.50  
91004  -0.38  0.39  0.12  -0.33  0.41  0.10  -0.29  0.16  -0.60  -0.45  
91005  0.02  0.24  0.26  0.34  0.02  0.34  -0.72  -0.08  -0.40  -0.37  
91006  0.27  0.33  0.17  -0.26  -0.03  0.33  -0.65  0.06  -0.12  -0.92  
91007  0.11  0.28  0.31  -0.20  0.42  0.52  -0.37  0.20  -0.28  -0.22  
91008  -0.31  0.25  0.51  -0.34  0.10  0.03  -0.36  -0.13  -0.41  -0.49  
91009  -0.04  0.75  0.46  0.37  -0.06  0.49  -0.60  -0.34  -0.70  -0.78  
91010  -0.15  0.31  0.31  0.10  0.41  0.31  -0.43  -0.02  -0.54  -0.45  
91011  -0.18  0.07  0.16  0.14  0.16  0.15  -0.51  -0.29  -0.65  -0.32  
91012  -0.34  0.22  0.23  0.14  0.42  0.29  -0.43  -0.01  -0.23  -0.61  
91013  -0.15  0.32  0.22  0.11  0.16  0.82  -0.57  0.12  -0.34  -0.95  
91014  -0.01  -0.21  0.11  -0.22  0.30  0.42  -0.44  0.17  -0.25  -0.75  
91015  -0.24  0.14  0.11  0.14  0.30  0.33  -0.20  0.19  -0.78  -0.32  
91017  -0.31  0.27  0.24  0.07  0.37  0.65  -0.37  -0.33  -0.40  -0.18  
91018  -0.23  0.31  0.15  -0.25  0.36  0.30  -0.64  -0.28  -0.40  -0.49  
91019  -0.50  0.25  0.03  0.31  0.27  0.50  -0.17  -0.26  -0.32  -0.68  
91021  -0.63  0.34  0.33  -0.09  0.38  0.35  -0.29  -0.66  -0.29  -1.06  
91025  -0.34  -0.06  0.23  0.08  -0.15  0.35  -0.33  -0.31  -0.53  -0.27  
91026  -0.30  0.32  0.50  -0.15  0.13  0.37  -0.41  0.08  -0.25  -0.26  
91027  0.10  0.18  0.37  -0.26  -0.16  0.29  -0.93  -0.18  -0.26  -0.38  
91028  -0.11  0.21  0.33  -0.12  0.15  0.35  -0.50  -0.02  -0.14  -0.48  
91029  -0.35  0.36  0.26  -0.05  0.08  0.42  -0.51  0.01  -0.15  -0.39  
91030  -0.43  0.35  -0.22  -0.50  0.36  0.25  -0.47  -0.38  -0.32  -0.41  
91031  -0.16  0.28  0.28  -0.21  0.00  0.31  -0.10  -0.13  -0.40  -0.40  
91032  0.09  0.40  0.32  -0.13  -0.07  0.91  -0.14  0.05  -0.06  -0.40  
91033  -0.26  -0.20  0.24  -0.11  0.02  0.23  -0.54  -0.09  -0.01  -0.44  
91034  -0.12  -0.03  -0.03  -0.17  -0.01  0.43  -0.27  0.03  -0.19  -0.50  
91035  -0.12  0.48  0.43  -0.43  0.11  0.35  -0.67  -0.18  -0.30  -0.38  
91036  0.19  0.45  0.28  -0.06  0.24  0.43  -0.35  -0.23  -0.20  -0.42  
91037  -0.06  0.16  -0.03  -0.58  -0.05  0.20  -0.48  -0.06  -0.10  -0.49  
91038  -0.13  0.26  0.24  -0.61  0.08  0.74  -0.42  0.06  -0.16  -0.92  
91039  -0.05  0.30  0.17  -0.11  -0.03  0.15  -0.53  -0.16  -0.46  0.07  
91042  0.12  0.37  0.33  -0.49  0.32  0.21  -0.50  0.05  -0.08  -0.67  
91043  -0.23  0.07  0.29  -0.24  0.02  0.18  -0.36  0.16  -0.37  -0.66  
91056  -0.26  0.15  0.21  -0.03  0.16  0.39  -0.41  -0.06  -0.32  -0.29  
91058  -0.14  0.62  0.30  -0.12  0.01  0.66  -0.60  0.64  -0.50  -0.21  
91059  -0.41  0.63  0.23  -0.04  0.15  0.48  -0.38  -0.35  -0.39  -0.37  
91060  -0.21  0.40  0.22  -0.11  0.49  0.61  -0.51  -0.07  -0.51  -0.80  
91061  -0.31  -0.01  0.40  -0.03  0.01  0.22  -0.26  -0.21  -0.23  -0.77  
91062  -0.09  0.28  0.40  0.12  0.16  0.25  -0.39  0.09  -0.21  -0.46  
91063  -0.14  0.75  0.68  0.46  0.46  0.43  -0.51  -0.39  -0.47  -0.68  
91064  -0.16  0.14  0.39  -0.32  0.48  0.20  -0.51  -0.30  -0.31  -0.72  
91065  -0.26  0.41  0.19  -0.01  0.46  0.56  -0.30  -0.26  -0.28  -0.33  
91066  0.01  0.71  0.56  0.04  0.20  0.36  -0.03  -0.06  -0.47  -0.59  
91067  -0.17  0.05  -0.06  -0.21  0.32  0.03  -0.35  -0.15  -0.10  -0.60  
91068  -0.13  0.23  0.09  0.02  0.05  0.33  -0.52  -0.22  -0.37  -0.86  
91069  -0.26  -0.14  0.61  -0.15  0.33  0.30  -0.53  -0.36  -0.37  -0.71  
91070  -0.37  0.50  0.30  -0.04  0.43  0.43  -0.32  0.03  -0.30  -0.48  
91071  0.01  0.22  0.35  -0.29  0.02  0.40  -0.44  0.01  -0.25  -0.64  
91072  -0.29  0.22  0.42  -0.28  0.17  0.28  -0.54  -0.11  -0.10  -0.45  
91073  -0.13  -0.02  0.16  0.00  0.06  0.47  -0.42  -0.73  -0.24  -0.21  
91074  -0.07  0.29  0.47  -0.31  0.51  0.51  -0.24  0.25  -0.07  -0.79  
91075  0.11  -0.02  0.32  0.26  0.34  0.37  -0.41  -0.14  -0.53  -0.39  
91076  0.08  0.11  0.11  0.00  0.19  0.42  -0.38  -0.16  0.01  -0.61  
91077  -0.10  0.36  0.27  -0.27  0.27  0.21  -0.34  0.04  -0.22  -0.70  
91078  -0.28  0.58  0.32  -0.02  0.26  0.36  -0.15  0.17  -0.26  -0.35  
91079  -0.20  0.42  0.08  -0.20  -0.08  0.35  -0.09  0.02  -0.26  -0.75  
91080  -0.31  0.31  0.19  -0.47  0.07  0.50  -0.64  -0.03  -0.29  -0.39  
91081  -0.46  0.33  0.35  -0.12  0.20  0.12  -0.51  -0.03  -0.69  -0.75  
91082  -0.25  0.08  0.33  -0.17  0.34  0.48  -0.38  -0.15  -0.29  -0.44  
91083  -0.09  0.31  0.07  -0.36  0.34  0.56  -0.39  -0.27  -0.71  -0.86  
91084  -0.21  0.03  0.36  0.14  0.30  0.61  -0.45  0.33  -0.21  -0.44  
91085  0.03  0.24  0.32  -0.02  0.24  0.41  -0.41  0.04  -0.42  -0.25  
91086  0.05  0.21  0.01  -0.34  -0.29  0.40  -0.31  -0.15  -0.25  -0.57  
91087  -0.20  0.02  0.01  0.42  -0.00  0.09  -0.65  -0.04  -0.35  -0.42  
91088  -0.09  0.16  0.18  0.55  0.34  0.71  -0.52  -0.29  -0.26  -0.24  
91089  -0.31  0.19  0.30  -0.32  0.15  0.19  -0.32  -0.16  -0.54  -0.63  
91091  0.01  0.38  0.45  -0.34  0.22  0.27  -0.29  -0.06  -0.49  -0.58  
91093  -0.32  0.60  0.09  0.25  -0.15  0.29  -0.51  -0.15  -0.45  -0.23  
91094  -0.29  0.44  0.03  -0.06  -0.15  0.13  -0.31  0.00  -0.79  -0.61  
91095  -0.33  0.08  0.19  -0.15  -0.03  0.07  -0.49  -0.26  -0.43  -0.49  
91096  -0.22  0.25  0.30  -0.00  0.39  0.29  -0.48  -0.31  -0.46  -0.57  
91097  -0.41  0.06  0.04  -0.31  -0.06  -0.07  -0.49  -0.53  -0.16  -0.62  
91098  0.07  0.22  -0.03  0.40  0.21  0.54  -0.61  -0.16  -0.20  -0.60  
91099  -0.31  0.19  0.24  0.25  -0.15  0.26  -0.43  -0.12  -0.53  -0.40  
91100  -0.11  0.13  0.21  0.16  0.14  0.67  -0.63  0.21  0.01  -0.20  
91102  -0.15  -0.12  0.34  -0.26  -0.18  -0.02  -0.83  0.40  -0.61  -0.54  
91103  -0.06  -0.12  0.01  -0.28  0.46  0.32  -0.54  -0.12  -0.38  -0.63  
91104  -0.21  0.32  0.12  0.03  0.16  0.45  -0.33  -0.06  -0.42  -0.53  
91105  0.15  0.13  -0.04  0.09  0.26  0.47  -0.22  -0.12  -0.26  -0.47  
91106  -0.15  0.32  0.20  0.06  0.09  0.49  -0.39  -0.10  -0.42  -0.42  
91109  0.07  -0.17  0.15  -0.00  0.01  -0.24  -0.20  -0.44  -0.08  -0.58  
91110  -0.22  0.06  0.03  -0.20  0.22  0.51  -0.51  -0.07  -0.26  -0.49  
91111  -0.02  0.16  0.15  0.05  -0.01  0.26  -0.38  -0.19  -0.23  -0.59  
91113  -0.23  0.52  0.24  0.13  -0.15  0.39  -0.58  -0.30  -0.29  -0.38  
91114  -0.31  0.30  0.26  0.08  0.05  0.17  -0.36  0.01  -0.23  -0.40  
91115  0.03  0.46  0.29  0.09  0.01  0.30  -0.58  -0.10  -0.32  -0.54  
91116  -0.29  0.22  0.30  0.14  0.18  0.65  -0.48  0.09  -0.10  -0.66  
91118  -0.06  0.28  0.22  -0.06  -0.20  0.32  -0.34  0.16  -0.21  -0.13  
91120  -0.38  0.21  0.10  0.12  0.31  0.34  -0.41  0.02  -0.09  -0.30  
91122  0.01  0.26  0.12  -0.56  -0.27  0.39  -0.84  0.00  -0.32  -0.93  
91124  -0.90  -0.08  0.07  -0.38  0.56  0.39  0.09  0.44  0.09  -0.26  
91126  -0.21  0.16  0.22  -0.02  0.41  0.71  -0.29  -0.04  -0.21  -0.11  
91127  -0.34  0.19  0.29  -0.26  0.02  0.24  -0.47  0.15  -0.31  -0.70  
91130  -0.02  0.39  0.34  -0.10  -0.02  0.53  -0.66  -0.07  -0.48  -0.38  
91131  -0.04  0.07  -0.24  -0.23  0.35  -0.13  -0.41  0.09  -0.12  -0.46  
91132  0.03  0.11  0.26  -0.25  -0.19  0.73  -0.59  0.01  -0.38  -0.13  
91134  -0.28  0.07  0.21  0.12  0.41  0.56  -0.24  -0.23  -0.47  -0.19  
91135  -0.19  0.18  0.31  -0.11  0.20  0.29  -0.66  -0.08  -0.40  -0.46  
91137  -0.19  0.36  0.34  0.11  0.12  0.34  -0.53  -0.34  -0.31  -0.60  
91140  -0.55  0.03  -0.10  -0.11  0.50  0.56  -0.11  0.29  -0.60  -0.18  
91141  0.18  -0.02  0.19  0.07  0.05  -0.12  -0.19  -0.27  0.02  -0.40  
91142  -0.55  0.01  0.23  0.32  0.23  0.22  -0.68  -0.03  -0.38  -0.34  
91143  -0.55  0.34  0.11  -0.02  0.08  0.39  -0.81  0.14  -0.43  -0.14  
91144  -0.35  0.36  0.11  0.21  0.45  0.31  -0.52  -0.00  -0.36  -0.40  
91146  0.15  0.41  0.54  0.14  0.14  0.44  -0.61  -0.09  -0.26  -0.65  
91147  -0.10  0.45  0.30  0.15  -0.05  0.27  -0.61  0.27  -0.12  -0.61  
91151  -0.23  -0.01  0.27  -0.05  0.17  0.16  -0.45  -0.11  -0.27  -0.41  
91152  -0.28  0.35  0.47  0.47  0.19  0.39  -0.13  0.31  -0.37  -0.74  
91162  0.17  0.08  0.22  0.09  0.10  -0.02  -0.15  -0.23  0.11  -0.45  
91163  -0.13  0.40  0.14  0.30  0.22  0.28  -0.45  -0.09  -0.48  -0.45  
91164  -0.58  0.17  0.17  0.17  -0.01  0.30  -0.49  -0.17  -0.49  -0.59  
91165  -0.27  0.38  -0.07  -0.12  0.00  0.50  -0.47  0.02  -0.49  -0.72  
91166  -0.41  0.18  0.43  -0.18  0.11  0.24  -0.48  -0.02  -0.28  -0.23  
91167  -0.11  0.05  0.36  -0.20  0.12  0.39  -0.56  0.17  -0.75  -0.60  
91168  0.10  0.14  -0.05  -0.42  -0.36  0.26  -0.46  -0.49  -0.48  -0.31  
91169  -0.36  0.36  0.35  0.23  0.12  0.29  -0.49  0.19  -0.37  -0.69  
91170  -0.25  0.10  0.38  -0.08  0.10  0.28  -0.50  -0.20  -0.30  -0.41  
91171  -0.36  0.40  0.14  0.36  0.12  0.42  -0.56  0.08  -0.45  -0.58  
91172  -0.09  0.15  0.51  -0.19  0.02  0.77  -0.37  -0.16  -0.79  -0.56  
91173  -0.50  0.21  -0.12  0.28  0.11  0.52  -0.56  -0.26  -0.31  -1.17  
91174  -0.22  0.29  0.55  0.24  0.16  0.23  -0.52  0.20  -0.17  -0.78  
91177  -0.45  0.20  -0.04  0.29  0.07  0.44  -0.33  0.19  -0.35  -0.44  
91178  -0.06  0.28  0.05  0.07  0.45  0.51  -0.41  0.02  -0.18  -0.44  
91179  -0.10  0.22  0.20  0.30  0.80  0.33  -0.15  -0.14  -0.75  -0.25  
91182  -0.16  0.05  0.19  0.15  0.24  0.14  -0.69  -0.29  -0.32  -0.05  
91183  -0.22  0.40  0.23  0.25  0.27  0.38  -0.59  0.08  -0.44  -0.60  
91184  -0.29  0.34  -0.12  0.57  0.10  0.60  -0.68  0.19  -0.48  -0.29  
91185  -0.09  0.28  0.17  0.11  0.26  0.18  -0.59  -0.11  -0.43  -0.61  
91192  0.14  0.09  0.22  0.22  -0.05  -0.09  -0.11  -0.34  -0.02  -0.53  
91193  -0.11  0.28  0.11  0.01  0.10  0.38  -0.63  -0.31  -0.41  -0.77  
91194  -0.36  0.55  0.26  0.60  0.12  0.66  -0.52  -0.48  -0.63  -0.65  
91195  -0.20  0.24  0.03  -0.06  0.45  0.43  -0.42  -0.03  -0.33  -0.62  
91196  -0.39  0.14  -0.00  0.27  0.14  0.57  -0.65  -0.28  -0.47  -0.69  
91197  -0.16  0.12  0.46  0.31  0.03  0.42  -0.34  -0.25  -0.19  -0.56  
91198  -0.06  0.43  0.34  0.39  0.11  0.47  -0.61  -0.20  -0.65  -1.04  
91199  -0.10  0.33  0.06  0.02  0.32  0.57  -0.77  0.13  -0.25  -0.40  
91200  -0.72  0.24  0.30  0.38  0.23  0.49  -0.67  -0.14  -0.49  -0.43  
91208  -0.41  0.30  0.40  0.63  0.21  0.61  -0.94  -0.71  -0.81  -0.26  
91209  -0.37  0.26  0.30  0.49  0.11  0.62  -0.74  -0.23  -0.53  -0.39  
91210  -0.25  0.09  0.42  0.21  0.10  0.55  -0.47  -0.09  -0.60  -0.25  
91211  -0.18  0.29  0.19  0.10  0.17  0.41  -0.35  -0.00  -0.41  -0.49  
91212  0.06  0.13  0.05  0.25  0.15  0.13  -0.61  0.31  -0.32  -0.27  
91213  -0.39  0.30  0.31  0.49  -0.12  0.23  -0.79  -0.08  -0.10  -0.45  
91217  0.14  0.04  0.35  0.18  0.10  -0.13  -0.06  -0.22  0.04  -0.69  
91218  -0.28  0.50  0.18  0.32  -0.33  0.65  -0.12  -0.21  -0.76  -0.60  
91219  -0.16  0.79  0.00  0.78  0.08  0.50  -0.65  0.29  -0.34  -0.24  
91220  -0.21  0.38  0.35  0.51  -0.05  0.68  -0.21  0.10  -0.06  -0.39  
91221  -0.22  0.35  0.23  0.47  0.17  0.42  -0.56  -0.15  -0.50  -0.32  
91222  -0.12  0.43  -0.03  0.50  -0.16  0.30  -0.31  -0.07  -0.24  -0.39  
91223  -0.19  0.13  0.26  0.28  -0.04  0.66  -0.36  0.10  -0.48  -0.40  
91224  -0.37  0.03  0.09  -0.01  0.26  0.38  -0.41  -0.31  -0.58  -0.68  
91225  -0.31  0.24  0.24  0.29  0.24  0.71  -0.41  0.16  -0.34  -0.07  
91226  -0.16  0.45  0.17  0.33  0.09  0.50  -0.79  0.12  -0.37  -0.37  
91227  -0.38  0.21  0.22  0.22  0.41  0.51  -0.36  -0.32  -0.06  -0.32  
91228  -0.24  0.27  0.15  0.07  0.27  0.36  -0.56  -0.19  -0.51  -0.40  
91229  -0.05  0.30  0.24  0.74  0.15  0.44  -0.42  -0.02  -0.49  -0.14  
91230  -0.44  0.08  0.05  0.20  0.22  0.31  -0.49  -0.15  -0.35  -0.61  
91231  -0.38  0.22  0.29  0.59  0.11  1.00  -0.44  0.03  -0.51  -0.46  
91232  -0.66  -0.12  0.48  0.42  0.03  1.11  -0.55  0.07  -0.08  -0.13  
91233  -0.39  -0.02  0.07  0.43  -0.08  0.68  -0.78  -0.42  -0.43  -0.48  
91234  -0.13  0.17  0.16  0.40  0.10  0.40  -0.36  -0.13  -0.24  -0.17  
91235  -0.27  0.38  -0.06  0.51  0.17  0.47  -0.66  0.03  -0.13  -0.38  
91236  -0.47  0.49  0.30  0.57  0.42  0.54  -0.25  -0.21  -0.59  -0.30  
91237  -0.40  0.32  0.23  0.13  -0.07  0.73  -0.47  0.05  -0.23  -0.26  
91238  -0.47  -0.02  0.18  0.30  0.43  0.21  -0.54  -0.44  -0.65  -0.52  
91239  -0.11  0.11  0.18  0.13  -0.06  0.49  -0.60  -0.09  -0.72  -0.55  
91240  -0.23  0.31  0.32  0.05  0.32  0.50  -0.45  -0.19  -0.54  -0.50  
91241  -0.09  0.08  0.30  0.58  -0.01  0.36  -0.86  -0.13  -0.45  -0.76  
91242  -0.17  0.16  0.41  0.45  -0.01  0.31  -0.38  -0.37  -0.21  -0.26  
91244  -0.47  0.12  0.01  0.40  -0.18  0.55  -0.42  0.18  -0.08  -0.49  
91245  -0.19  0.24  0.19  0.51  0.10  0.14  -0.18  -0.03  -0.11  -0.79  
91246  -0.01  0.01  0.04  0.10  0.54  -0.11  -0.37  -0.01  -0.32  -0.45  
91247  -0.41  0.52  0.14  0.41  0.26  0.29  -0.43  0.01  -0.49  -0.20  
91248  -0.21  0.11  0.38  0.16  0.03  0.36  -0.43  0.20  -0.43  -0.18  
91249  -0.45  0.52  0.29  0.53  0.23  0.32  -0.56  -0.05  -0.55  -0.36  
91250  -0.04  0.44  0.05  0.45  0.10  0.36  -0.27  -0.18  -0.77  -0.66  
91251  -0.22  0.22  0.27  0.38  0.02  0.42  -0.53  -0.12  -0.48  -0.42  
91252  -0.39  -0.06  0.44  0.40  0.32  0.50  -0.45  0.09  -0.41  -0.39  
91253  -0.48  0.10  0.09  0.06  0.05  0.38  -0.29  -0.05  -0.33  -0.16  
91254  -0.22  0.13  0.53  0.41  0.44  0.70  -0.54  0.05  -0.32  -0.31  
91255  -0.25  -0.06  0.32  0.14  -0.07  0.35  -0.39  -0.24  -0.17  -0.43  
91256  -0.08  0.28  0.11  0.30  0.14  0.57  -0.31  0.10  -0.07  -0.27  
91258  -0.14  0.07  0.32  0.22  -0.04  -0.10  -0.32  0.09  -0.35  -0.12  
91260  -0.41  0.23  0.13  0.31  0.29  0.33  -0.73  0.09  -0.26  -0.12  
91261  -0.02  -0.06  0.35  0.43  0.32  0.61  -0.55  0.03  -0.12  -0.41  
91263  -0.53  0.28  0.04  0.19  0.29  0.67  -0.36  -0.27  -0.34  -0.58  
91264  -0.01  0.00  0.48  0.39  0.07  0.75  -0.64  -0.24  -0.27  -0.38  
91265  -0.20  0.06  0.35  0.35  0.45  0.67  -0.48  -0.10  -0.31  -0.52  
91266  -0.09  0.29  0.32  0.30  0.23  0.43  -0.63  -0.34  -0.58  -0.56  
91267  -0.12  0.26  0.09  0.21  0.39  0.31  -0.32  -0.04  -0.34  0.09  
91268  -0.44  -0.09  -0.14  -0.03  0.22  0.41  -0.31  -0.25  -0.47  -0.02  
91269  -0.16  0.26  0.21  0.23  0.24  0.39  -0.58  0.13  -0.15  -0.04  
91270  -0.34  0.41  0.19  0.32  0.13  0.47  -0.33  -0.06  -0.14  0.04  
91271  -0.62  0.23  0.15  0.49  -0.11  0.73  -0.80  -0.55  -0.17  -0.35  
91275  -0.32  0.13  0.25  0.68  0.22  0.72  -0.45  0.06  -0.37  -0.31  
91277  -0.30  -0.26  0.41  0.10  -0.00  0.55  -0.79  -0.21  0.04  -0.39  
91278  -0.12  -0.01  0.27  0.20  0.20  0.31  -0.82  -0.05  -0.40  -0.11  
91279  -0.25  0.26  0.31  -0.18  0.13  0.28  -0.18  -0.39  -0.59  -0.43  
91280  -0.43  0.35  -0.01  0.85  0.29  0.51  -0.36  -0.01  -0.46  0.41  
91283  -0.14  0.47  0.16  0.47  0.03  0.23  -0.58  -0.09  -0.13  -0.27  
91284  -0.06  0.12  0.19  0.02  0.06  0.15  -0.77  -0.21  0.02  -0.46  
91285  -0.17  0.22  0.19  0.13  0.11  0.18  -0.51  -0.16  -0.22  -0.35  
91286  -0.34  0.27  0.29  0.47  0.10  0.45  -0.53  -0.26  -0.26  -0.21  
91287  -0.48  0.29  0.44  0.20  -0.32  0.24  -0.66  0.05  -0.44  -0.31  
91288  -0.10  0.40  0.27  0.12  0.27  0.73  -0.51  0.19  -0.28  -0.22  
91289  -0.46  0.10  0.18  0.40  0.09  0.41  -0.23  -0.04  -0.30  -0.15  
91290  -0.58  0.13  -0.02  0.04  0.26  0.33  -0.34  -0.14  -0.16  -0.57  
91291  -0.18  0.07  0.16  -0.12  -0.02  0.57  -0.28  0.00  -0.12  -0.25  
91292  -0.44  0.21  0.30  0.10  0.07  0.47  -0.44  -0.08  -0.41  -0.25  
91293  -0.36  0.31  0.28  0.29  0.22  0.68  -0.49  -0.10  -0.20  -0.31  
91294  -0.24  0.14  0.37  0.15  0.30  0.84  -0.35  0.21  -0.27  -0.39  
91295  -0.49  0.08  0.64  -0.27  -0.03  0.07  -0.41  -0.11  -0.17  -0.75  
91296  -0.40  0.21  0.14  0.20  0.16  0.22  -0.45  0.17  -0.30  -0.60  
91297  -0.42  0.34  0.35  0.13  0.19  0.26  -0.70  0.11  -0.64  -0.69  
91298  -0.32  0.15  0.05  -0.04  0.19  0.23  -0.27  -0.34  -0.19  -0.25  
91299  -0.57  0.27  0.34  0.72  -0.02  0.60  -0.31  0.29  -0.32  -0.49  
91300  -0.07  0.48  0.24  0.08  0.19  0.48  -0.43  0.05  -0.27  0.14  
91302  -0.25  0.27  -0.22  0.34  0.59  0.71  -0.45  -0.36  -0.48  0.18  
91303  -0.41  0.20  0.14  -0.01  0.11  0.64  -0.08  -0.23  -0.54  -0.16  
91304  -0.22  0.20  0.03  -0.09  0.37  0.37  -0.27  -0.43  -0.39  -0.35  
91305  -0.59  -0.04  0.26  0.03  0.39  0.55  -0.24  -0.08  -0.34  -0.47  
91306  0.14  0.12  0.34  0.27  -0.02  0.26  -0.55  0.03  -0.36  -0.45  
91307  -0.31  0.15  0.20  -0.08  -0.05  0.59  -0.67  0.18  -0.36  0.01  
91308  -0.21  0.38  -0.04  -0.02  -0.16  0.64  -0.07  0.10  -0.06  -0.20  
91309  -0.32  0.52  0.50  -0.09  0.06  0.56  -0.26  -0.05  -0.53  -0.34  
91310  -0.42  0.13  0.23  -0.08  0.13  0.64  -0.32  -0.06  -0.34  -0.34  
91311  -0.28  0.24  0.15  -0.36  -0.09  0.44  -0.04  -0.60  -0.56  0.33  
91312  0.20  -0.08  0.23  -0.01  0.19  -0.20  -0.08  -0.32  0.11  -0.50  
91313  -0.34  0.27  0.19  -0.15  -0.37  0.31  -0.06  -0.27  -0.09  -0.25  
91314  -0.28  0.02  -0.20  -0.18  -0.20  0.38  0.07  0.20  -0.53  -0.32  
91315  -0.13  0.74  0.56  -0.11  0.26  0.41  -0.32  -0.07  0.05  -0.23  
91316  -0.29  0.03  0.68  -0.03  -0.00  0.69  -0.49  -0.10  -0.40  -0.08  
91317  0.08  0.30  0.32  0.19  0.31  0.58  -0.43  0.38  -0.31  -0.58  
91318  -0.33  0.47  0.44  -0.58  0.42  0.05  -0.04  0.10  -0.40  -0.43  
91319  -0.05  0.50  0.21  0.37  0.02  0.75  -0.22  0.03  -0.50  -0.33  
91320  -0.04  0.42  0.46  -0.33  0.42  0.50  -0.22  0.18  -0.22  -0.38  
91321  -0.22  0.28  0.41  0.01  0.03  0.43  -0.09  0.07  -0.36  0.06  
91322  -0.09  0.27  0.49  -0.24  0.19  0.47  -0.48  -0.19  -0.24  -0.03  
91323  -0.10  0.33  0.42  -0.22  0.25  0.19  -0.03  0.01  -0.17  -0.48  
91324  -0.22  0.12  0.20  0.10  0.38  0.49  -0.12  -0.06  -0.23  -0.17  
91325  -0.14  0.69  0.47  0.33  0.28  0.37  -0.12  -0.36  -0.28  -0.66  
91326  -0.19  0.01  -0.02  -0.11  0.24  0.74  -0.13  -0.11  -0.17  -0.32  
91327  -0.38  0.24  0.23  0.00  0.05  0.54  -0.24  -0.15  -0.43  -0.47  
91328  -0.27  0.13  0.26  -0.16  0.37  0.27  -0.37  0.00  -0.46  -0.36  
91330  -0.37  -0.32  0.31  -0.49  0.09  0.22  -0.31  0.04  -0.16  -0.76  
91331  -0.30  -0.09  0.33  -0.09  0.15  0.14  -0.14  -0.08  -0.11  -0.68  
91332  -0.18  0.05  0.39  -0.11  0.09  0.20  -0.23  -0.20  -0.30  -0.66  
91333  -0.17  0.17  0.17  0.02  0.26  0.19  -0.64  -0.03  -0.46  -0.33  
91334  -0.00  0.25  0.25  -0.28  0.10  0.21  -0.36  -0.52  -0.19  -0.55  
91335  -0.25  0.31  0.65  -0.29  0.42  0.28  0.12  -0.29  0.05  -0.51  
91338  -0.21  -0.06  0.46  -0.34  0.52  0.38  -0.41  -0.28  -0.52  -0.92  
91341  -0.04  -0.12  0.26  -0.30  0.01  0.25  -0.22  0.12  0.32  -0.52  
91342  -0.20  0.14  0.14  -0.13  0.09  0.03  -0.41  -0.40  -0.23  -0.66  
91343  -0.31  -0.06  0.29  -0.01  0.07  0.23  -0.44  -0.74  -0.44  -0.87  
91344  -0.26  0.05  0.31  0.32  0.30  0.20  -0.03  -0.08  -0.35  -0.40  
91345  0.02  0.13  0.14  -0.06  0.29  0.29  -0.27  -0.31  -0.46  -0.49  
91346  -0.39  -0.08  0.25  0.04  0.34  0.03  -0.33  -0.16  -0.26  -0.86  
91347  -0.24  0.46  -0.01  0.16  0.19  0.28  -0.47  0.03  0.00  -0.69  
91348  -0.25  0.43  0.20  -0.24  0.14  0.49  -0.24  -0.50  -0.24  -0.56  
91355  -0.20  0.23  0.13  0.23  0.04  0.34  -0.16  -0.13  -0.33  -0.41  
91356  -0.16  0.23  0.19  0.44  -0.00  0.55  -0.58  -0.04  -0.24  -0.39  
91357  -0.50  -0.04  0.52  0.26  0.13  0.43  -0.53  -0.10  -0.22  -0.22  
91358  -0.44  0.20  0.14  0.27  -0.16  0.15  -0.26  -0.36  0.11  -0.37  
91359  -0.29  0.23  0.46  0.24  0.07  0.60  -0.61  0.20  -0.69  -0.06  
91360  -0.28  0.38  0.31  0.16  0.14  0.39  -0.36  -0.22  -0.16  -0.63  
91361  -0.22  0.07  0.14  0.21  0.14  0.48  -0.33  -0.01  -0.31  -0.64  
91362  -0.27  0.32  0.31  0.21  0.07  0.56  -0.11  0.27  -0.28  -0.47  
91363  -0.18  -0.16  0.29  0.33  -0.11  0.47  -0.43  0.12  -0.40  -0.54  
91364  -0.53  0.27  0.14  -0.14  0.16  0.63  -0.45  -0.40  -0.42  -0.50  
91365  -0.28  0.08  0.34  -0.12  0.08  0.35  -0.38  -0.42  -0.03  -0.84  
91366  -0.34  0.24  0.39  -0.09  -0.01  0.63  -0.70  0.17  -0.35  -0.32  
91367  -0.25  0.19  0.22  -0.04  0.16  0.43  -0.26  -0.27  -0.73  -0.55  
91368  -0.53  0.21  0.12  0.19  -0.08  0.30  -0.52  -0.66  -0.48  -0.64  
91369  -0.25  -0.03  0.28  0.31  -0.01  0.35  -0.33  -0.05  0.06  -0.38  
91370  -0.48  0.17  0.29  0.08  0.29  0.61  -0.42  -0.03  -0.26  -0.14  
91371  -0.09  0.01  -0.05  0.22  0.10  0.08  -0.51  -0.32  -0.01  -0.44  
91372  -0.16  0.34  0.38  0.32  -0.09  0.52  -0.38  -0.04  -0.06  -0.30  
91373  -0.28  0.36  0.10  0.52  0.49  0.57  -0.66  0.05  -0.50  0.11  
91374  -0.08  0.37  0.68  0.17  0.55  0.52  -0.52  -0.35  -0.58  -0.85  
91375  -0.11  0.29  0.27  0.12  0.21  0.55  -0.64  -0.33  -0.07  -0.43  
91376  -0.34  0.18  0.23  -0.07  -0.11  0.30  -0.23  0.11  -0.17  -0.82  
91377  -0.33  0.38  0.37  0.65  0.25  0.35  -0.48  -0.13  -0.37  -0.37  
91379  -0.30  0.42  0.18  -0.06  0.18  0.57  -0.37  -0.26  -0.30  -0.83  
91380  -0.27  0.42  0.20  -0.03  -0.07  0.48  -0.59  -0.37  -0.31  -0.53  
91381  -0.22  0.24  0.05  0.08  0.08  0.28  -0.29  0.04  -0.37  -0.69  
91382  -0.11  -0.16  0.27  0.19  0.23  0.03  -0.54  -0.39  -0.67  -0.83  
91383  -0.21  0.15  0.36  -0.03  0.01  0.22  -0.27  -0.49  -0.31  -0.51  
91384  -0.46  0.25  0.40  0.39  0.20  0.51  -0.19  0.08  -0.20  -0.13  
91385  -0.21  0.30  0.34  0.54  0.00  0.47  -0.73  0.09  -0.52  -0.31  
91386  -0.39  0.43  0.37  0.13  0.29  0.67  -0.31  0.12  -0.11  0.09  
91387  0.08  0.16  0.23  -0.01  0.37  0.55  -0.54  0.41  -0.13  -0.33  
91388  -0.21  0.19  0.04  0.06  0.14  0.37  -0.78  -0.08  -0.21  -0.55  
91389  -0.00  0.17  0.37  -0.03  0.41  0.42  -0.56  -0.40  -0.17  -0.52  
91390  -0.05  0.35  0.20  -0.07  0.45  0.42  -0.40  -0.12  -0.29  -0.32  
91391  -0.05  0.23  0.15  0.05  0.12  0.46  -0.49  -0.26  -0.35  -0.50  
91392  -0.44  0.38  0.15  0.22  0.26  0.78  -0.65  0.02  -0.40  -0.52  
91393  -0.06  0.45  0.33  0.21  0.40  0.18  -0.55  0.17  -0.05  -0.08  
91394  -0.35  0.14  0.32  0.24  -0.11  0.62  -0.53  -0.22  -0.55  -0.62  
91395  -0.20  0.32  0.14  0.01  0.01  0.53  -0.63  0.01  -0.29  -0.27  
91396  -0.30  0.17  0.16  0.24  0.28  0.57  -0.36  -0.13  -0.17  -0.29  
91397  -0.36  0.28  0.23  0.07  0.21  0.58  -0.40  -0.12  -0.24  -0.45  
91399  -0.16  -0.11  0.07  -0.10  -0.07  0.32  -0.44  -0.19  -0.29  -0.68  
91400  -0.17  0.15  0.31  0.17  -0.01  0.20  -0.35  0.07  -0.28  -0.23  
91401  -0.53  0.21  0.53  0.17  0.11  -0.08  -0.28  -0.07  -0.25  -0.35  
91402  -0.10  0.21  -0.06  0.05  0.03  0.12  -0.55  -0.32  -0.35  -0.18  
91403  -0.33  0.02  0.23  0.36  -0.27  0.63  -0.31  -0.27  -0.42  -0.13  
91404  -0.36  0.27  0.09  0.33  -0.21  0.45  -0.33  -0.36  -0.41  -0.52  
91405  -0.41  -0.14  0.06  0.03  -0.28  0.49  -0.46  -0.45  -0.18  -0.61  
91406  -0.26  -0.05  -0.00  0.20  0.38  0.52  -0.65  -0.34  0.40  -0.73  
91407  0.13  -0.01  0.27  0.03  0.07  -0.18  -0.12  -0.35  0.08  -0.65  
91408  -0.29  0.11  0.33  0.33  0.12  0.63  -0.29  -0.17  -0.02  -0.44  
91409  -0.09  -0.02  0.11  0.45  0.02  0.69  -0.45  0.26  -0.27  -0.45  
91410  -0.02  0.08  0.53  0.14  0.34  0.35  -0.16  -0.09  -0.51  -0.25  
91411  -0.28  0.42  0.28  -0.18  0.07  0.64  -0.52  -0.60  -0.28  -0.79  
91412  -0.39  -0.28  0.21  -0.04  0.18  0.08  -0.38  -0.01  -0.58  -0.49  
91413  -0.42  0.29  0.31  0.11  0.43  0.51  -0.18  0.08  -0.47  -0.19  
91414  -0.97  0.83  0.21  0.24  0.03  0.64  0.05  -0.25  -0.33  -0.62  
91415  -0.27  0.08  0.03  0.12  -0.16  0.70  -0.37  -0.11  -0.28  -0.41  
91416  0.04  0.46  0.27  0.15  0.10  0.38  -0.39  -0.15  -0.38  -0.60  
91417  -0.32  0.14  0.33  0.11  0.30  0.51  -0.42  -0.37  -0.43  -0.27  
91418  -0.02  -0.01  0.19  0.23  0.20  0.68  -0.31  0.05  -0.35  -0.39  
91419  -0.26  0.22  0.37  -0.20  0.13  0.65  -0.21  -0.19  -0.13  -0.68  
91420  -0.38  0.41  0.11  0.21  0.27  0.58  -0.21  0.21  -0.48  -0.45  
91421  -0.31  0.30  0.49  0.19  -0.07  0.55  -0.30  -0.19  -0.27  0.04  
91422  -0.18  0.80  0.51  0.33  0.21  0.67  -0.07  0.12  -0.25  -0.28  
91423  -0.30  0.15  0.16  -0.13  0.34  0.48  -0.50  -0.20  -0.26  -0.35  
91424  -0.24  0.22  0.24  -0.05  -0.12  0.27  -0.40  0.16  -0.61  -0.64  
91425  -0.28  0.21  0.29  -0.04  0.20  0.21  -0.15  -0.10  -0.41  -0.36  
91426  -0.19  0.37  0.35  -0.04  0.08  0.34  -0.49  -0.23  -0.45  -0.68  
91427  -0.22  0.25  0.24  0.17  0.03  0.57  -0.26  -0.16  -0.03  -0.33  
91428  -0.19  0.46  0.45  0.43  0.17  0.85  -0.30  0.19  -0.38  -0.32  
91429  -0.27  0.25  0.09  -0.10  0.13  0.14  -0.34  -0.37  -0.08  -0.49  
91430  -0.08  0.22  0.19  0.17  0.21  0.45  -0.24  -0.23  -0.46  -0.49  
91431  -0.21  0.39  0.36  0.21  0.28  0.83  -0.40  0.01  -0.36  -0.53  
91432  -0.24  0.33  0.31  0.09  0.26  0.70  -0.42  -0.12  -0.01  -0.21  
91433  -0.25  0.32  0.15  0.12  0.02  0.43  -0.32  0.05  -0.30  -1.01  
91434  -0.31  0.07  0.33  -0.08  0.19  0.57  -0.12  -0.21  -0.35  -0.60  
91435  -0.35  0.04  0.26  0.17  0.36  0.55  -0.49  -0.34  -0.25  -0.30  
91436  -0.20  0.48  0.30  0.11  0.16  0.75  -0.16  -0.23  -0.34  -0.53  
91437  -0.09  0.50  0.15  -0.02  0.18  0.50  -0.25  0.02  -0.14  -0.50  
91438  -0.24  0.56  0.39  -0.05  0.20  0.67  -0.35  0.02  -0.34  -0.44  
91439  -0.19  0.25  0.24  0.16  0.32  0.55  -0.27  0.20  -0.55  0.04  
91440  0.09  0.32  0.19  0.37  0.11  0.19  -0.43  0.01  -0.66  -0.25  
91441  -0.37  0.11  0.15  0.10  0.05  0.56  -0.07  -0.07  -0.18  -0.31  
91442  -0.28  0.21  0.36  0.30  0.09  0.31  -0.47  -0.14  -0.21  -0.43  
91443  -0.25  0.06  0.12  -0.19  0.22  0.48  -0.46  -0.19  -0.32  -0.41  
91444  -0.18  0.33  0.16  0.13  -0.11  0.70  -0.54  -0.32  -0.30  -0.44  
91445  -0.24  0.09  0.47  -0.39  -0.07  0.55  -0.59  -0.61  -0.56  -0.32  
91446  -0.32  0.12  0.30  0.26  0.10  0.67  -0.27  -0.18  -0.41  -0.55  
91447  -0.06  -0.08  0.44  0.02  0.02  0.66  -0.64  -0.12  -0.44  -0.69  
91448  -0.10  0.16  -0.07  0.19  -0.03  0.40  -0.63  -0.09  -0.11  -0.50  
91449  -0.37  0.26  0.04  0.26  -0.11  0.37  -0.64  -0.08  -0.17  -0.43  
91450  -0.13  0.24  0.27  0.39  -0.13  0.70  -0.25  0.17  -0.33  -0.47  
91451  -0.22  0.55  0.16  -0.05  -0.19  0.64  -0.15  -0.10  -0.41  -0.76  
91452  -0.10  0.11  0.41  -0.05  0.01  0.37  -0.20  -0.12  -0.23  -0.57  
91453  -0.27  0.49  0.28  -0.11  0.06  0.19  -0.30  -0.08  -0.46  -0.34  
91454  -0.29  0.10  0.36  0.43  0.12  0.60  -0.50  -0.01  -0.36  -0.22  
91455  -0.38  0.43  0.63  0.18  0.16  0.77  -0.09  -0.08  0.08  -0.45  
91456  0.12  0.20  0.35  0.09  0.23  0.30  -0.59  -0.20  -0.24  -0.54  
91457  -0.74  0.28  0.27  0.48  0.10  0.49  -0.57  -0.41  -0.35  -0.27  
91458  0.01  0.24  0.35  0.08  0.25  0.57  -0.52  -0.09  -0.36  -0.24  
91459  -0.52  0.28  0.32  -0.02  0.35  0.52  -0.27  -0.19  -0.39  -0.48  
91460  -0.50  0.31  0.39  0.16  0.17  0.43  -0.12  0.32  -0.16  -0.19  
91461  -0.18  0.07  0.12  -0.18  0.09  0.45  -0.34  -0.05  -0.25  -0.51  
91462  -0.10  0.61  0.40  0.02  0.21  0.66  -0.26  0.03  -0.12  -0.27  
91463  -0.30  0.07  0.44  -0.20  0.21  0.97  -0.30  -0.01  -0.72  -0.50  
91467  -0.24  0.03  0.07  -0.52  0.04  -0.17  -0.67  -0.71  0.15  -1.27  
91468  -0.42  0.04  0.48  0.01  0.27  -0.02  -0.54  -0.86  -0.23  -1.11  
91469  -0.19  0.19  0.22  -0.16  0.04  0.07  -0.17  -0.31  -0.35  -0.63  
91470  -0.40  -0.15  0.28  0.24  0.32  0.15  -0.30  -0.52  0.13  -1.06  
91471  -0.28  0.23  0.57  0.34  0.10  0.25  -0.40  -0.41  -0.21  -1.04  
91472  -0.41  -0.16  0.44  -0.01  0.13  0.41  -0.37  -0.51  -0.15  -0.64  
91473  -0.30  0.00  0.28  -0.49  0.13  0.12  -0.36  -0.47  -0.33  -0.92  
91474  -0.26  0.01  0.20  0.15  0.31  0.07  -0.45  -0.28  -0.29  -0.84  
91475  -0.11  -0.05  0.40  -0.10  -0.02  -0.28  -0.22  -0.78  0.02  -1.12  
91476  -0.12  -0.07  0.42  -0.15  0.29  -0.06  -0.57  -0.49  -0.18  -1.21  
91477  -0.42  0.06  0.32  -0.28  -0.02  0.07  -0.41  -0.38  -0.10  -1.12  
91478  -0.00  -0.10  0.20  0.12  0.20  -0.05  -0.38  -0.34  -0.04  -1.05  
91479  -0.14  0.10  0.28  -0.34  0.12  -0.15  -0.67  -0.27  0.02  -0.72  
91480  0.00  0.12  0.18  0.03  -0.06  0.11  -0.69  -0.48  0.07  -1.02  
91481  -0.28  0.17  0.10  -0.11  0.34  0.35  -0.18  -0.39  -0.25  -0.37  
91482  -0.24  -0.21  0.18  -0.14  0.06  0.08  -0.45  -0.87  -0.47  -1.09  
91483  -0.15  0.26  0.36  -0.33  0.09  -0.18  -0.48  -0.67  0.17  -0.81  
91484  -0.56  -0.04  0.20  -0.34  0.24  -0.05  -0.62  -0.52  -0.10  -0.86  
91485  -0.24  0.07  0.16  -0.14  0.09  0.03  -0.54  -0.46  0.11  -0.66  
91486  -0.06  0.03  0.06  -0.36  -0.01  -0.52  -0.60  -0.30  -0.04  -1.16  
91487  -0.62  0.36  0.35  -0.19  0.21  -0.01  0.12  -0.68  -0.20  -0.64  
91488  -0.14  0.11  0.19  -0.33  0.26  -0.06  -0.45  -1.02  0.02  -0.83  
91489  -0.04  -0.25  0.48  -0.17  0.15  0.15  -0.40  -0.15  -0.07  -0.54  
91490  -0.28  0.25  0.26  0.08  0.05  0.08  -0.26  -0.48  -0.08  -0.87  
91491  -0.13  -0.02  0.28  -0.32  -0.08  -0.10  -0.36  -0.46  -0.18  -0.96  
91492  -0.31  -0.05  0.13  -0.21  0.15  0.25  -0.49  -0.17  -0.07  -0.87  
91493  -0.20  0.26  0.18  -0.14  0.19  0.30  -0.20  -0.30  0.02  -0.84  
91494  -0.25  -0.13  0.40  -0.30  0.14  -0.04  -0.09  -0.51  -0.45  -0.67  
91495  -0.23  0.33  0.36  -0.16  0.12  0.38  -0.11  -0.23  -0.23  -0.82  
91496  0.01  -0.23  0.27  -0.39  0.53  -0.25  -0.37  -0.44  -0.43  -0.92  
91497  -0.09  0.07  0.31  -0.02  0.20  0.18  -0.44  -0.53  -0.39  -0.67  
91498  -0.11  -0.20  0.09  0.06  -0.08  -0.11  -0.45  -0.79  -0.29  -0.96  
91499  -0.58  0.21  0.29  -0.08  0.11  0.05  -0.26  -0.67  -0.43  -0.98  
91500  -0.13  -0.02  0.41  -0.25  0.06  0.17  -0.37  -0.22  -0.15  -0.76  
91501  -0.33  -0.25  0.40  0.54  0.32  0.35  -0.14  -0.07  -0.35  -0.31  
91502  -0.41  -0.21  -0.02  -0.23  0.21  -0.02  -0.50  -0.50  -0.04  -0.66  
91503  -0.60  0.35  0.20  -0.04  0.08  0.20  -0.27  -0.48  -0.21  -0.51  
91504  -0.20  -0.03  0.30  -0.30  -0.10  0.03  -0.16  -0.20  0.05  -0.77  
91505  -0.29  0.11  0.47  -0.07  0.14  0.15  -0.71  -0.25  -0.30  -0.66  
91507  -0.26  0.02  0.36  -0.12  0.24  0.01  -0.37  -0.48  -0.11  -0.50  
91508  -0.33  -0.10  0.30  -0.43  0.25  0.02  -0.42  -0.60  0.15  -1.03  
91509  -0.39  -0.03  0.29  -0.29  0.45  0.10  -0.42  -0.66  -0.34  -0.76  
91510  -0.06  0.04  0.16  0.14  0.57  -0.05  -0.20  -0.65  -0.48  -0.81  
91511  -0.23  0.04  0.39  -0.01  0.32  0.18  -0.55  -0.60  0.01  -0.75  
91512  -0.44  0.39  0.31  -0.34  0.16  0.10  -0.56  -0.07  -0.26  -0.47  
91513  -0.42  0.00  0.19  -0.16  0.27  -0.16  -0.33  -0.19  -0.21  -0.84  
91514  -0.30  0.31  0.12  0.09  0.22  0.20  -0.41  -0.31  -0.02  -0.71  
91515  -0.33  0.16  0.23  -0.17  0.23  0.03  -0.25  -0.50  -0.35  -0.72  
91516  0.02  0.04  0.26  -0.48  0.07  -0.21  -0.50  -0.36  -0.26  -0.47  
91517  -0.35  -0.08  0.12  -0.31  0.17  -0.12  -0.20  -0.73  -0.24  -1.21  
91518  -0.12  0.19  0.14  0.08  0.13  0.10  -0.53  -0.72  -0.23  -0.52  
91519  -0.41  0.20  0.17  -0.54  -0.06  0.26  -0.59  -0.21  -0.44  -1.38  
91520  -0.19  -0.05  0.05  -0.24  0.06  0.28  -0.58  -0.02  -0.12  -0.55  
91521  -0.22  0.00  0.18  -0.39  -0.02  0.03  -0.33  -0.25  -0.11  -0.73  
91522  -0.30  -0.13  0.01  0.03  -0.04  -0.08  -0.36  -0.57  -0.06  -0.74  
91523  -0.29  0.01  0.30  -0.33  -0.02  0.12  -0.57  -0.48  -0.21  -0.82  
91524  -0.09  -0.26  0.34  -0.40  0.02  0.07  -0.34  -0.81  -0.29  -0.37  
91525  -0.22  0.17  0.24  -0.21  0.21  -0.10  -0.48  -0.56  -0.49  -1.05  
91526  -0.31  0.08  0.42  -0.47  0.13  -0.10  -0.34  -0.61  -0.09  -0.28  
91527  -0.27  -0.04  0.02  -0.39  -0.05  -0.01  -0.34  -0.45  -0.24  -1.00  
91530  0.20  -0.24  0.21  -0.49  0.14  -0.61  -0.21  -0.72  0.12  -0.79  
91531  -0.39  0.22  0.38  -0.10  -0.03  -0.36  -0.28  -0.47  -0.04  -1.01  
91532  -0.31  0.07  0.29  -0.16  0.09  -0.06  -0.14  -0.57  -0.20  -0.76  
91533  -0.22  0.19  0.38  -0.53  0.14  -0.09  -0.40  -0.57  -0.13  -0.81  
91534  -0.02  0.06  0.35  -0.38  -0.04  -0.23  -0.61  -0.49  0.04  -0.65  
91535  0.04  0.09  0.41  0.20  0.34  0.26  -0.10  -0.28  -0.49  -0.63  
91536  -0.19  -0.15  0.20  -0.41  -0.17  0.10  -0.51  -0.49  -0.17  -0.40  
91537  -0.36  0.34  0.21  -0.72  0.10  -0.53  -0.20  -0.47  -0.13  -0.92  
91538  -0.11  0.10  -0.05  -0.20  0.06  -0.22  -0.28  -0.46  -0.28  -0.83  
91539  -0.52  -0.05  0.12  -0.26  0.21  0.05  -0.40  -0.43  -0.09  -0.61  
91540  -0.15  0.00  0.21  0.07  0.21  0.27  -0.30  -0.53  -0.17  -0.60  
91541  -0.17  0.24  0.19  -0.65  -0.07  -0.09  -0.31  -0.34  -0.14  -0.75  
91542  -0.23  0.00  0.19  -0.35  0.16  0.08  -0.28  -0.31  -0.06  -0.54  
91543  -0.30  0.70  0.49  -0.05  0.14  0.13  -0.41  -0.85  -0.04  -0.80  
91544  -0.17  -0.31  0.31  0.40  -0.39  0.31  -0.54  -0.60  -0.33  -0.78  
91546  -0.18  0.44  0.10  -0.26  -0.08  -0.04  -0.41  -0.95  -0.28  -0.59  
91547  0.11  0.11  0.20  -0.08  0.01  0.19  -0.27  -0.38  -0.29  -0.69  
91548  -0.02  0.20  0.49  -0.25  0.12  -0.11  -0.42  -0.42  -0.20  -0.75  
91549  -0.26  -0.10  0.22  -0.56  -0.07  -0.24  -0.30  -0.54  -0.56  -0.80  
91550  0.02  -0.07  -0.18  -0.70  0.16  -0.21  -0.33  -0.13  -0.22  -0.68  
91551  -0.16  -0.31  0.20  -0.32  -0.05  -0.17  -0.39  -0.52  0.09  -0.45  
91552  -0.19  -0.02  0.19  -0.51  0.34  0.04  -0.28  -0.61  0.01  -0.52  
91553  0.16  -0.20  0.21  -0.27  0.02  -0.56  -0.17  -0.79  0.15  -0.78  
91554  -0.25  -0.06  0.07  -0.10  0.22  0.01  -0.41  -0.61  -0.46  -0.89  
91555  -0.04  -0.02  -0.14  -0.38  0.46  -0.35  -0.36  -0.47  -0.30  -1.12  
91556  -0.47  0.06  0.21  -0.27  0.11  -0.00  -0.39  -0.37  -0.02  -0.77  
91557  -0.47  0.13  0.27  -0.21  0.06  0.03  -0.29  -0.13  0.07  -0.89  
91558  -0.20  0.28  0.39  -0.18  -0.18  -0.18  -0.48  -0.34  -0.28  -1.04  
91559  -0.02  0.12  -0.09  -0.41  0.22  -0.07  -0.37  -0.73  -0.14  -0.74  
91561  -0.49  -0.10  0.36  -0.18  0.23  0.03  -0.57  -0.13  -0.14  -0.80  
91562  -0.22  0.06  0.27  -0.40  0.22  -0.02  -0.51  -0.55  -0.40  -1.09  
91563  -0.06  0.22  0.35  0.15  0.26  0.01  -0.42  -0.58  -0.34  -0.62  
91564  -0.16  0.09  0.22  -0.29  -0.03  -0.18  -0.64  -0.32  -0.34  -0.87  
91565  -0.23  0.06  0.26  -0.29  0.02  0.18  -0.44  -0.27  -0.23  -0.95  
91566  -0.31  0.32  0.73  -0.30  -0.05  -0.13  -0.40  -0.58  -0.34  -0.51  
91567  -0.17  0.05  0.11  -0.06  0.24  -0.00  -0.44  -0.05  -0.30  -0.57  
91568  -0.29  0.20  0.40  -0.16  0.11  -0.16  -0.31  -0.45  -0.01  -0.61  
91569  -0.34  0.14  0.09  0.00  0.25  0.06  -0.52  -0.75  -0.11  -0.48  
91570  -0.30  0.10  0.33  -0.06  0.21  -0.07  -0.16  -0.61  0.13  -1.02  
91571  -0.27  0.06  0.14  -0.47  0.16  -0.25  -0.25  -0.31  -0.44  -0.64  
91572  0.01  0.25  0.15  -0.01  0.10  0.09  -0.57  -0.22  -0.12  -0.45  
91573  -0.27  -0.14  0.07  -0.27  0.13  -0.24  -0.60  -0.64  -0.34  -1.06  
91574  0.02  -0.19  0.11  0.32  -0.06  -0.46  -0.20  -0.49  -0.39  -0.72  
91575  -0.08  0.34  0.28  -0.14  0.24  0.02  -0.40  -0.70  -0.26  -0.92  
91576  -0.11  0.21  0.29  -0.12  0.24  -0.27  -0.26  -0.26  -0.62  -0.70  
91577  0.08  -0.09  0.32  -0.61  -0.49  0.46  -0.13  -0.13  -0.42  -0.33  
91578  -0.07  -0.20  0.24  -0.13  0.25  0.19  -0.39  -0.55  -0.35  -0.80  
91579  -0.18  -0.03  0.13  -0.43  0.05  -0.16  -0.53  -0.33  -0.24  -0.86  
91590  -0.28  0.47  0.23  -0.25  0.06  0.59  -0.02  -0.20  0.30  -0.69  
91593  -0.48  -0.00  0.14  -0.50  -0.17  0.46  -0.03  -0.34  0.33  -0.77  
91596  -0.54  0.00  0.17  -0.55  -0.19  0.54  -0.20  -0.52  -0.11  -0.76  
91597  0.14  -0.12  0.24  -0.09  -0.05  -0.49  -0.21  -0.63  0.03  -0.79  
91599  0.13  -0.07  0.20  -0.15  0.01  -0.49  -0.16  -0.62  0.05  -0.82  
91602  -0.69  0.00  0.39  -0.09  0.25  0.23  -0.17  -0.67  -0.27  -0.29  
91603  -0.22  -0.00  0.32  -0.33  0.32  0.31  -0.28  -0.33  -0.08  -0.76  
91604  0.01  0.14  0.15  -0.49  -0.15  -0.10  -0.39  -0.41  -0.10  -1.38  
91605  -0.07  0.26  0.06  0.58  -0.03  0.02  -0.83  -0.59  -0.08  -0.79  
91606  -0.00  0.12  0.15  0.28  -0.08  -0.05  -0.56  -0.87  -0.23  -0.73  
91607  -0.49  0.31  0.21  0.43  0.18  0.13  -0.18  -0.11  -0.15  -1.09  
91608  -0.02  -0.03  0.25  -0.59  -0.21  0.02  -0.41  -0.33  -0.36  -0.88  
91609  0.34  0.15  0.70  -0.20  -0.22  -0.10  -0.59  0.59  -0.26  -1.17  
91610  0.21  0.23  0.50  -0.30  -0.35  -0.62  -0.34  -0.09  -0.21  -0.80  
91611  -0.24  0.50  0.08  -0.41  -0.05  0.06  -0.26  -0.56  0.06  -0.97  
91612  -0.36  0.04  0.43  -0.12  0.16  0.29  -0.47  -0.71  -0.17  -1.12  
91614  -0.29  0.26  0.37  -0.21  0.25  0.26  -0.32  -0.22  -0.13  -0.77  
91615  -0.22  0.16  0.19  -0.22  0.15  0.21  -0.39  -0.32  -0.13  -0.82  
91616  -0.24  0.37  0.23  -0.60  0.10  0.73  -0.12  -0.62  0.01  -0.52  
91617  -0.50  -0.04  0.17  -0.57  -0.21  0.41  -0.06  -0.53  0.13  -0.72  
91618  -0.47  0.00  0.17  -0.55  -0.20  0.40  -0.09  -0.56  0.13  -0.73  
91619  -0.50  -0.06  0.13  -0.46  -0.19  0.27  -0.13  -0.55  0.16  -0.73  
91620  -0.53  -0.04  0.13  -0.59  -0.22  0.27  -0.11  -0.54  0.12  -0.75  
91621  -0.48  -0.05  0.15  -0.55  -0.22  0.36  -0.17  -0.53  0.18  -0.73  
91622  -0.52  -0.05  0.17  -0.46  -0.23  0.22  -0.17  -0.56  0.12  -0.76  
91623  -0.47  -0.03  0.17  -0.54  -0.22  0.26  -0.12  -0.56  0.13  -0.73  
91624  -0.52  -0.04  0.11  -0.51  -0.21  0.31  -0.09  -0.56  0.15  -0.70  
91625  -0.48  -0.09  0.24  -0.42  -0.22  0.41  -0.10  -0.56  0.07  -0.70  
91626  -0.38  -0.10  0.22  -0.55  -0.21  0.61  -0.25  -0.50  0.25  -0.80  
91627  -0.55  0.01  0.13  -0.52  -0.13  0.39  -0.12  -0.53  0.13  -0.67  
91628  -0.51  -0.04  0.10  -0.36  -0.16  0.29  -0.09  -0.55  0.07  -0.74  
91629  -0.49  -0.04  0.20  -0.49  -0.20  0.26  -0.10  -0.58  0.14  -0.73  
91630  -0.46  0.00  0.11  -0.55  -0.19  0.28  -0.17  -0.63  0.08  -0.82  
91631  -0.52  0.00  0.19  -0.41  -0.22  0.26  -0.18  -0.57  0.19  -0.73  
91632  -0.48  -0.08  0.13  -0.44  -0.31  0.42  -0.10  -0.57  0.15  -0.79  
91633  -0.40  -0.27  0.18  -0.33  -0.01  0.45  -0.21  -0.61  0.08  -0.55  
91634  -0.51  -0.04  0.19  -0.53  -0.17  0.30  -0.12  -0.60  0.13  -0.70  
91635  -0.49  -0.04  0.11  -0.43  -0.25  0.40  -0.13  -0.57  0.12  -0.69  
91636  -0.47  -0.07  0.13  -0.46  -0.20  0.23  -0.19  -0.60  0.13  -0.68  
91637  -0.49  0.04  0.17  -0.42  -0.22  0.34  -0.12  -0.66  0.15  -0.75  
91638  -0.49  0.04  0.23  -0.51  -0.19  0.42  -0.15  -0.59  0.17  -0.77  
91639  0.03  -0.06  0.23  -0.14  -0.13  -0.16  -0.23  -0.70  -0.01  -0.81  
91640  0.08  -0.00  0.23  -0.06  0.01  -0.42  -0.17  -0.61  0.12  -1.06  
91641  0.02  -0.08  0.24  -0.11  0.05  -0.40  -0.20  -0.72  0.04  -0.88  
91642  0.07  -0.05  0.26  -0.07  -0.14  -0.43  -0.19  -0.75  0.05  -0.89  
91645  0.08  -0.10  0.26  -0.29  -0.07  -0.37  -0.22  -0.70  0.03  -0.83  
91646  -0.04  0.01  0.19  -0.11  -0.06  -0.33  -0.27  -0.66  -0.01  -0.90  
91647  0.04  -0.01  0.22  -0.17  -0.12  -0.42  -0.11  -0.76  0.06  -1.04  
91648  -0.56  -0.04  0.21  -0.55  -0.34  0.24  -0.18  -0.59  0.10  -0.89  
91649  -0.41  0.04  0.20  -0.47  -0.07  0.29  -0.02  -0.81  0.18  -0.97  
91650  -0.49  0.02  0.18  -0.55  -0.17  0.33  -0.08  -0.51  0.19  -0.76  
91651  -0.48  -0.01  0.23  -0.42  -0.18  0.32  -0.12  -0.57  0.07  -0.73  
91655  -0.33  0.36  0.27  0.18  0.25  0.21  -0.51  -0.38  -0.22  -0.54  
91656  -0.39  -0.19  0.42  -0.07  0.09  0.16  -0.52  -0.84  -0.34  -0.51  
91657  0.10  0.12  0.09  0.01  -0.02  0.21  -0.25  -0.71  -0.65  -0.94  
91658  -0.13  0.40  0.23  -0.04  0.07  0.08  -0.48  -0.31  -0.30  -0.80  
91659  -0.23  0.31  0.40  0.34  0.05  -0.00  -0.19  -0.37  -0.14  -1.01  
91662  -0.22  0.05  0.31  -0.16  -0.12  0.14  -0.32  -0.74  -0.34  -0.93  
91663  -0.29  0.09  -0.01  0.08  -0.01  0.22  -0.65  -0.31  -0.15  -0.60  
91664  -0.28  0.11  0.17  0.07  0.02  0.70  -0.32  -0.45  -0.12  -0.59  
91665  -0.49  0.23  0.25  -0.21  0.29  0.45  -0.26  -0.27  -0.36  -0.68  
91666  -0.01  0.52  0.24  -0.42  0.33  0.34  -0.74  -0.36  -0.10  -0.92  
91667  -0.41  0.10  0.41  0.01  0.11  0.29  -0.77  -0.35  -0.01  -0.58  
91668  -0.27  0.23  0.34  0.28  0.04  0.48  -0.71  -0.14  -0.38  -0.65  
91671  -0.03  0.36  0.54  -0.36  0.20  0.36  -0.40  -0.54  -0.15  -0.84  
91672  0.18  -0.10  0.26  -0.09  -0.02  -0.41  -0.20  -0.60  0.07  -0.69  
91675  0.16  0.48  0.05  -0.11  0.68  0.29  -0.20  -0.20  -0.03  -0.49  
91676  0.10  -0.17  0.04  -0.06  0.56  0.22  -0.49  -0.34  -0.23  -0.24  
91677  -0.18  0.48  0.18  0.05  0.50  0.44  -0.32  0.11  -0.35  -0.45  
91680  0.16  0.19  -0.11  -0.37  0.14  -0.18  -0.37  -0.29  0.00  -0.28  
91681  -0.09  0.48  0.38  -0.23  0.80  0.06  0.03  -0.35  0.03  -0.86  
91682  -0.04  -0.16  0.17  -0.26  0.17  -0.23  -0.09  -0.12  -0.37  -0.52  
91683  0.01  0.10  0.36  0.07  0.78  0.52  -0.44  -0.61  -0.30  -0.89  
91684  0.10  0.39  0.48  0.25  0.29  0.52  -0.40  0.06  -0.19  -0.39  
91685  -0.16  0.23  0.43  0.35  0.57  -0.22  -0.38  -0.43  -0.11  -0.06  
91686  -0.01  0.44  0.26  0.34  0.26  0.53  -0.31  -0.01  -0.45  -0.38  
91687  -0.02  0.50  0.37  0.11  0.23  0.10  -0.21  -0.08  -0.16  -0.25  
91688  -0.01  0.11  0.46  0.19  -0.13  0.43  -0.36  -0.19  -0.08  -0.45  
91689  -0.13  0.29  0.29  -0.05  0.18  0.42  -0.59  -0.13  -0.34  -0.43  
91690  -0.10  0.22  0.30  0.04  0.59  0.19  -0.30  -0.68  -0.18  -0.24  
91691  -0.08  0.17  0.32  0.83  0.16  0.28  -0.34  0.23  0.15  -0.13  
91692  -0.04  0.56  0.17  0.33  0.44  0.25  -0.34  -0.20  0.19  -0.20  
91693  -0.13  0.43  0.16  0.01  0.11  0.29  -0.60  -0.47  -0.11  -0.92  
91694  -0.16  0.30  0.20  1.02  0.47  0.84  -0.40  0.04  -0.16  -0.22  
91695  -0.16  0.68  0.23  -0.18  0.45  0.21  -0.33  -0.71  -0.23  -0.48  
91701  0.18  -0.14  0.20  -0.21  0.10  -0.35  -0.08  -0.46  0.06  -0.55  
91703  0.16  -0.02  0.12  -0.12  0.16  -0.39  -0.03  -0.39  0.08  -0.65  
91712  0.32  0.23  -0.10  0.02  -0.62  0.37  -0.93  0.26  0.53  -0.59  
91713  0.16  0.55  -0.05  0.09  0.53  0.35  -0.40  0.09  -0.24  0.14  
91726  -0.11  0.63  0.03  0.06  0.27  0.11  -0.41  -0.51  -0.67  -0.80  
91727  -0.60  -0.27  -0.15  0.13  -0.25  0.23  -0.17  -0.33  -0.20  -0.34  
91737  -0.33  0.06  0.03  0.03  -0.07  -0.29  -0.42  0.30  -0.24  -0.37  
91748  -0.46  0.51  0.23  -0.54  0.49  0.42  -0.15  -0.09  -0.34  -0.46  
91751  -0.35  0.08  -0.01  -0.08  0.41  0.41  -0.36  -0.39  -0.35  -0.70  
91752  -0.42  0.44  0.13  -0.16  0.31  0.31  -0.10  -0.06  -0.09  -0.37  
91756  -0.36  0.18  0.03  0.16  0.70  0.54  -0.22  -0.42  -0.28  -0.77  
91759  -0.36  0.24  0.22  0.16  0.06  0.68  -0.37  -0.07  -0.63  -0.00  
91760  -0.10  0.02  0.17  0.07  0.11  0.35  -0.82  -0.37  -0.10  -0.52  
91774  -0.23  0.54  0.04  0.18  0.72  0.45  -0.16  0.22  -0.48  -0.18  
91775  -0.33  0.28  0.34  -0.17  0.41  0.34  -0.27  -0.32  -0.24  -0.48  
91777  -0.09  0.27  0.18  0.05  0.14  0.43  -0.11  -0.07  -0.22  -0.49  
91779  -0.69  -0.27  0.04  0.10  -0.10  0.46  -0.19  -0.32  -0.30  -0.18  
91780  -0.24  -0.06  0.03  -0.01  0.41  0.11  -0.21  -0.02  -0.27  -0.20  
91784  0.22  -0.07  0.18  -0.12  0.14  -0.45  -0.07  -0.46  0.06  -0.65  
91786  -0.25  0.54  -0.07  -0.24  0.46  0.28  -0.18  -0.23  -0.53  -0.43  
91787  -0.43  0.02  0.29  -0.56  0.41  0.59  -0.16  -0.47  -0.29  -0.13  
91788  -0.16  0.34  0.13  0.18  0.33  0.26  -0.16  -0.28  -0.04  -0.35  
91789  -0.36  0.20  0.26  -0.18  0.59  0.38  -0.36  -0.11  -0.20  -0.46  
91790  -0.00  0.24  0.08  -0.22  0.36  0.30  -0.34  -0.45  -0.24  -0.63  
91791  -0.25  0.14  0.05  0.15  -0.02  0.29  -0.33  -0.35  -0.18  -0.50  
91792  -0.22  0.12  0.28  -0.30  0.17  0.13  -0.32  -0.36  -0.00  -0.47  
91793  -0.14  0.10  0.43  0.11  0.59  0.21  -0.02  -0.12  -0.54  -0.38  
91794  -0.22  0.51  0.03  0.15  0.18  0.47  -0.57  -0.18  -0.21  -0.28  
91795  -0.17  0.14  0.05  0.26  0.34  0.30  -0.22  -0.09  -0.08  -0.41  
91796  -0.27  0.26  0.21  0.21  0.18  0.27  -0.38  -0.05  -0.27  -0.54  
91798  -0.23  0.08  0.18  -0.65  -0.04  0.26  -0.16  0.13  -0.38  -1.11  
91799  -0.26  0.21  0.37  0.02  0.33  0.41  -0.28  -0.03  0.04  -0.58  
91800  -0.29  -0.05  0.29  0.09  0.26  0.09  -0.38  -0.15  -0.56  -0.82  
91801  -0.29  0.01  -0.20  -0.83  0.49  0.02  -0.06  -0.27  -0.20  -0.83  
91803  -0.02  0.06  -0.15  0.43  0.59  0.76  -0.36  -0.41  -0.35  -0.24  
91804  0.03  0.36  0.13  0.13  0.31  0.34  -0.01  -0.30  -0.10  -0.14  
91805  -0.26  0.31  0.15  -0.54  0.11  0.32  0.17  -0.64  -0.23  -1.01  
91806  -0.58  0.11  0.11  -0.28  0.18  0.57  -0.28  -0.04  -0.28  -0.70  
91809  0.18  -0.15  0.19  -0.16  0.17  -0.35  -0.03  -0.50  0.12  -0.68  
91813  -0.11  0.48  0.17  0.33  0.10  0.34  -0.36  -0.34  0.07  -1.00  
91814  -0.27  0.03  0.30  0.17  0.05  0.60  -0.47  0.05  -0.27  -0.34  
91815  -0.38  0.06  0.24  0.13  -0.01  0.51  -0.02  -0.49  0.22  -0.68  
91816  -0.12  0.15  0.18  -0.10  0.13  0.46  -0.22  0.20  -0.15  -0.17  
91817  -0.80  -0.07  -0.11  0.16  0.42  0.46  0.05  -0.10  -0.10  0.21  
91818  -0.09  0.20  0.14  0.16  -0.13  0.57  -0.34  -0.02  -0.06  -0.48  
91819  -0.08  0.14  0.15  0.21  0.20  0.46  -0.24  -0.41  0.17  -0.37  
91820  -0.28  0.67  0.29  -0.19  0.26  0.32  -0.36  -0.66  -0.17  -0.52  
91821  -0.29  0.17  0.08  -0.08  0.20  0.54  -0.57  -0.45  -0.25  -0.73  
91822  0.17  0.43  0.03  -0.11  0.18  0.32  0.15  -0.20  -0.24  -0.44  
91823  -0.33  -0.01  0.10  -0.36  0.36  0.63  -0.15  0.04  0.10  -0.54  
91824  -0.49  0.21  -0.03  0.30  0.39  0.38  -0.43  -0.30  -0.04  -0.60  
91825  -0.05  0.22  0.26  0.24  0.41  0.28  -0.07  -0.17  -0.21  -0.19  
91828  0.15  -0.06  0.19  -0.10  0.16  -0.36  -0.07  -0.49  0.14  -0.73  
91830  -0.37  0.18  0.32  0.42  0.12  0.07  -0.42  -0.18  0.05  -0.75  
91831  -0.12  0.31  0.02  -0.09  0.39  0.61  0.01  -0.64  -0.05  -0.38  
91832  0.05  0.07  0.28  0.32  0.19  0.33  -0.67  -0.60  -0.08  -0.24  
91833  -0.15  0.25  0.30  0.02  0.48  0.31  -0.60  -0.23  -0.04  -0.30  
91834  -0.41  0.20  0.12  0.00  0.18  0.43  -0.35  -0.31  -0.38  -0.59  
91835  -0.29  0.13  0.05  0.02  -0.23  0.17  -0.23  -0.19  0.10  -0.83  
91836  -0.12  0.32  0.19  0.03  0.11  0.54  -0.11  -0.50  -0.29  -0.76  
91837  -0.25  0.44  0.32  0.47  0.27  0.89  -0.38  -0.11  -0.07  -0.24  
91838  -0.18  0.29  0.04  0.03  0.08  0.41  -0.30  -0.09  -0.27  -0.17  
91841  -0.09  0.30  -0.16  0.52  0.19  0.01  -0.38  0.05  0.00  -0.54  
91843  0.12  0.41  0.04  0.21  0.49  0.10  0.13  0.42  -0.33  -0.55  
91844  -0.51  0.51  0.07  0.53  0.22  0.32  -0.19  -0.10  -0.05  0.10  
91845  -0.32  -0.13  0.18  -0.04  -0.31  0.33  -0.04  -0.57  -0.20  -0.07  
91846  -0.31  -0.04  -0.08  0.34  0.24  0.26  -0.16  -0.17  0.29  -0.93  
91847  -0.36  0.12  0.26  0.08  0.12  0.15  -0.24  0.05  -0.20  -0.65  
91848  -0.19  0.15  0.27  0.48  0.27  0.22  -0.03  -0.26  -0.24  -0.58  
91849  -0.13  0.34  0.18  0.28  0.04  0.19  -0.14  -0.14  0.01  -0.49  
91850  -0.10  0.08  -0.27  0.20  0.12  0.01  0.13  0.48  -0.10  -1.12  
91851  -0.14  0.32  0.08  0.49  0.23  0.10  -0.01  0.02  0.04  -0.60  
91852  -0.37  0.55  -0.41  0.50  0.32  -0.14  -0.36  0.16  0.05  -0.09  
91853  0.13  -0.00  0.12  0.15  0.13  -0.33  -0.02  -0.58  0.02  -0.73  
91854  0.14  -0.01  0.18  0.02  0.14  -0.36  -0.11  -0.56  0.07  -0.67  
91855  -0.11  0.05  0.13  0.84  0.11  0.09  0.02  -0.22  0.21  -0.37  
91856  -0.20  -0.01  0.10  0.14  0.14  0.31  -0.02  -0.56  -0.14  -0.71  
91860  -0.32  0.45  0.48  0.44  -0.16  0.15  -0.44  0.16  -0.15  -0.75  
91867  0.10  0.63  0.22  0.94  0.33  0.29  -0.49  -0.12  -0.23  -0.63  
91868  0.08  -0.05  -0.01  0.05  0.02  -0.12  -0.61  -0.36  -0.32  -0.26  
91869  -0.17  0.51  0.25  0.39  0.14  0.44  -0.65  -0.29  -0.24  -0.55  
91871  -0.11  0.31  -0.05  0.45  -0.20  0.53  -0.46  -0.23  -0.30  -0.75  
91872  -0.07  -0.02  0.03  0.29  0.05  0.05  -1.11  -0.19  -0.28  -0.89  
91873  -0.37  0.01  -0.06  0.56  0.01  0.36  -0.52  -0.16  -0.33  -0.61  
91874  -0.18  0.68  0.25  0.58  -0.00  0.35  -0.32  0.11  -0.16  -0.89  
91875  -0.13  0.47  -0.16  -0.39  0.43  0.11  -0.70  -0.31  -0.49  -0.17  
91876  -0.17  -0.02  0.18  0.29  0.33  0.19  -0.29  -0.11  -0.68  0.00  
91877  -0.29  0.34  0.14  0.57  0.12  0.43  -0.58  -0.26  -0.71  -0.59  
91878  -0.02  -0.01  0.15  0.16  -0.24  0.46  -0.79  -0.46  0.14  -0.83  
91879  -0.24  0.85  0.01  0.84  0.51  0.64  -0.82  0.23  -0.30  -0.07  
91880  -0.19  0.10  -0.00  0.29  0.31  0.24  -0.32  -0.06  -0.53  -0.40  
91881  -0.42  0.10  0.12  0.10  0.53  0.48  -0.57  -0.20  -0.44  -1.11  
91882  -0.26  0.49  0.15  0.35  0.12  0.35  -0.53  0.13  -0.17  -0.67  
91883  -0.08  0.00  0.22  0.32  0.45  0.31  -0.44  -0.25  -0.65  -0.80  
91884  -0.30  0.20  0.41  0.40  0.16  0.60  -0.62  -0.01  -0.24  -0.55  
91886  -0.21  -0.11  0.06  0.02  0.05  0.36  -0.42  -0.07  -0.28  -0.62  
91887  -0.47  0.17  0.35  -0.06  0.12  0.26  -0.72  -0.28  -0.42  -0.66  
91888  -0.00  0.22  0.15  0.08  0.14  0.25  -0.35  -0.35  -0.26  -0.44  
91890  -0.36  0.34  0.22  0.36  0.18  0.56  -0.44  -0.13  -0.29  -0.66  
91893  -0.17  0.07  0.15  0.28  -0.06  -0.13  -0.50  -0.28  -0.53  -0.61  
91894  -0.21  0.25  -0.12  0.15  0.32  0.28  -0.29  -0.20  -0.41  -1.24  
91895  -0.26  0.20  0.16  -0.00  -0.20  0.55  -0.66  -0.19  -0.56  -0.57  
91896  -0.17  0.21  0.05  -0.07  -0.04  0.09  -0.78  -0.17  -0.40  -0.75  
91897  -0.33  0.41  0.03  0.09  0.03  0.44  -0.53  -0.23  -0.55  -0.79  
91899  0.09  0.02  0.10  0.15  0.01  -0.27  -0.10  -0.37  -0.07  -0.65  
91900  -0.28  -0.09  0.03  -0.10  -0.20  0.34  -0.58  -0.12  -0.79  -0.68  
91901  -0.23  -0.09  -0.05  0.06  0.29  0.35  -0.61  -0.62  -0.43  -0.81  
91903  -0.14  0.05  -0.03  0.36  0.22  0.46  -0.35  -0.26  -0.31  -0.71  
91904  -0.34  0.25  0.03  0.28  0.12  0.14  -0.48  -0.08  -0.45  -0.88  
91905  -0.35  0.17  0.03  0.09  0.19  0.25  -0.42  -0.12  -0.24  -0.45  
91906  -0.09  0.56  0.04  0.34  0.32  0.16  -0.69  -0.32  -0.59  -0.59  
91907  0.09  0.16  0.07  0.69  0.39  0.21  -0.31  -0.04  -0.18  -0.64  
91908  -0.34  -0.43  -0.05  -0.04  0.45  0.43  -0.60  -0.46  -0.36  -0.65  
91911  0.24  -0.19  0.13  0.02  0.20  -0.31  -0.34  -0.61  0.02  -0.85  
91914  0.10  -0.02  0.14  0.11  0.15  -0.29  -0.21  -0.38  0.03  -0.72  
91916  0.10  -0.14  0.15  0.00  0.18  -0.36  -0.09  -0.49  0.03  -0.59  
91917  -0.11  0.09  0.34  0.25  0.10  0.42  -0.53  0.04  -0.38  -0.63  
91918  -0.28  0.37  0.34  0.39  0.31  0.19  -0.50  -0.41  -0.14  -0.52  
91919  -0.28  0.28  0.12  0.18  0.09  0.22  -0.24  -0.38  -0.26  -0.71  
91920  -0.36  0.06  -0.01  -0.17  0.15  0.16  -0.39  -0.06  -0.04  -0.95  
91921  -0.29  0.36  -0.01  0.03  -0.03  0.23  -0.59  -0.42  -0.25  -0.92  
91922  -0.21  0.30  0.08  -0.08  0.15  0.48  -0.55  -0.36  -0.51  -0.83  
91923  -0.29  0.04  0.05  0.12  0.34  0.26  -0.59  -0.11  -0.51  -0.82  
91924  -0.35  0.15  0.06  0.29  0.20  0.29  -0.37  -0.39  -0.45  -0.64  
91925  -0.24  0.00  -0.15  0.22  0.01  0.46  -0.64  -0.23  -0.10  -0.83  
91926  -0.18  0.42  0.17  0.09  0.62  0.29  -0.67  0.24  -0.11  -0.50  
91927  -0.25  0.11  0.00  0.19  0.66  0.06  -0.64  -0.11  -0.68  -0.82  
91928  -0.23  0.10  -0.03  0.06  -0.03  0.20  -0.44  0.22  -0.56  -0.90  
91929  -0.26  0.17  0.16  0.26  -0.09  0.52  -0.48  -0.15  -0.43  -1.07  
91930  -0.40  0.15  0.27  0.06  0.27  0.29  -0.45  -0.06  -0.49  -0.99  
91931  -0.54  0.19  0.09  0.42  0.38  0.03  -0.53  -0.18  -0.45  -0.61  
91932  -0.20  0.48  0.13  0.23  0.37  0.09  -0.77  -0.46  -0.41  -0.96  
91933  0.11  0.17  0.11  0.27  -0.02  0.08  -0.44  -0.45  -0.33  -0.49  
91934  -0.29  0.18  0.15  0.27  -0.06  0.50  -0.60  -0.33  -0.38  -0.82  
91935  -0.16  0.07  -0.01  -0.15  0.14  0.17  -0.49  -0.40  -0.42  -0.46  
91936  -0.18  0.41  0.23  0.08  0.24  0.29  -0.53  -0.21  -0.44  -0.75  
91937  -0.27  0.04  0.06  -0.13  -0.31  0.10  -0.43  0.12  -0.22  -0.66  
91938  -0.30  0.24  0.06  0.10  0.20  0.23  -0.62  -0.25  -0.41  -0.72  
91940  -0.19  0.15  0.20  0.09  0.24  0.19  -0.48  -0.17  -0.67  -0.64  
91942  -0.01  -0.07  0.07  0.04  0.21  -0.15  -0.15  -0.25  0.10  -0.61  
91943  -0.01  0.32  0.07  0.01  0.24  -0.12  -0.44  -0.47  -0.42  -0.70  
91944  -0.09  0.31  0.09  0.13  0.07  -0.01  -0.25  -0.19  -0.51  -0.72  
91945  -0.44  0.31  0.31  0.23  0.19  0.07  -0.18  -0.15  -0.61  -0.70  
91946  -0.29  -0.06  0.16  -0.07  -0.24  0.22  -0.25  -0.58  -0.36  -0.88  
91947  -0.11  0.11  0.15  0.27  0.43  0.54  -0.45  -0.08  -0.21  -0.81  
91948  -0.37  0.15  0.11  -0.20  0.20  0.00  -0.39  -0.25  -0.02  -0.62  
91949  -0.33  0.40  0.11  0.36  0.15  0.26  -0.30  -0.29  -0.41  -0.78  
91950  -0.28  0.02  -0.04  -0.05  0.10  -0.05  -0.54  -0.28  -0.43  -0.86  
91951  -0.09  0.16  0.17  -0.02  0.26  0.51  -0.49  -0.43  -0.22  -0.73  
91952  -0.33  0.05  -0.01  0.13  0.16  0.58  -0.48  -0.07  -0.48  -0.42  
91953  -0.40  0.27  0.08  0.45  0.14  0.53  -0.34  0.01  -0.29  -0.75  
91954  -0.21  0.32  0.11  -0.06  0.29  -0.08  -0.61  0.05  -0.37  -0.72  
91956  -0.34  -0.06  0.12  0.19  0.29  0.23  -0.32  -0.15  -0.39  -0.75  
91957  -0.36  0.02  0.09  0.03  0.07  0.20  -0.42  -0.21  -0.14  -0.87  
91958  -0.39  0.65  0.21  0.47  0.05  0.41  -0.55  -0.16  -0.36  -0.81  
91959  -0.32  0.67  0.14  -0.27  0.31  0.20  -0.69  -0.04  -0.17  -0.35  
91960  -0.27  -0.01  0.21  0.15  -0.10  0.15  -0.62  -0.44  -0.42  -0.91  
91961  -0.26  0.27  -0.00  -0.14  -0.08  0.15  -0.56  -0.47  -0.32  -0.26  
91962  -0.55  -0.05  0.20  0.23  0.01  0.13  -0.50  -0.12  -0.39  -0.95  
91963  -0.29  0.04  -0.00  0.05  0.01  0.31  -0.40  -0.51  -0.14  -0.72  
91964  -0.49  0.13  0.04  0.22  0.06  0.34  -0.68  -0.41  -0.38  -0.90  
91965  -0.13  0.08  -0.09  0.11  -0.04  -0.12  -0.51  -0.15  -0.31  -0.63  
91966  -0.48  0.38  0.05  0.46  0.28  0.32  -0.26  -0.11  -0.35  -1.07  
91967  0.08  0.06  0.34  0.38  -0.06  0.16  -0.43  -0.31  -0.28  -1.33  
91968  -0.39  0.04  -0.18  0.15  0.53  0.25  -0.68  -0.27  -0.30  -1.20  
91969  -0.51  0.53  -0.13  0.26  0.12  0.26  -0.55  -0.38  -0.28  -0.81  
91971  0.00  0.49  -0.05  -0.16  0.14  0.09  -0.47  -0.29  -0.02  -1.03  
91972  -0.34  0.22  0.03  0.07  0.25  0.25  -0.46  -0.48  -0.02  -0.62  
91973  -0.12  0.40  0.18  0.16  0.36  0.22  -0.47  -0.55  -0.19  -0.64  
91975  0.18  0.14  0.31  0.35  0.13  0.28  -0.49  -0.61  -0.32  -0.75  
91976  -0.39  0.02  0.03  0.12  0.08  0.24  -1.01  -0.31  -0.50  -0.31  
91978  -0.15  0.07  0.08  0.21  0.21  0.16  -0.51  0.00  -0.46  -0.52  
91979  -0.16  0.31  0.20  0.16  0.03  0.06  -0.58  -0.45  -0.04  -0.76  
91980  -0.17  0.01  -0.08  -0.13  -0.06  0.12  -0.58  -0.26  -0.30  -0.79  
91981  -0.27  0.15  0.10  0.42  0.05  0.21  -0.72  -0.32  -0.21  -0.76  
91982  -0.21  -0.09  0.12  0.02  0.24  0.27  -0.44  -0.28  -0.44  -0.73  
91985  0.24  -0.22  0.26  0.29  -0.24  -0.18  -0.17  -0.44  0.01  -0.84  
91986  -0.13  0.27  0.02  0.24  -0.05  0.11  -0.45  -0.39  -0.13  -0.67  
91988  -0.14  0.06  -0.17  -0.01  0.25  0.16  -0.41  -0.47  -0.31  -0.52  
91990  -0.06  0.35  0.08  0.19  0.11  0.42  -0.77  0.03  -0.23  -0.60  
91991  -0.04  0.50  0.28  0.00  0.35  0.38  -0.48  -0.53  -0.22  -0.31  
91992  -0.25  0.29  0.06  0.43  0.06  0.32  -0.36  -0.41  -0.51  -0.50  
91993  -0.41  0.25  -0.06  0.18  0.21  0.20  -0.43  -0.39  -0.33  -0.40  
91994  -0.14  0.62  -0.05  0.34  0.07  0.27  -0.05  0.03  -0.17  -0.03  
91997  -0.03  0.53  0.14  0.71  0.05  0.40  -0.54  -0.25  -0.25  -0.39  
91998  -0.11  0.42  -0.17  0.42  0.44  0.14  -0.65  -0.24  -0.49  -0.61  
91999  -0.11  0.38  0.20  0.17  0.08  0.26  -0.54  0.34  -0.12  -0.40  
92000  -0.25  0.24  0.02  0.01  0.14  0.30  -0.58  -0.26  -0.45  -0.46  
92001  -0.27  0.19  0.05  0.03  0.48  0.23  -0.16  -0.09  -0.26  -0.31  
92002  -0.15  0.56  -0.08  0.33  0.03  0.56  -0.29  -0.18  -0.18  -0.07  
92004  0.04  -0.04  0.12  -0.16  0.24  -0.37  -0.17  -0.48  0.13  -0.65  
92005  0.06  -0.11  0.42  0.04  -0.19  0.54  -0.34  -0.14  -0.36  -0.68  
92006  -0.04  0.18  -0.05  -0.10  0.33  0.42  -0.56  -0.45  -0.41  -0.66  
92007  -0.28  0.21  -0.21  -0.01  -0.03  0.33  -0.41  -0.56  -0.28  -0.74  
92008  -0.13  0.25  0.07  0.13  0.12  0.23  -0.53  -0.35  -0.27  -0.76  
92009  -0.38  0.36  0.05  0.03  0.08  0.52  -0.55  -0.25  -0.26  -0.51  
92010  -0.33  0.50  0.26  0.35  -0.29  0.57  -0.49  -0.09  -0.37  -0.51  
92012  -0.25  0.58  -0.25  0.90  0.14  0.83  -0.68  -0.30  -0.65  -0.53  
92013  -0.21  0.24  0.15  0.29  0.21  0.29  -0.51  -0.29  -0.02  -0.55  
92014  -0.15  0.48  0.25  0.35  0.30  0.59  -0.45  -0.37  -0.31  -0.94  
92015  -0.23  0.06  0.28  0.44  -0.04  0.29  -0.46  -0.12  -0.30  -0.79  
92016  -0.20  0.11  -0.14  0.21  0.25  0.27  -0.51  -0.07  -0.28  -0.65  
92017  -0.28  0.44  0.19  -0.08  0.18  0.58  -0.46  -0.51  -0.64  -0.95  
92018  0.00  0.14  0.10  0.33  0.07  0.43  -0.37  -0.26  -0.28  -0.59  
92019  -0.42  0.16  -0.19  0.36  0.04  0.23  -0.26  -0.35  -0.07  -0.50  
90635  0.04  0.38  0.24  -0.19  0.34  0.14  -0.75  -0.57  -0.68  -1.15  
90635  0.04  0.38  0.24  -0.19  0.34  0.14  -0.75  -0.57  -0.68  -1.15  
90635  0.04  0.38  0.24  -0.19  0.34  0.14  -0.75  -0.57  -0.68  -1.15  
