90837  20.42  23.40  19.39  28.88  21.64  23.15  20.31  25.71  20.76  26.86  
90838  20.02  23.40  19.05  29.41  21.56  22.62  19.78  24.99  20.16  27.08  
90840  19.84  23.44  19.16  29.43  21.43  22.76  19.81  24.91  20.21  27.01  
90843  20.29  23.33  18.96  29.00  22.01  23.03  19.58  24.67  20.29  26.82  
90849  20.00  23.16  19.05  29.06  21.33  22.71  19.87  24.76  20.16  26.89  
90850  19.96  23.30  19.03  29.06  21.35  22.75  19.90  24.82  20.10  26.96  
90851  19.78  22.97  18.92  29.14  21.62  22.52  19.71  24.27  20.12  26.40  
90852  20.01  23.19  19.05  28.85  21.32  22.54  19.89  24.46  20.18  26.45  
90853  19.94  23.23  19.06  28.72  21.40  22.58  19.98  24.69  20.24  26.58  
90854  20.07  23.36  19.12  29.09  21.29  22.75  19.83  25.06  20.19  26.95  
90855  20.02  23.45  19.09  29.38  21.37  22.84  19.89  25.02  20.20  27.12  
90856  20.12  23.35  19.03  29.54  21.26  22.89  19.86  25.15  20.19  26.91  
90857  19.95  23.44  19.04  29.37  21.39  22.89  19.80  25.22  20.13  26.99  
90859  19.90  23.38  19.05  29.17  21.47  22.83  19.77  24.96  20.34  27.12  
90861  20.18  23.46  19.05  29.13  21.35  22.72  19.82  24.94  20.21  27.43  
90862  19.91  23.35  19.01  29.30  21.55  22.60  19.72  24.86  20.11  26.88  
90863  20.56  23.79  20.34  30.02  21.51  23.51  20.57  25.25  21.11  27.08  
90864  19.98  23.42  19.16  28.98  21.61  22.88  19.74  25.00  20.17  27.04  
90865  19.93  23.45  18.96  29.19  21.44  22.80  19.63  25.25  20.06  27.08  
90866  19.96  23.48  19.11  29.47  21.54  22.89  19.52  25.14  20.13  27.13  
90867  19.99  23.45  19.08  29.24  21.60  22.85  19.72  25.18  20.13  27.03  
90868  20.02  23.37  19.11  29.17  21.41  22.79  19.74  25.19  20.10  26.88  
90869  20.02  23.51  19.21  29.38  21.60  22.86  19.77  24.94  20.09  27.13  
90870  19.92  23.48  19.14  29.07  21.35  22.71  19.79  24.93  20.10  26.82  
90871  19.92  23.04  19.10  28.98  21.91  22.78  19.77  24.62  20.12  27.15  
90873  19.94  23.31  18.99  29.22  21.44  22.70  19.79  24.81  20.07  26.94  
90874  19.97  23.14  19.09  28.87  21.64  22.62  19.81  24.51  20.15  26.70  
90875  19.98  23.31  19.17  29.14  21.52  22.61  19.77  24.72  20.15  26.89  
90876  20.01  23.44  19.16  29.39  21.46  22.71  19.75  24.94  20.17  27.02  
90877  19.98  23.42  19.13  29.32  21.52  22.74  19.75  24.88  20.07  26.99  
90878  19.92  23.46  19.17  29.44  21.45  22.78  19.78  25.09  20.09  27.06  
90879  20.12  23.11  19.01  28.70  21.75  22.45  19.98  24.62  20.20  26.76  
90880  20.16  23.58  19.83  29.82  21.41  22.26  19.58  24.60  20.26  26.44  
90883  19.76  23.65  19.00  28.85  19.87  22.31  19.32  24.42  20.49  26.32  
90884  20.09  23.05  18.72  29.28  21.67  22.80  19.81  24.76  20.26  26.97  
90885  19.65  23.50  18.97  30.30  21.33  22.97  19.45  24.93  20.43  27.49  
90886  20.02  23.58  18.83  29.80  21.13  22.98  20.13  24.74  19.85  27.40  
90887  19.68  23.67  19.23  28.92  21.07  22.55  19.50  25.10  19.75  26.64  
90891  19.23  23.03  18.40  28.94  20.89  22.59  19.29  25.01  19.18  26.72  
90895  20.02  23.01  18.83  29.26  22.31  22.12  19.18  24.61  19.73  27.15  
90896  19.93  23.68  18.71  28.90  21.11  22.33  19.63  23.84  20.10  26.52  
90898  20.26  23.26  18.94  29.20  21.21  22.13  19.21  24.50  20.60  26.76  
90899  19.86  23.58  19.06  28.76  21.42  22.16  19.15  24.69  20.45  26.66  
90900  20.81  22.85  19.24  29.07  21.41  22.51  19.82  24.97  20.34  25.25  
90901  19.94  23.13  19.26  28.75  21.79  22.23  20.17  24.00  19.56  26.11  
90902  19.91  23.03  18.78  28.31  22.07  22.46  19.76  23.90  20.36  26.57  
90903  19.99  23.01  18.89  29.13  20.98  22.67  20.05  24.29  20.06  26.19  
90904  20.68  23.47  18.69  28.43  20.87  22.26  20.51  24.20  19.57  26.93  
90905  20.44  23.41  19.31  29.49  20.86  22.37  20.06  24.44  19.65  27.02  
90906  19.90  23.06  19.21  28.23  20.48  22.43  19.55  23.85  20.26  26.40  
90907  19.98  23.09  19.19  28.92  20.93  22.54  19.37  24.59  19.61  25.91  
90908  20.21  23.41  19.65  29.31  21.77  22.52  20.09  24.87  20.14  26.47  
90909  19.53  23.80  19.13  29.38  21.16  23.84  19.25  24.65  20.28  25.53  
90910  20.23  23.02  18.88  28.82  21.30  22.74  19.42  24.66  20.00  26.82  
90911  19.54  23.50  18.73  28.75  21.65  23.07  20.01  24.11  20.28  26.35  
90912  20.07  23.23  19.03  28.83  21.31  22.22  19.71  24.67  20.32  27.08  
90913  19.95  23.50  19.12  29.32  20.44  22.71  20.69  24.70  20.28  26.86  
90914  20.28  23.53  19.20  28.39  21.36  23.14  19.68  24.47  21.24  27.01  
90915  20.43  23.33  18.95  28.22  20.99  22.60  20.26  24.17  19.91  26.37  
90916  20.05  23.44  18.66  29.51  20.64  23.08  19.79  24.07  20.21  26.87  
90919  19.48  23.41  18.92  28.86  21.21  22.49  20.40  24.27  19.87  26.47  
90920  19.29  22.81  19.17  28.62  21.48  22.85  19.45  24.65  20.34  26.13  
90921  20.19  23.52  18.73  29.67  20.93  22.15  19.93  23.89  19.73  27.94  
90922  20.31  23.59  19.35  29.62  20.89  22.90  20.05  24.17  19.64  26.65  
90923  20.66  23.95  19.27  29.62  21.74  22.48  19.43  24.31  19.76  26.53  
90924  19.82  22.73  19.20  29.50  21.34  22.18  19.38  24.08  19.69  26.84  
90925  20.15  22.91  19.25  28.51  21.07  22.00  19.40  25.50  20.21  27.19  
90926  19.21  23.19  18.85  28.78  21.34  22.98  19.35  24.46  20.13  27.23  
90930  19.61  23.72  18.66  29.27  21.67  22.74  19.74  24.27  20.56  27.08  
90931  19.74  22.96  19.20  28.90  21.28  22.55  20.12  24.36  19.97  27.05  
90932  19.82  24.61  19.44  29.08  21.04  22.81  19.43  24.80  20.81  26.42  
90935  20.12  23.09  19.01  29.69  20.24  22.91  19.18  25.04  20.36  25.90  
90936  19.97  23.35  19.13  29.21  21.56  22.59  19.82  24.77  20.05  26.81  
90937  19.91  23.46  19.27  28.85  21.54  22.74  19.78  24.80  20.01  27.03  
90938  19.91  23.31  19.13  29.06  21.31  22.65  19.69  24.71  20.24  26.90  
90940  19.98  23.30  19.34  29.77  20.87  22.35  19.51  24.72  20.83  26.58  
90941  20.86  22.50  19.68  29.94  21.29  22.91  19.68  24.15  19.87  27.31  
90942  19.75  23.35  19.02  28.99  21.37  22.60  19.60  24.82  20.04  26.54  
90943  19.55  22.88  19.28  28.78  21.92  22.29  19.72  24.26  20.25  26.80  
90944  19.86  23.33  18.90  29.17  21.75  23.07  19.16  24.98  19.04  25.92  
90945  20.02  22.79  19.05  28.85  21.00  23.20  19.35  24.34  20.20  25.92  
90946  19.80  23.84  18.72  28.54  21.35  21.55  19.81  24.25  19.96  26.93  
90947  19.98  23.66  19.58  29.12  21.05  22.60  19.61  25.12  20.08  26.89  
90948  19.67  22.81  19.18  28.62  21.31  22.49  19.88  25.07  20.19  26.94  
90949  19.67  24.06  19.15  28.89  21.48  22.95  19.59  24.89  20.42  27.26  
90950  19.56  23.06  18.67  29.30  21.56  22.47  20.03  24.45  19.76  27.00  
90951  19.74  23.64  19.19  29.01  21.39  22.10  20.13  24.62  20.12  26.46  
90952  19.99  23.44  19.03  29.57  21.08  22.54  20.39  23.88  19.98  26.23  
90953  19.49  23.32  19.49  29.11  20.71  22.39  19.79  24.67  20.17  26.80  
90955  20.25  23.61  19.33  29.13  21.08  23.20  19.57  24.34  20.02  26.87  
90956  19.61  23.63  19.38  29.65  21.16  22.04  19.55  25.07  19.84  26.37  
90957  20.15  23.13  18.84  29.26  21.97  22.85  19.69  24.73  20.58  26.70  
90958  19.61  23.40  19.16  28.52  21.83  22.50  19.96  24.01  19.69  26.39  
90959  19.74  23.34  19.18  28.88  21.46  22.55  19.54  24.17  20.16  26.29  
90960  19.45  22.58  19.35  28.28  21.65  22.23  19.97  24.53  20.68  26.86  
90961  19.81  23.48  18.77  29.12  21.48  23.11  19.58  24.00  20.60  26.18  
90962  20.57  22.43  19.69  28.29  21.60  22.57  20.13  23.84  20.31  26.62  
90967  19.84  23.29  19.31  29.27  21.09  22.14  19.87  25.64  20.30  26.84  
90968  19.71  23.31  19.11  28.84  21.70  22.56  19.81  24.67  20.09  27.04  
90969  20.03  24.09  19.43  28.76  21.07  22.96  20.22  25.44  20.07  27.19  
90970  19.92  22.99  18.49  28.79  21.29  22.76  20.22  25.10  20.75  26.18  
90971  19.89  23.54  18.53  29.22  20.62  23.13  19.76  23.83  20.20  27.23  
90972  19.75  23.60  18.94  29.14  21.04  23.17  20.47  24.73  20.41  26.81  
90973  20.47  24.19  19.17  29.29  21.14  23.64  19.55  23.98  20.58  27.12  
90974  20.35  23.54  19.24  29.58  21.75  23.25  20.19  25.47  19.69  27.04  
90975  19.69  23.21  19.32  29.16  21.04  22.84  19.44  23.97  19.91  26.49  
90976  19.93  23.36  19.09  29.06  21.01  22.65  19.43  24.39  20.44  27.45  
90977  19.60  23.35  19.30  29.31  20.64  22.33  19.59  24.82  19.94  26.95  
90979  19.90  23.56  18.84  29.33  21.00  22.34  20.04  24.78  20.01  26.77  
90981  19.49  23.01  18.57  28.54  21.04  22.31  20.27  24.53  20.05  26.72  
90982  19.87  23.60  19.32  29.68  21.18  22.55  19.82  24.37  19.60  26.91  
90983  19.50  23.08  18.90  28.66  21.25  22.45  19.36  24.10  20.02  26.73  
90984  19.93  23.67  18.71  29.44  21.46  22.24  20.21  24.04  19.95  26.56  
90985  19.71  23.17  19.21  29.52  20.83  22.88  19.85  24.72  20.17  26.64  
90988  20.06  23.86  18.74  29.33  21.88  22.24  19.91  24.68  19.36  27.04  
90989  19.87  23.45  19.07  29.18  21.59  22.82  19.47  24.54  19.71  26.71  
90990  19.93  23.96  19.27  29.18  21.83  22.90  19.98  24.76  20.13  26.11  
90991  20.44  23.27  19.39  28.73  21.34  21.30  19.15  24.96  20.25  26.44  
90992  19.94  23.62  19.43  29.06  21.11  23.10  19.62  24.69  19.69  26.46  
90993  20.09  23.28  18.93  28.61  21.44  22.64  19.58  24.58  19.99  27.07  
90995  20.19  23.27  19.40  29.22  20.77  22.66  19.51  24.86  20.52  26.66  
90998  20.05  23.38  19.14  28.87  21.54  22.67  19.79  24.42  20.18  26.50  
90999  19.81  23.13  19.08  29.51  21.37  23.05  19.93  24.29  20.03  27.01  
91000  20.27  23.42  18.71  29.41  21.67  22.80  20.34  25.09  20.46  26.83  
91001  20.05  23.50  18.90  29.60  21.43  22.41  20.18  24.76  20.03  26.92  
91002  19.86  23.54  19.00  29.26  21.90  22.90  19.90  25.43  19.97  26.81  
91003  19.77  23.55  19.50  29.27  21.80  22.66  20.31  25.20  20.23  26.24  
91004  19.85  23.81  18.84  29.02  20.95  22.90  20.45  24.84  20.32  26.51  
91005  19.52  23.50  18.95  28.88  21.36  22.89  20.10  24.73  20.02  26.18  
91006  20.73  23.76  19.47  29.43  21.36  23.45  19.44  24.88  20.41  26.43  
91007  20.15  23.20  19.43  29.60  20.79  22.92  19.28  25.18  19.95  26.54  
91008  19.56  23.00  18.93  29.82  21.99  23.13  19.75  24.99  20.43  25.90  
91009  19.28  23.33  18.63  29.61  21.34  23.17  19.56  24.64  20.43  27.72  
91010  20.33  22.99  19.27  29.59  21.62  22.33  19.79  24.67  19.91  27.45  
91011  20.00  23.66  19.19  29.46  21.32  23.10  20.26  24.53  20.30  26.82  
91012  19.68  23.34  19.31  29.37  21.37  23.03  20.15  24.38  20.41  26.80  
91013  19.57  23.51  18.46  29.39  21.58  22.69  19.76  25.03  19.98  26.31  
91014  19.52  23.59  19.26  29.01  21.03  23.20  19.80  24.31  19.97  26.66  
91015  19.56  23.56  18.55  29.08  21.64  22.25  19.56  24.74  19.70  27.03  
91017  19.50  23.37  18.76  29.57  21.13  22.67  20.14  25.46  20.31  26.63  
91018  19.95  23.40  19.32  29.52  21.42  22.75  20.80  24.10  20.40  27.09  
91019  20.52  22.84  18.73  29.83  21.81  22.73  19.76  25.50  20.06  26.95  
91021  19.28  23.29  19.22  29.92  21.80  22.09  20.14  24.79  20.13  27.41  
91025  19.70  23.68  19.09  29.22  20.28  22.34  19.70  24.79  19.86  27.21  
91026  19.74  23.03  19.28  29.16  21.02  23.13  19.55  24.76  20.23  27.20  
91027  19.91  23.40  18.81  29.44  21.60  23.35  20.51  23.73  20.32  27.20  
91028  19.87  23.50  18.79  29.81  21.38  22.78  20.05  24.30  20.37  26.82  
91029  19.63  23.05  19.06  28.83  21.58  22.40  19.98  24.04  20.09  26.65  
91030  19.75  22.87  19.17  29.49  21.34  23.08  20.12  24.01  20.32  26.63  
91031  20.43  23.12  19.22  29.01  21.01  23.30  20.28  23.49  19.72  27.07  
91032  19.76  22.67  19.48  29.90  21.50  23.18  19.83  24.44  20.43  27.46  
91033  19.87  22.60  19.25  29.11  20.93  22.63  19.26  24.03  20.20  26.77  
91034  19.94  23.02  19.11  29.10  21.36  22.34  19.70  24.55  19.78  27.72  
91035  19.32  23.83  19.28  29.05  21.32  22.75  19.54  24.82  19.64  26.99  
91036  20.25  23.56  19.18  29.74  20.83  22.68  19.40  24.82  19.86  27.48  
91037  19.91  23.05  19.37  29.41  20.51  22.64  19.62  23.64  20.31  27.77  
91038  19.95  23.02  19.33  29.46  21.01  23.35  19.57  25.07  20.19  26.99  
91039  19.75  23.57  18.88  29.87  21.22  22.66  20.11  24.24  20.20  26.70  
91042  19.67  24.02  19.03  29.19  20.99  22.28  20.19  24.71  19.86  26.64  
91043  19.69  23.50  18.80  29.29  21.44  22.88  19.92  24.57  20.13  27.31  
91056  20.43  22.48  19.29  28.79  21.53  22.33  19.90  24.96  19.80  27.60  
91058  19.21  23.44  19.19  28.57  21.53  23.16  20.08  23.66  20.08  26.15  
91059  19.98  23.08  18.89  28.98  21.00  22.91  19.95  24.20  19.77  26.61  
91060  19.91  23.05  19.81  29.24  21.07  22.30  19.54  25.17  20.22  26.85  
91061  19.57  23.48  18.83  28.85  21.44  22.61  19.63  25.07  20.32  27.02  
91062  20.00  23.11  18.75  29.27  21.20  22.79  20.41  24.60  20.21  26.61  
91063  20.32  22.90  19.25  29.67  20.63  22.86  19.39  25.05  19.84  27.12  
91064  20.38  23.21  19.12  29.33  21.73  22.85  19.41  24.97  20.58  27.16  
91065  20.13  23.59  19.02  30.10  21.18  23.01  19.60  24.89  20.18  27.00  
91066  19.18  24.08  19.25  29.55  22.17  22.97  20.38  24.78  19.50  27.80  
91067  19.63  23.21  18.94  29.06  21.04  22.41  19.54  24.16  20.42  27.26  
91068  19.71  23.32  19.27  29.20  20.99  22.67  19.89  24.48  20.42  26.82  
91069  19.65  23.68  18.45  29.24  21.09  23.03  19.84  25.50  20.33  26.82  
91070  20.06  23.48  19.30  28.99  21.37  22.67  20.09  25.44  20.42  26.80  
91071  19.66  23.28  19.43  29.04  21.51  22.99  20.24  24.40  20.47  26.96  
91072  20.11  23.36  19.07  29.22  21.45  22.99  19.90  24.51  20.29  26.28  
91073  20.16  23.10  19.70  28.71  20.98  22.70  20.06  24.97  19.84  26.17  
91074  19.44  23.45  18.90  29.30  21.58  22.93  19.68  24.60  20.35  26.32  
91075  19.96  23.29  19.31  29.63  20.86  22.62  19.75  24.89  20.61  26.91  
91076  20.10  23.22  19.08  28.99  21.31  23.82  19.39  25.25  19.62  26.58  
91077  19.97  23.28  19.09  29.39  21.43  23.42  19.52  24.30  19.91  26.58  
91078  19.96  23.32  19.35  29.26  20.97  22.96  19.14  24.00  19.96  26.25  
91079  20.29  22.79  18.83  29.51  21.80  22.77  19.79  24.60  19.88  27.03  
91080  19.79  23.44  18.53  29.77  21.34  22.62  20.18  25.25  19.88  27.34  
91081  19.78  23.74  18.44  28.99  21.14  22.89  19.74  25.01  19.61  26.92  
91082  20.03  23.44  18.54  28.69  21.39  22.84  19.78  24.93  20.17  26.66  
91083  19.79  23.46  19.20  29.17  21.32  22.09  19.66  24.63  20.51  26.37  
91084  19.85  23.44  19.01  29.63  21.98  22.90  20.12  25.06  19.70  26.39  
91085  20.09  23.17  19.04  29.24  21.18  22.64  19.62  24.41  20.17  26.86  
91086  19.91  22.78  19.31  29.70  21.38  23.25  19.80  24.85  19.77  26.57  
91087  20.03  23.48  18.93  30.29  21.42  22.71  19.30  24.75  19.64  26.33  
91088  19.87  23.26  18.55  29.41  20.61  22.68  19.81  25.56  20.26  26.75  
91089  19.52  23.33  19.31  29.20  21.62  22.71  19.47  24.39  20.61  26.89  
91091  19.96  23.43  19.33  29.34  21.29  23.05  20.22  24.90  20.12  26.42  
91093  19.50  23.39  19.45  29.23  21.73  22.98  19.95  24.14  20.13  26.29  
91094  20.12  24.23  18.34  29.58  20.74  23.04  20.18  24.77  20.36  26.96  
91095  20.37  23.20  19.15  29.09  21.59  22.59  19.88  23.86  20.10  26.85  
91096  20.14  23.30  19.41  28.79  21.84  22.91  20.05  24.17  20.24  27.07  
91097  19.84  22.86  18.30  28.79  20.91  22.18  19.64  24.55  19.97  27.59  
91098  19.55  23.56  19.22  29.21  21.11  22.25  19.84  24.95  20.66  26.74  
91099  20.29  23.20  19.25  28.81  21.77  22.84  19.87  24.48  19.89  26.12  
91100  19.68  22.73  19.37  29.12  20.66  22.83  19.44  24.48  20.41  25.96  
91102  19.24  23.43  19.73  29.10  21.71  22.73  19.80  24.25  19.78  26.06  
91103  19.64  23.08  18.95  28.65  20.67  22.43  19.65  24.53  19.78  26.49  
91104  20.17  23.41  18.66  28.59  21.68  22.70  19.82  24.37  20.44  26.52  
91105  19.93  23.90  18.68  29.22  21.23  22.70  19.89  24.51  19.99  26.84  
91106  20.00  23.25  18.99  29.05  20.70  22.57  19.82  24.39  20.25  26.73  
91109  19.81  23.30  19.28  28.88  21.19  22.64  19.80  24.56  20.19  26.52  
91110  19.80  23.07  18.75  29.31  21.12  22.75  19.82  24.52  20.24  26.72  
91111  19.95  23.29  18.94  28.81  20.92  22.59  19.81  24.50  20.09  26.65  
91113  20.01  23.81  18.91  29.13  21.12  22.43  20.39  24.21  20.10  26.79  
91114  20.20  23.54  18.38  29.50  21.35  22.89  20.25  24.57  20.07  26.29  
91115  19.86  23.57  18.95  29.27  20.95  22.47  19.78  24.67  19.99  26.93  
91116  19.93  23.22  19.01  29.16  20.31  21.68  19.61  24.87  19.86  26.65  
91118  20.02  23.77  19.69  28.87  21.22  23.30  19.78  25.02  19.74  25.95  
91120  20.02  23.25  19.93  29.46  21.38  22.79  19.51  25.08  19.83  26.33  
91122  20.60  23.09  19.71  28.57  21.12  22.79  19.15  24.55  19.79  27.10  
91124  20.52  24.28  19.30  28.45  21.48  22.77  19.15  24.19  20.04  26.47  
91126  19.74  23.19  19.67  29.35  20.73  22.69  20.57  25.06  20.25  26.54  
91127  19.55  23.20  19.11  28.62  21.60  22.71  20.13  24.22  20.54  26.68  
91130  19.82  23.05  18.75  28.58  21.08  22.36  19.74  25.16  19.98  26.43  
91131  19.94  23.21  19.41  28.89  20.92  22.06  19.69  24.94  20.56  26.78  
91132  19.80  23.57  19.31  29.75  21.29  22.40  20.36  24.71  20.19  26.39  
91134  19.62  22.91  19.20  29.01  21.11  22.59  20.13  24.56  19.78  27.59  
91135  20.01  23.01  19.07  29.45  21.38  22.54  19.87  24.38  20.14  26.74  
91137  20.30  23.01  19.27  29.87  20.89  23.16  19.94  24.49  19.77  26.57  
91140  20.14  22.85  18.64  29.43  21.98  22.06  20.12  25.20  20.78  27.17  
91141  19.95  23.30  19.08  28.99  21.46  22.61  19.94  24.73  20.15  26.79  
91142  20.17  23.44  18.79  29.23  21.06  22.30  20.37  23.98  19.65  26.34  
91143  20.05  23.20  18.21  28.63  21.86  23.23  19.49  24.38  20.35  26.19  
91144  19.92  23.19  19.34  28.93  21.22  22.95  20.68  24.89  20.28  26.58  
91146  19.62  23.24  18.98  29.20  20.78  23.23  20.58  24.21  19.90  27.42  
91147  20.23  23.61  18.91  28.96  21.71  22.78  20.16  24.39  19.80  27.19  
91151  20.99  23.00  18.62  28.49  21.36  22.53  19.10  24.20  19.40  26.91  
91152  19.95  23.41  18.86  29.09  21.59  22.75  19.54  25.26  19.70  26.44  
91162  20.09  23.33  19.14  29.21  21.59  22.56  19.60  24.66  20.04  26.92  
91163  20.06  22.79  18.63  29.31  21.87  22.63  19.77  24.09  19.90  25.88  
91164  19.98  23.00  19.39  28.36  20.91  22.54  20.03  24.66  19.64  26.51  
91165  20.26  23.25  18.60  28.59  21.27  22.38  19.74  24.58  20.22  26.43  
91166  19.43  23.36  19.58  29.68  21.39  21.53  19.38  24.21  19.97  26.57  
91167  19.72  23.39  18.76  29.16  21.26  21.81  19.58  24.60  20.35  26.04  
91168  20.65  23.30  19.06  28.31  20.63  22.03  20.37  24.91  19.62  27.29  
91169  19.64  23.00  18.91  29.23  21.47  22.44  19.55  24.37  20.30  27.19  
91170  19.79  23.37  18.81  29.53  22.01  22.41  19.75  24.82  20.56  26.82  
91171  19.66  23.33  19.20  29.41  21.21  22.47  19.96  24.34  20.42  26.62  
91172  19.47  23.55  18.84  29.85  20.91  22.75  19.90  25.01  20.53  26.52  
91173  20.54  22.76  18.91  28.65  22.00  22.43  19.28  23.99  20.22  26.66  
91174  19.96  23.56  19.10  27.98  21.23  22.72  19.40  24.72  19.80  26.44  
91177  19.85  23.29  19.35  29.24  21.14  22.37  20.04  23.94  19.89  26.42  
91178  19.48  23.19  18.55  29.01  21.52  22.77  19.40  23.76  20.18  26.96  
91179  19.93  22.75  19.03  29.98  21.04  22.86  19.54  25.41  19.44  27.24  
91182  20.04  23.37  19.26  29.86  21.80  22.86  19.66  24.80  20.30  26.83  
91183  19.76  23.39  19.39  29.25  20.99  22.69  20.03  24.15  19.87  26.64  
91184  20.24  23.28  18.72  29.89  21.37  22.68  19.50  24.58  20.07  26.89  
91185  19.82  23.26  18.98  28.43  20.67  22.47  19.66  24.33  20.00  27.10  
91192  19.89  23.27  18.88  29.16  21.44  22.76  19.66  24.39  20.03  26.92  
91193  19.92  23.00  18.99  29.08  21.51  22.23  19.74  25.08  20.60  25.63  
91194  19.96  22.88  18.75  28.35  21.32  22.29  19.64  23.96  20.40  25.69  
91195  19.30  23.72  18.57  29.11  21.68  22.76  19.62  24.01  20.11  26.28  
91196  19.92  22.86  19.52  29.41  21.67  22.75  19.53  23.09  21.16  26.56  
91197  19.44  23.48  18.99  29.43  21.54  22.57  19.36  24.58  20.05  26.55  
91198  19.86  22.88  19.17  28.81  21.58  22.24  19.39  23.93  20.41  25.44  
91199  20.15  23.09  18.72  28.53  21.35  22.67  19.36  24.21  19.79  26.16  
91200  19.74  22.81  19.40  29.17  20.98  22.31  19.99  23.94  20.45  26.53  
91208  19.87  22.78  19.11  28.53  21.44  22.53  19.29  24.75  20.38  27.32  
91209  19.82  23.25  19.08  29.84  21.72  23.03  19.81  24.15  19.86  27.05  
91210  20.02  23.62  19.13  29.17  21.76  23.03  19.68  24.65  20.51  27.09  
91211  20.14  23.34  19.08  29.51  21.21  22.88  19.67  24.82  20.16  26.50  
91212  20.15  23.79  19.09  29.07  22.03  22.92  19.89  24.78  20.04  26.76  
91213  20.16  23.65  19.04  29.96  21.00  22.75  19.47  23.78  20.00  26.99  
91217  20.01  23.36  19.20  29.17  21.23  22.86  19.26  24.13  20.33  26.86  
91218  19.51  23.63  19.17  29.07  22.03  22.46  19.40  23.99  19.73  25.77  
91219  20.18  22.98  18.59  27.09  21.79  22.59  19.20  23.86  19.22  26.48  
91220  20.21  23.43  19.70  29.50  21.16  23.02  19.70  23.93  20.30  26.60  
91221  19.91  23.48  19.03  29.06  20.28  22.67  20.02  24.36  20.22  26.49  
91222  19.50  23.84  18.82  29.62  22.05  22.89  19.36  24.89  20.37  27.23  
91223  19.90  23.32  18.93  29.43  21.30  22.35  19.84  24.00  20.21  26.79  
91224  20.02  23.29  19.76  29.09  21.48  22.69  19.31  24.41  20.35  26.77  
91225  20.02  23.86  19.30  29.30  21.30  23.35  19.50  24.90  20.32  26.90  
91226  19.82  22.89  18.65  30.27  21.39  23.22  19.50  24.72  20.18  27.35  
91227  19.84  23.28  19.01  29.56  20.91  22.72  19.45  24.26  19.90  27.48  
91228  20.04  23.13  19.50  29.92  21.53  22.60  19.49  24.21  20.76  27.04  
91229  19.43  23.55  18.11  29.06  21.70  23.05  19.21  24.03  20.31  27.29  
91230  19.49  23.54  18.57  29.96  20.94  22.77  19.53  24.33  20.09  27.27  
91231  19.72  23.63  18.88  27.64  20.22  23.35  19.39  24.06  20.36  29.41  
91232  20.16  23.16  19.50  29.28  21.14  22.48  18.82  24.40  20.02  26.31  
91233  19.78  23.21  19.15  28.28  21.65  22.51  19.94  24.14  19.97  26.98  
91234  19.98  23.14  19.53  29.24  21.13  22.64  19.04  24.34  20.23  26.50  
91235  19.98  23.35  19.22  29.46  21.10  23.17  19.39  24.00  19.94  26.89  
91236  19.57  23.33  18.81  28.74  21.83  22.99  19.68  24.10  20.66  26.58  
91237  19.92  23.24  19.00  29.65  21.44  22.43  20.10  23.95  19.84  27.17  
91238  19.85  23.01  18.89  29.08  20.76  22.80  19.52  24.36  20.33  26.74  
91239  20.12  24.00  19.33  29.99  20.82  23.23  19.09  24.48  20.49  26.82  
91240  20.36  23.28  19.19  29.67  20.83  22.87  19.37  24.38  20.21  27.17  
91241  20.57  23.91  19.35  29.39  21.13  22.85  19.40  25.00  20.23  26.86  
91242  19.99  23.67  18.67  29.35  21.38  22.83  19.69  24.13  19.80  26.22  
91244  20.07  23.24  19.63  28.94  20.93  23.03  19.77  24.91  20.19  26.29  
91245  20.28  23.56  19.20  29.47  21.87  23.37  19.26  25.28  20.58  26.66  
91246  19.36  22.59  19.09  29.68  21.35  22.85  20.01  25.01  19.66  26.28  
91247  20.26  23.44  19.40  29.31  20.99  23.04  20.43  24.49  20.31  26.17  
91248  20.13  23.83  19.24  29.10  20.47  22.31  19.07  24.08  19.71  27.10  
91249  19.82  23.62  19.06  29.70  21.48  22.68  19.45  23.79  20.24  26.59  
91250  19.79  23.61  18.71  28.98  21.54  22.83  19.74  24.12  20.14  26.12  
91251  19.86  23.52  18.79  28.99  21.41  22.92  19.29  24.07  20.14  26.38  
91252  19.48  23.49  19.04  29.31  20.76  22.94  19.39  24.36  20.48  26.99  
91253  19.09  23.55  19.27  29.29  20.99  22.30  19.50  24.41  20.38  26.88  
91254  19.85  23.41  18.89  29.69  21.86  22.44  20.16  24.90  19.88  27.16  
91255  19.86  23.21  19.24  29.46  21.07  22.85  19.81  24.04  20.27  26.56  
91256  19.33  23.57  19.11  29.66  21.31  22.45  19.35  24.85  20.33  26.97  
91258  19.51  23.19  19.18  29.14  21.38  22.70  19.72  24.68  20.26  26.86  
91260  19.79  22.98  19.36  29.47  21.94  22.89  19.70  24.63  20.29  26.03  
91261  19.89  23.61  19.56  29.86  21.51  22.95  19.39  24.34  20.46  27.39  
91263  20.40  22.73  19.35  29.08  21.10  23.27  19.35  24.96  20.68  26.23  
91264  19.70  23.41  18.50  29.34  20.81  23.70  19.29  24.19  20.37  27.63  
91265  20.07  23.17  18.89  28.46  21.24  22.90  19.83  24.16  20.09  26.48  
91266  20.24  23.53  18.62  29.80  21.53  23.18  19.85  24.95  20.31  26.45  
91267  19.82  23.73  18.86  28.65  20.88  23.40  19.57  24.06  20.22  26.50  
91268  19.81  23.09  18.90  29.14  21.12  22.81  19.90  24.26  20.49  26.90  
91269  19.28  23.05  19.16  29.71  21.50  22.67  19.93  23.87  20.37  26.52  
91270  19.18  23.22  19.79  29.00  20.62  22.10  19.13  23.19  20.81  26.23  
91271  19.75  22.77  18.84  28.35  22.07  22.30  19.78  24.22  20.17  26.16  
91275  19.54  23.90  18.82  29.83  21.53  22.67  20.18  24.07  21.21  27.12  
91277  20.32  23.44  19.56  29.31  22.02  23.16  19.29  24.70  20.63  26.40  
91278  20.87  23.26  18.39  29.80  20.79  23.23  19.98  24.09  19.69  26.55  
91279  19.84  23.99  19.87  30.53  22.41  23.15  19.76  24.10  20.28  26.37  
91280  19.80  24.24  19.31  28.96  21.62  23.56  19.88  24.31  20.69  27.96  
91283  19.45  22.97  19.37  29.59  21.17  23.12  19.93  24.21  20.45  27.14  
91284  19.92  24.34  18.92  29.44  20.97  22.30  20.20  24.64  20.20  26.27  
91285  19.59  23.18  18.62  29.66  21.32  22.71  19.55  24.81  19.74  26.86  
91286  19.80  23.42  19.01  29.21  20.71  23.07  20.36  24.03  19.95  26.69  
91287  20.14  23.54  19.99  29.99  20.57  22.91  19.86  23.80  20.96  26.13  
91288  19.69  23.33  19.00  29.99  22.18  23.20  19.94  24.35  19.94  27.26  
91289  19.87  22.98  18.78  29.46  21.36  23.21  19.72  24.79  20.15  27.23  
91290  19.76  23.07  19.14  29.32  21.12  23.14  20.10  24.53  20.28  27.14  
91291  20.01  23.35  18.88  29.25  21.35  22.86  19.63  24.27  20.07  27.18  
91292  20.01  23.06  19.13  29.76  21.07  22.65  19.78  24.28  20.16  26.75  
91293  19.86  24.21  19.21  29.58  21.37  22.19  19.72  24.57  19.89  27.36  
91294  20.02  23.56  18.97  29.30  21.24  22.84  19.90  24.55  19.96  27.33  
91295  19.98  23.44  19.09  29.48  20.84  23.36  19.56  25.48  20.62  27.62  
91296  19.49  23.67  19.06  29.12  21.79  22.74  20.29  23.90  19.95  27.04  
91297  19.61  23.30  19.08  28.81  21.64  23.06  20.09  23.63  20.35  27.03  
91298  20.26  23.48  18.71  30.17  21.47  22.59  19.85  23.92  19.85  27.22  
91299  20.20  23.95  19.19  29.56  21.15  23.35  19.83  24.55  20.55  27.24  
91300  19.31  23.36  18.93  29.88  21.41  23.10  20.14  24.14  20.41  26.57  
91302  19.69  23.35  19.30  29.36  21.54  22.56  20.06  24.40  20.20  26.79  
91303  19.86  22.81  18.70  28.76  21.26  22.98  19.60  23.94  19.86  26.36  
91304  20.37  22.82  19.32  29.39  21.80  22.76  19.60  24.84  20.25  26.58  
91305  19.81  23.87  18.92  29.33  21.85  23.10  19.85  24.60  20.08  26.99  
91306  20.18  23.58  19.41  29.57  21.50  22.72  19.99  25.07  19.75  26.17  
91307  19.69  23.10  19.07  29.08  21.12  23.39  19.70  25.34  20.07  26.87  
91308  19.91  23.70  18.85  29.23  20.96  23.78  20.23  24.47  19.99  26.40  
91309  20.47  22.89  19.06  29.57  21.34  23.29  19.60  24.66  19.78  26.65  
91310  19.84  23.71  18.89  29.74  21.13  22.97  19.76  24.71  20.03  26.53  
91311  20.26  24.66  19.64  29.75  21.44  22.47  18.93  24.72  19.60  26.50  
91312  19.93  23.86  19.09  29.18  21.55  23.00  19.99  24.89  20.22  26.86  
91313  20.39  23.51  19.13  29.51  21.63  23.05  19.13  24.72  19.60  27.24  
91314  19.81  23.01  18.93  29.86  21.83  23.34  19.62  24.38  20.41  26.79  
91315  20.01  23.62  19.58  29.76  21.62  23.00  20.19  24.47  20.33  26.69  
91316  20.48  23.41  19.02  29.60  21.46  22.82  19.81  24.93  20.06  27.38  
91317  20.41  23.74  18.90  29.27  22.10  23.03  19.66  25.07  20.46  27.13  
91318  20.14  23.76  19.60  29.58  21.63  22.91  20.21  24.80  20.57  27.80  
91319  19.40  23.41  18.65  29.02  21.21  22.72  19.78  24.65  20.11  26.65  
91320  19.82  23.92  19.50  29.15  22.10  23.47  19.76  24.55  20.13  26.59  
91321  19.61  23.05  19.03  29.69  21.63  22.78  20.29  24.77  19.70  27.07  
91322  19.54  23.87  19.15  29.07  21.22  23.31  20.11  24.60  20.09  27.52  
91323  20.27  23.65  18.89  29.36  21.23  23.26  19.95  24.76  19.43  26.79  
91324  19.73  23.34  18.85  29.19  20.97  23.11  19.52  25.00  19.88  27.02  
91325  20.06  23.95  18.75  29.49  21.45  22.86  20.43  25.04  20.46  26.34  
91326  20.03  23.61  18.95  29.41  21.28  22.14  20.10  25.65  19.91  27.37  
91327  20.11  24.07  18.85  29.47  21.31  23.09  19.81  24.78  20.12  26.48  
91328  19.89  23.36  18.76  29.04  21.17  23.12  19.51  23.97  20.01  27.62  
91330  19.62  22.66  19.15  28.76  22.19  22.83  19.23  24.18  20.35  26.34  
91331  19.95  23.40  18.77  29.23  21.08  23.08  20.21  24.24  19.72  27.36  
91332  20.64  23.38  18.78  28.83  21.36  22.67  20.08  24.49  20.39  26.62  
91333  19.57  23.03  18.69  29.70  22.86  23.09  19.83  25.26  20.17  26.99  
91334  19.86  23.81  19.08  29.61  21.47  23.40  19.74  24.52  20.26  26.25  
91335  20.32  24.25  19.27  29.74  21.95  23.47  19.72  24.69  20.82  26.38  
91338  20.73  23.38  19.29  29.48  21.46  22.85  19.97  25.42  20.38  26.43  
91341  20.03  23.60  19.14  29.47  21.05  22.62  19.81  25.08  19.69  26.43  
91342  19.87  23.50  19.06  29.43  21.93  22.35  19.39  24.63  20.10  26.74  
91343  20.45  23.00  19.07  29.01  20.91  22.90  19.61  24.44  20.45  26.57  
91344  19.89  23.08  18.84  29.16  21.78  22.75  19.63  24.73  20.82  27.15  
91345  19.95  23.21  19.28  30.14  21.77  23.12  19.43  24.69  20.25  26.27  
91346  20.26  23.68  19.38  29.92  20.91  22.57  20.56  24.49  19.95  27.72  
91347  20.11  24.03  19.85  29.94  21.62  23.10  20.26  25.18  20.79  27.11  
91348  19.87  23.36  18.98  28.87  21.64  22.77  20.17  24.45  19.53  26.76  
91355  19.96  24.14  19.49  28.87  21.43  23.26  20.25  24.45  20.56  26.99  
91356  19.88  22.91  18.91  28.60  22.00  22.29  20.09  24.08  20.48  26.25  
91357  19.89  23.22  19.44  28.52  21.42  23.00  20.37  23.86  20.35  26.72  
91358  19.66  22.66  19.23  29.15  21.75  22.47  20.35  23.95  19.73  26.70  
91359  20.23  23.88  19.16  28.75  21.55  22.19  19.91  25.37  19.54  27.26  
91360  19.91  23.61  19.27  29.33  21.61  22.66  19.93  24.75  20.19  27.25  
91361  20.04  23.42  19.25  29.52  21.30  23.47  20.19  25.03  20.22  26.19  
91362  20.07  23.75  19.48  29.58  22.34  23.12  19.82  24.31  20.14  27.25  
91363  19.81  23.74  19.26  28.83  21.91  23.00  20.97  25.23  20.57  27.08  
91364  20.00  23.27  19.14  29.45  21.86  23.06  20.26  24.72  20.54  26.95  
91365  20.27  23.71  18.86  29.64  21.41  22.80  19.95  24.23  20.58  27.29  
91366  20.53  23.18  18.58  29.00  21.60  22.97  19.79  24.11  20.46  26.51  
91367  20.36  23.61  19.17  28.79  22.12  23.16  19.98  24.31  20.27  26.12  
91368  20.41  23.26  18.94  28.84  21.76  22.91  20.18  24.74  20.61  26.61  
91369  19.63  23.90  18.97  29.21  21.57  23.30  20.24  24.51  20.58  26.23  
91370  19.43  23.96  19.03  29.99  21.97  23.08  20.12  24.23  20.83  26.56  
91371  20.14  23.34  19.62  28.55  21.64  23.12  19.68  24.70  20.96  26.98  
91372  19.74  23.26  19.27  29.34  21.96  23.11  20.36  24.34  19.65  26.51  
91373  20.54  23.22  19.00  29.31  21.82  23.21  20.20  25.05  21.34  26.66  
91374  19.64  24.01  19.63  29.99  21.76  21.82  19.99  24.23  20.49  26.71  
91375  20.66  22.96  18.90  29.64  21.49  23.17  19.49  24.34  20.56  26.63  
91376  19.77  23.76  19.10  29.88  21.47  22.99  19.95  24.62  20.80  26.67  
91377  19.94  23.44  19.04  29.27  20.83  23.33  19.98  24.14  20.22  25.82  
91379  19.36  23.08  18.91  28.93  21.47  23.53  20.07  24.05  20.60  26.29  
91380  19.83  23.62  18.73  29.36  21.13  22.67  20.30  23.54  20.49  26.09  
91381  19.56  22.93  18.84  29.59  21.80  22.37  19.78  24.31  20.38  25.71  
91382  19.69  23.76  18.73  28.65  21.60  22.91  20.06  24.45  20.08  26.49  
91383  20.27  23.18  18.86  28.98  21.74  23.46  19.79  24.31  20.63  26.21  
91384  20.06  23.23  19.05  29.22  21.93  23.00  20.34  24.36  20.96  27.00  
91385  20.45  23.04  19.23  28.91  21.39  23.18  19.63  23.95  21.47  26.68  
91386  20.13  23.96  19.33  29.19  21.36  22.49  20.18  24.39  20.43  26.99  
91387  19.87  23.95  18.72  29.45  20.71  22.87  20.00  24.30  19.98  26.96  
91388  20.03  24.02  18.68  29.44  21.83  23.22  20.22  24.77  20.72  27.34  
91389  19.76  23.62  19.12  29.86  21.21  23.36  19.94  24.52  19.78  27.06  
91390  19.87  23.48  19.15  28.67  21.82  23.11  20.10  24.59  20.68  26.95  
91391  20.25  23.94  19.06  29.42  20.70  22.36  19.63  24.47  20.92  26.38  
91392  19.81  23.80  19.25  29.77  20.78  23.22  20.04  25.26  20.69  27.36  
91393  19.86  24.22  18.66  29.69  21.35  23.30  20.27  25.15  20.65  26.92  
91394  20.11  22.93  18.81  28.97  20.73  22.84  20.23  24.36  20.46  26.58  
91395  19.70  23.00  19.36  29.90  21.60  22.66  19.94  24.31  20.29  26.81  
91396  19.78  23.02  18.90  29.64  21.43  23.19  19.67  24.66  20.62  26.50  
91397  20.15  23.27  19.06  29.19  21.58  22.80  19.93  24.61  20.70  26.26  
91399  19.37  23.47  18.84  29.67  20.70  22.85  19.93  25.21  20.33  27.04  
91400  19.96  24.10  18.76  29.34  21.71  22.88  20.20  24.68  20.44  26.93  
91401  19.45  23.13  19.03  29.50  20.79  22.45  19.41  24.39  21.50  26.53  
91402  19.70  23.71  19.29  29.40  21.58  22.83  19.50  23.95  20.67  26.89  
91403  20.13  23.90  19.33  29.21  21.43  22.76  20.35  25.14  20.46  27.72  
91404  20.46  24.90  19.60  29.22  21.10  22.62  19.49  24.49  19.85  27.27  
91405  19.83  23.22  19.50  30.52  21.52  23.15  20.12  24.90  20.61  27.22  
91406  19.66  24.41  19.44  29.67  21.72  22.68  20.14  25.38  20.27  26.85  
91407  19.87  23.53  19.17  29.20  21.64  22.97  19.87  24.54  20.25  27.05  
91408  19.55  23.43  19.33  29.54  21.38  22.83  19.97  23.89  19.96  27.13  
91409  19.86  23.67  18.95  29.23  20.86  22.83  19.74  24.60  20.34  26.65  
91410  19.80  23.37  19.06  29.15  21.19  22.84  20.21  24.98  20.01  27.33  
91411  20.00  23.46  19.37  29.24  22.01  23.64  20.30  24.60  20.68  27.04  
91412  20.36  23.36  19.05  29.53  21.88  22.90  19.58  24.40  20.05  26.84  
91413  19.91  23.76  18.96  29.36  21.75  22.73  19.62  24.64  20.69  27.36  
91414  19.92  23.82  20.40  29.56  22.02  23.45  19.43  24.31  20.58  27.15  
91415  19.58  23.41  18.47  28.99  21.66  23.18  19.97  24.67  20.74  27.05  
91416  19.82  23.82  19.59  29.76  21.37  22.92  19.73  24.82  19.79  27.20  
91417  20.55  24.33  18.86  29.58  21.33  23.24  20.08  24.26  20.35  27.49  
91418  20.03  23.84  19.28  28.82  21.44  23.19  19.47  24.79  20.83  27.19  
91419  19.71  23.82  19.96  29.29  21.78  23.43  20.21  24.11  20.40  26.50  
91420  19.91  23.23  19.27  29.33  21.24  22.75  20.50  25.06  20.85  27.52  
91421  19.29  23.96  19.28  28.80  21.55  22.69  19.67  25.09  20.51  26.58  
91422  20.25  23.60  19.57  29.15  21.39  22.75  20.00  24.29  20.89  26.89  
91423  20.00  23.32  19.25  29.56  21.71  23.23  20.08  25.09  20.77  26.92  
91424  19.61  23.37  18.97  28.86  21.34  22.73  20.31  25.02  20.98  26.97  
91425  20.58  23.48  18.70  29.39  21.37  23.33  20.30  24.27  20.60  26.93  
91426  19.98  23.37  19.26  29.22  21.42  23.08  20.41  24.96  20.87  26.66  
91427  19.52  23.29  19.32  28.86  22.07  23.67  19.99  25.31  20.13  27.42  
91428  19.69  23.40  19.37  29.55  22.12  22.78  19.47  23.65  20.13  27.51  
91429  20.66  23.75  18.98  29.35  22.04  23.24  20.13  24.27  20.46  27.02  
91430  20.32  23.51  19.56  29.19  21.08  22.83  20.13  24.43  20.88  26.90  
91431  20.57  23.57  18.85  29.26  21.77  23.32  19.53  24.21  21.28  26.42  
91432  19.83  23.47  19.42  29.29  21.48  23.11  19.22  24.66  20.09  26.47  
91433  19.85  24.01  19.32  29.54  22.10  22.87  19.51  24.06  20.48  27.62  
91434  20.31  24.42  19.85  29.78  21.48  23.40  19.95  24.98  20.70  26.50  
91435  19.84  23.13  18.96  30.38  21.25  23.10  19.80  24.30  20.28  26.75  
91436  19.57  23.42  18.76  29.18  21.95  22.78  19.82  24.69  20.42  27.22  
91437  20.37  23.40  19.23  29.51  21.35  23.37  19.94  25.20  20.07  26.92  
91438  19.76  24.03  18.82  29.80  22.02  23.17  19.45  24.69  20.99  26.70  
91439  20.25  23.83  19.36  29.98  22.30  23.17  19.71  24.09  20.19  27.35  
91440  19.62  24.26  19.09  29.04  21.39  22.97  20.17  24.15  20.45  26.46  
91441  20.08  23.90  19.17  29.25  21.48  23.49  19.70  24.84  20.50  27.59  
91442  19.86  23.55  19.00  29.21  21.18  23.29  19.94  24.74  20.62  27.31  
91443  20.23  23.54  19.14  29.20  21.34  23.33  20.15  24.52  20.30  26.52  
91444  20.40  23.35  18.93  29.27  21.91  23.62  19.79  23.33  21.11  27.73  
91445  19.89  23.94  19.47  29.75  21.42  22.92  20.27  24.53  20.56  27.38  
91446  19.15  23.57  19.59  29.22  21.49  23.13  20.15  25.08  21.11  27.20  
91447  20.24  23.42  19.31  28.68  21.67  23.53  20.54  23.93  20.03  27.52  
91448  19.45  23.88  19.46  29.01  20.69  22.78  20.06  24.42  19.99  26.74  
91449  20.36  23.47  19.52  28.92  22.25  23.36  20.20  25.16  20.60  26.62  
91450  19.38  23.01  19.17  29.37  21.61  23.10  20.01  23.79  20.75  27.55  
91451  20.21  23.12  19.71  29.68  21.87  22.90  20.19  25.12  20.28  26.77  
91452  20.04  23.35  19.08  29.03  21.02  22.91  19.63  24.90  20.47  27.47  
91453  19.93  23.76  19.01  29.11  21.98  22.85  19.72  24.06  20.58  26.85  
91454  20.35  22.92  19.28  29.58  21.05  23.51  19.67  24.54  20.98  26.15  
91455  19.95  22.91  19.80  29.40  22.05  23.44  19.68  24.99  19.91  26.72  
91456  19.67  23.42  19.41  28.78  20.67  23.06  20.22  25.13  20.69  27.31  
91457  20.38  23.04  19.41  29.45  21.78  22.94  19.88  23.44  20.09  27.11  
91458  19.83  23.27  18.95  28.76  21.37  23.15  20.12  24.28  20.51  27.13  
91459  20.09  23.55  18.88  28.75  21.89  23.04  20.02  24.27  19.96  27.74  
91460  19.59  23.77  18.87  29.78  21.71  22.86  19.61  24.78  20.25  26.98  
91461  19.94  22.99  18.83  29.12  21.64  22.80  19.60  25.15  20.18  27.60  
91462  19.57  24.13  18.68  29.23  21.95  22.58  20.14  24.26  19.94  27.08  
91463  19.30  23.12  18.53  29.08  21.25  22.87  20.54  25.61  20.30  26.25  
91467  19.91  23.36  19.16  29.43  21.05  23.38  19.93  24.78  20.50  26.87  
91468  20.14  23.52  18.88  29.48  22.06  23.16  20.76  24.45  20.84  26.54  
91469  19.84  23.20  19.14  29.91  21.88  22.86  19.74  25.47  20.77  26.83  
91470  19.90  23.58  19.13  29.34  21.64  22.94  20.02  24.53  21.07  26.60  
91471  19.69  23.57  19.32  30.01  22.02  23.27  20.40  24.79  20.36  26.22  
91472  19.94  23.93  19.55  30.33  21.88  23.23  19.91  25.09  21.21  27.02  
91473  19.79  23.86  18.84  29.80  21.54  23.51  19.92  24.61  21.03  27.04  
91474  20.43  23.89  19.21  30.31  22.00  23.10  19.96  24.44  21.20  27.42  
91475  19.55  23.39  19.08  29.69  21.86  23.46  20.29  24.81  21.14  27.36  
91476  20.86  23.56  19.27  30.18  21.61  23.50  20.43  24.39  20.45  26.33  
91477  19.95  23.46  19.24  29.28  21.95  23.20  20.25  24.46  20.94  26.23  
91478  20.41  23.79  19.34  29.57  22.18  22.75  19.98  24.52  21.06  27.01  
91479  19.91  23.04  18.82  29.75  22.00  23.52  20.51  24.84  20.71  27.17  
91480  20.19  23.39  19.11  29.42  21.51  23.27  20.36  24.50  20.68  27.49  
91481  20.51  23.37  19.91  29.62  21.23  23.45  20.34  24.32  20.65  26.77  
91482  20.13  23.14  18.86  30.08  21.97  23.21  20.58  24.12  20.51  27.49  
91483  19.76  23.59  19.16  29.23  22.19  23.19  20.26  24.73  21.00  27.55  
91484  20.13  23.66  19.42  29.17  22.39  23.24  20.13  24.20  20.24  27.82  
91485  20.38  23.25  19.72  29.25  21.67  23.59  20.79  24.63  21.00  27.10  
91486  20.54  22.30  19.09  29.21  20.74  22.82  20.60  24.18  20.06  25.59  
91487  20.13  23.54  19.21  29.15  22.01  23.80  20.50  24.96  20.40  26.98  
91488  20.71  23.57  19.55  28.95  22.30  23.09  20.39  25.21  20.93  26.89  
91489  20.39  23.26  19.17  29.47  22.01  23.19  20.70  24.88  20.56  27.61  
91490  20.47  23.30  19.74  29.02  22.20  22.99  20.79  24.38  20.38  27.03  
91491  20.02  23.03  19.28  29.38  21.03  23.77  20.11  24.49  20.91  26.99  
91492  19.51  23.71  19.13  29.65  21.65  23.21  20.67  24.17  20.94  26.53  
91493  20.38  23.81  19.16  29.61  21.84  22.88  19.94  24.50  21.03  27.36  
91494  20.10  23.20  19.22  29.66  22.28  23.38  20.40  24.20  20.73  26.69  
91495  20.15  23.17  19.04  30.20  21.28  23.19  20.65  24.63  20.63  27.61  
91496  19.38  23.79  19.24  29.36  21.68  22.82  20.30  24.04  21.42  26.81  
91497  20.65  23.89  19.48  29.84  22.24  22.69  20.36  24.61  21.49  26.67  
91498  19.85  24.33  18.90  29.84  21.71  23.45  20.50  23.99  20.52  27.07  
91499  20.13  23.24  19.09  29.23  21.49  23.53  20.22  24.38  20.24  26.78  
91500  20.09  23.61  19.53  29.64  22.29  23.08  19.87  24.78  20.22  26.94  
91501  20.19  23.34  20.10  29.05  22.20  22.15  19.58  24.37  20.37  26.30  
91502  19.41  23.18  19.28  29.29  22.38  23.86  20.43  24.60  20.80  28.07  
91503  20.08  23.64  19.19  29.70  21.31  23.78  20.42  25.29  20.91  26.82  
91504  19.68  24.04  19.24  29.04  22.06  22.79  19.62  24.38  21.34  26.87  
91505  20.07  23.37  19.16  29.81  22.10  23.09  20.10  24.86  20.80  27.44  
91507  20.04  23.52  19.28  29.42  22.00  23.31  20.14  24.48  20.32  27.77  
91508  19.93  23.93  19.50  29.30  21.47  22.77  20.40  24.65  20.32  27.67  
91509  20.55  23.25  19.04  30.08  22.53  22.74  20.53  24.67  20.17  26.62  
91510  19.85  23.66  19.32  28.94  21.41  23.61  20.13  25.08  20.86  26.68  
91511  20.60  23.14  19.23  29.59  21.32  22.70  19.89  24.19  20.93  26.80  
91512  19.76  23.23  19.40  29.65  21.63  23.42  20.23  24.63  20.94  27.55  
91513  19.87  23.77  18.80  29.37  22.12  23.45  20.20  25.33  20.48  26.95  
91514  19.87  23.24  19.37  29.64  21.75  22.63  20.20  24.38  19.92  26.53  
91515  19.77  23.65  19.12  29.71  21.94  23.43  20.10  24.36  20.26  27.08  
91516  19.56  22.92  19.29  29.85  22.02  23.39  19.90  24.59  20.17  27.16  
91517  20.37  23.38  19.14  29.95  21.23  23.10  20.71  25.18  20.87  26.20  
91518  19.96  23.71  19.16  29.50  21.46  22.80  21.00  24.91  20.42  27.07  
91519  20.41  22.80  18.98  29.13  21.45  23.41  19.81  25.06  20.58  27.00  
91520  19.36  24.59  18.80  29.93  21.43  22.98  20.04  24.89  20.91  27.76  
91521  20.14  23.31  19.19  29.62  21.29  23.52  20.48  24.69  20.32  27.51  
91522  19.95  23.57  19.40  30.09  21.65  23.13  20.13  24.45  20.52  26.93  
91523  20.17  23.28  19.33  29.38  21.68  23.38  20.52  24.45  20.48  27.42  
91524  20.17  23.79  18.99  29.64  21.25  23.59  19.91  24.36  20.23  27.37  
91525  20.16  23.51  19.42  30.41  21.37  23.41  20.11  24.56  20.60  27.78  
91526  19.76  23.95  19.13  28.95  21.31  23.38  20.20  24.85  20.42  27.18  
91527  20.20  24.15  19.40  29.33  22.13  23.16  20.31  24.49  20.34  27.36  
91530  20.16  23.80  19.40  29.57  21.65  23.20  20.24  25.01  20.49  27.41  
91531  20.44  24.41  19.25  29.13  21.48  23.03  20.35  24.25  20.49  27.63  
91532  20.06  23.43  19.10  28.84  21.82  23.01  20.62  25.18  20.64  27.25  
91533  20.48  22.95  19.21  30.12  21.35  23.32  20.23  24.40  20.40  27.33  
91534  20.00  23.93  19.82  30.03  22.09  23.10  20.08  24.91  20.52  27.22  
91535  19.91  23.39  18.98  29.70  21.75  23.23  20.26  24.83  20.23  27.14  
91536  19.73  23.48  19.39  29.69  21.53  23.86  20.16  25.24  19.99  27.92  
91537  19.83  23.38  19.80  30.28  21.41  22.90  19.94  25.14  20.06  27.14  
91538  19.76  24.25  19.35  30.17  22.28  23.95  20.05  24.92  19.78  27.83  
91539  19.61  23.55  19.59  29.55  21.67  23.96  20.67  24.02  20.65  27.31  
91540  19.52  23.27  18.98  29.94  21.43  23.73  20.48  24.96  20.10  27.67  
91541  19.75  23.64  19.22  29.61  22.13  23.39  20.16  24.09  20.37  27.44  
91542  20.16  24.21  19.03  29.11  21.80  23.07  20.43  24.51  20.25  27.48  
91543  20.24  22.02  19.69  31.26  21.97  22.96  19.77  24.81  19.74  28.35  
91544  19.93  23.26  19.36  29.81  21.29  23.64  20.13  24.24  20.11  27.06  
91546  20.07  22.85  19.55  29.46  21.47  23.14  20.24  24.07  20.74  27.15  
91547  19.67  23.28  18.73  29.16  21.88  23.79  20.14  23.86  20.93  27.38  
91548  19.77  23.94  19.11  29.29  21.35  23.45  20.13  24.62  20.39  26.98  
91549  20.15  23.37  18.89  29.65  22.05  23.58  20.78  24.85  20.25  27.54  
91550  19.80  23.45  19.68  30.02  22.21  23.43  20.20  25.28  20.88  26.50  
91551  19.81  23.54  19.36  29.71  21.88  23.48  20.39  24.46  20.07  27.13  
91552  20.22  23.25  19.19  30.08  21.90  22.95  20.09  24.65  20.36  27.55  
91553  19.96  23.40  19.17  29.42  21.38  23.03  19.98  24.51  20.08  27.07  
91554  20.38  23.79  18.92  29.32  21.52  23.06  20.06  24.25  20.19  27.11  
91555  20.10  23.88  19.21  29.05  21.25  23.52  19.62  24.97  19.97  27.12  
91556  20.54  23.59  18.76  29.39  21.17  22.87  20.17  24.22  20.20  26.90  
91557  19.97  22.78  19.35  29.28  21.42  23.25  20.51  24.35  20.26  27.66  
91558  19.82  22.91  19.17  28.99  21.52  22.88  20.02  24.40  20.03  26.47  
91559  20.29  23.50  18.70  29.27  21.53  22.48  19.97  25.10  20.30  26.80  
91561  20.15  23.45  19.36  29.34  21.70  23.45  20.60  24.50  20.42  26.72  
91562  19.83  23.87  19.65  29.15  21.60  22.58  19.94  24.31  20.12  26.61  
91563  20.10  23.39  19.13  29.65  21.99  22.87  20.03  25.00  20.43  27.15  
91564  19.73  23.46  18.91  29.85  21.03  23.23  20.37  24.55  20.21  27.56  
91565  19.93  23.49  18.67  30.08  20.93  22.77  20.37  24.68  20.49  27.22  
91566  19.75  23.21  19.14  29.31  21.25  22.70  19.66  24.71  20.24  26.98  
91567  20.10  23.15  19.00  29.04  21.76  23.10  20.34  24.17  20.55  26.63  
91568  19.80  23.36  19.26  29.87  21.85  23.26  19.77  24.59  20.30  27.38  
91569  19.62  23.67  19.04  29.24  21.00  23.84  21.12  25.20  20.83  26.92  
91570  20.03  23.46  19.55  29.31  21.28  23.30  19.22  24.15  20.31  27.39  
91571  21.00  23.06  19.20  29.09  21.64  23.53  20.05  24.39  20.37  26.07  
91572  19.51  23.61  18.95  29.36  20.81  22.90  20.02  24.36  20.72  27.44  
91573  19.82  22.96  19.06  29.29  21.25  23.33  19.62  25.23  20.23  27.52  
91574  20.41  23.32  19.13  29.27  21.79  22.79  20.22  24.59  20.30  27.29  
91575  20.08  23.25  19.14  29.31  21.24  22.54  20.05  24.46  20.03  27.11  
91576  19.61  23.77  19.03  29.59  21.01  22.90  20.33  23.74  20.58  26.32  
91577  19.80  23.22  18.46  28.80  20.93  23.78  21.02  23.00  19.98  26.33  
91578  20.18  23.33  19.53  29.73  21.39  23.40  20.87  24.42  19.86  27.99  
91579  19.64  23.17  19.18  29.16  21.11  22.78  19.73  24.90  19.88  26.99  
91590  20.01  23.18  19.33  29.18  21.05  23.06  19.34  24.30  19.68  27.46  
91593  19.52  23.39  19.10  29.51  20.99  23.00  20.36  24.68  20.08  27.54  
91596  19.67  22.87  19.41  29.63  20.71  22.51  19.53  24.79  20.27  26.78  
91597  19.64  23.43  18.81  29.33  21.05  22.87  19.59  24.51  19.73  27.03  
91599  19.57  23.38  18.78  29.63  20.91  22.90  19.73  24.48  19.73  27.10  
91602  19.43  21.97  18.28  28.97  21.21  21.71  18.94  22.92  18.63  27.21  
91603  18.40  22.60  17.82  28.79  20.95  22.84  19.03  24.05  19.06  26.60  
91604  19.46  22.82  17.79  29.41  19.57  21.95  19.44  24.38  18.96  27.21  
91605  19.98  22.84  17.65  29.35  20.01  22.60  19.78  24.18  18.76  27.11  
91606  19.10  23.78  18.44  28.91  19.77  22.06  17.81  24.46  18.82  26.95  
91607  17.65  22.07  18.45  29.04  20.11  23.31  19.09  25.22  19.42  26.23  
91608  18.69  22.92  18.05  29.41  20.65  22.69  18.81  24.00  18.86  26.56  
91609  19.09  23.10  17.88  29.06  19.28  22.69  19.44  24.17  18.57  26.95  
91610  18.31  22.49  17.83  28.66  20.37  23.25  18.73  23.90  19.00  26.24  
91611  18.76  22.70  18.07  29.40  19.88  22.69  19.09  23.24  19.09  26.26  
91612  18.61  22.60  17.93  29.42  19.79  21.96  19.10  23.76  18.88  27.19  
91614  18.63  22.60  17.84  29.15  20.24  22.60  19.03  23.51  18.72  26.70  
91615  18.85  23.08  17.81  29.02  20.20  22.30  19.11  23.61  19.32  26.65  
91616  18.94  22.56  18.64  30.34  20.94  21.80  18.82  24.67  18.68  26.60  
91617  18.73  22.51  17.93  28.96  20.34  22.13  18.96  23.72  18.82  26.70  
91618  18.87  22.58  17.88  28.93  20.30  22.19  18.96  23.68  18.89  26.64  
91619  18.83  22.59  17.99  29.12  20.33  22.38  18.98  23.78  18.89  26.69  
91620  18.83  22.49  17.99  28.93  20.35  22.34  19.02  23.80  18.97  26.57  
91621  18.82  22.55  17.91  28.88  20.39  22.16  19.00  23.80  18.91  26.50  
91622  18.89  22.53  17.96  29.16  20.33  22.27  19.01  23.92  18.89  26.60  
91623  18.83  22.56  17.93  28.97  20.22  22.38  18.96  23.80  18.89  26.58  
91624  18.70  22.47  18.00  28.86  20.36  22.36  18.94  23.73  18.96  26.38  
91625  18.59  22.37  17.67  28.90  20.26  22.29  18.77  23.60  19.01  26.26  
91626  19.03  22.31  17.89  29.39  20.22  21.90  18.85  23.75  18.84  26.75  
91627  18.86  22.53  17.99  29.15  20.35  22.21  18.94  23.66  19.03  26.81  
91628  18.79  22.52  17.95  29.15  20.29  22.44  18.95  23.76  18.92  26.58  
91629  18.88  22.44  17.76  28.97  20.19  22.15  18.88  23.55  18.91  26.52  
91630  18.70  22.57  18.08  28.77  20.48  22.36  18.75  23.73  18.84  26.37  
91631  18.76  22.60  17.85  28.97  20.24  22.44  18.94  23.67  18.99  26.48  
91632  18.71  22.57  17.76  29.04  20.08  22.35  18.84  23.72  18.97  26.78  
91633  19.04  22.53  18.05  29.86  20.43  22.32  18.94  23.55  18.77  27.06  
91634  18.73  22.47  17.96  28.97  20.29  22.30  18.95  23.80  18.99  26.52  
91635  18.74  22.54  17.91  29.06  20.12  22.13  18.95  23.61  18.92  26.32  
91636  18.70  22.46  17.86  29.12  20.23  22.28  18.94  23.79  18.92  26.43  
91637  18.78  22.46  17.92  29.01  20.17  22.26  18.80  23.69  18.95  26.38  
91638  18.76  22.49  17.81  28.95  20.18  22.13  18.84  23.66  18.88  26.58  
91639  18.81  22.41  17.81  28.91  20.22  22.06  19.12  23.87  18.78  26.48  
91640  18.97  22.45  17.96  29.29  20.63  22.07  18.74  23.56  19.05  26.51  
91641  18.81  22.50  17.89  28.78  20.34  22.09  18.78  23.57  18.87  26.52  
91642  18.67  22.43  17.85  28.78  20.30  22.08  18.90  23.83  18.88  26.57  
91645  18.88  22.52  17.81  28.80  20.26  22.02  18.84  23.89  18.95  26.59  
91646  18.71  22.53  17.97  28.80  20.18  22.26  18.89  23.65  18.98  26.65  
91647  18.70  22.50  17.82  28.73  20.22  22.08  18.83  23.73  18.84  26.42  
91648  18.90  22.56  17.98  29.07  20.09  22.08  18.85  23.78  18.91  26.05  
91649  18.62  22.51  18.06  28.95  20.27  22.41  18.64  23.59  18.66  26.56  
91650  18.70  22.44  17.88  28.75  20.27  22.25  18.84  23.69  18.80  26.53  
91651  18.89  22.53  17.80  28.79  20.32  22.32  18.79  23.74  18.86  26.66  
91655  20.07  23.24  18.82  29.48  20.67  22.92  20.01  24.90  20.23  26.63  
91656  19.17  24.13  19.23  29.96  20.99  23.39  19.88  24.54  19.60  27.26  
91657  20.60  23.80  18.58  29.74  20.98  23.04  19.76  25.19  19.96  26.02  
91658  19.98  23.14  19.07  29.03  20.95  22.77  20.11  23.97  19.81  27.05  
91659  19.46  23.30  19.03  29.39  21.43  22.86  20.27  24.51  19.77  27.21  
91662  19.67  23.67  18.84  29.31  21.05  23.21  19.86  24.14  20.08  26.79  
91663  19.75  22.95  18.95  29.46  21.40  22.63  19.86  24.69  19.67  26.91  
91664  19.97  23.35  18.65  29.11  21.48  22.61  20.06  23.62  20.06  27.01  
91665  19.82  22.97  18.97  29.13  21.18  22.56  19.76  24.37  20.35  27.30  
91666  19.66  24.04  18.70  29.75  20.83  23.08  19.96  24.64  19.78  26.50  
91667  19.55  23.31  19.18  28.94  21.61  22.22  20.35  24.75  19.82  26.86  
91668  19.13  23.73  19.11  30.16  20.67  23.24  20.14  23.51  19.86  26.88  
91671  20.07  22.86  19.56  29.67  21.42  23.18  20.32  24.66  20.85  26.83  
91672  19.61  23.46  18.93  29.42  21.24  22.76  19.71  24.48  19.84  27.16  
91675  19.53  23.84  19.20  29.59  20.49  22.87  19.21  24.43  18.93  27.21  
91676  18.54  23.22  18.73  29.26  21.37  23.30  19.29  25.00  20.22  25.19  
91677  19.39  22.53  19.10  29.59  21.16  22.82  19.70  24.92  19.74  27.89  
91680  19.77  23.30  18.79  29.63  21.31  22.68  20.29  24.56  19.58  26.45  
91681  19.99  23.33  19.67  29.87  21.09  22.36  19.29  24.47  20.47  25.55  
91682  19.77  23.81  18.63  29.71  21.97  22.47  19.31  24.82  20.25  25.96  
91683  19.11  23.10  19.20  29.90  21.41  22.90  19.46  23.29  20.27  27.07  
91684  19.25  23.59  19.08  29.48  20.91  23.28  19.96  25.45  19.76  27.33  
91685  19.45  23.32  18.51  29.36  21.34  22.11  19.54  24.56  20.27  26.85  
91686  19.81  23.26  18.84  29.97  20.74  22.37  19.85  24.31  19.96  27.18  
91687  19.22  22.99  19.13  29.69  21.32  22.74  20.10  24.57  20.08  26.83  
91688  19.62  23.15  18.94  29.54  20.93  22.74  19.86  24.78  19.99  27.38  
91689  20.05  23.36  18.80  29.77  21.04  22.49  19.16  24.17  20.30  27.18  
91690  19.13  23.60  19.34  29.49  20.70  22.71  19.44  25.32  19.73  27.20  
91691  19.59  23.47  19.16  28.54  21.39  22.83  19.88  24.43  19.89  26.85  
91692  19.89  23.32  18.86  30.00  20.40  23.56  19.72  24.90  20.24  27.35  
91693  19.64  23.88  19.65  30.70  21.70  22.70  19.69  25.41  19.71  26.65  
91694  19.19  23.38  18.98  30.28  20.41  21.98  19.70  24.74  19.78  26.82  
91695  19.73  23.70  18.59  29.53  21.15  22.46  19.67  25.35  20.64  26.98  
91701  19.92  23.63  19.04  29.88  21.39  22.87  19.86  24.94  20.12  27.45  
91703  19.78  23.35  19.08  29.57  21.33  23.01  19.52  24.51  20.18  27.08  
91712  18.87  23.17  18.28  29.31  21.85  23.00  19.98  25.60  19.97  27.99  
91713  19.76  23.74  18.77  29.81  20.46  23.00  19.95  24.12  20.38  27.10  
91726  20.18  22.30  19.21  29.62  20.14  22.90  19.17  25.11  19.42  27.91  
91727  20.27  23.77  19.33  28.95  20.18  22.73  19.82  24.12  20.66  26.92  
91737  19.66  23.95  19.12  29.40  20.18  21.90  20.41  24.17  21.03  27.59  
91748  19.81  23.30  18.61  31.00  21.01  22.88  20.26  24.48  19.74  27.46  
91751  19.36  22.85  18.67  29.36  21.06  22.81  20.38  24.06  20.22  27.77  
91752  19.15  23.55  19.00  29.44  20.59  22.84  20.51  24.89  19.54  26.70  
91756  20.17  22.78  19.38  29.96  21.65  22.52  19.31  24.61  20.58  26.68  
91759  19.41  23.77  19.61  29.70  21.73  23.35  18.94  25.96  20.52  26.80  
91760  19.70  22.76  19.46  29.07  21.01  22.86  19.50  24.11  20.65  27.54  
91774  19.90  21.91  19.07  29.80  20.79  22.51  20.46  25.92  19.94  26.59  
91775  19.47  23.53  19.04  29.07  20.99  22.50  19.72  24.79  20.08  26.67  
91777  19.72  23.89  18.97  29.70  21.42  22.67  20.37  24.63  19.99  27.07  
91779  19.88  23.05  18.32  28.84  20.76  22.44  20.43  25.80  19.76  25.28  
91780  20.14  23.34  18.86  29.16  20.93  22.75  19.81  24.99  20.27  26.46  
91784  19.93  23.53  19.07  29.53  21.10  22.87  19.62  24.80  20.07  27.19  
91786  19.94  22.96  18.79  29.79  20.94  22.27  19.84  24.07  20.55  27.24  
91787  20.24  23.89  19.23  28.64  20.99  23.42  19.02  24.04  19.99  26.97  
91788  20.35  23.11  19.16  29.45  21.27  23.08  19.71  24.32  20.40  26.94  
91789  19.60  23.22  19.03  29.70  21.15  22.73  19.21  24.99  19.85  26.98  
91790  20.03  23.41  19.39  29.42  21.06  22.99  19.86  24.33  20.16  27.34  
91791  19.43  23.37  19.40  29.50  21.24  22.91  19.85  25.05  19.78  26.84  
91792  19.53  23.07  18.70  29.47  21.90  23.49  19.47  24.65  19.95  26.80  
91793  19.79  22.81  19.21  28.72  20.46  23.17  19.40  24.73  19.72  26.08  
91794  19.81  23.27  18.83  29.05  20.14  22.75  19.89  24.40  19.82  27.13  
91795  19.93  23.46  19.09  29.39  21.15  22.49  19.73  25.02  20.00  27.14  
91796  19.82  23.42  19.16  28.93  21.55  22.97  20.24  24.75  19.21  26.81  
91798  19.66  22.65  19.32  29.17  21.24  22.59  20.06  25.07  19.14  26.80  
91799  19.45  23.16  19.36  28.82  21.03  22.81  20.24  24.69  19.97  27.18  
91800  20.13  23.32  18.83  30.09  21.63  23.02  19.51  24.78  20.05  25.82  
91801  19.48  23.23  19.33  30.92  20.93  23.21  19.27  25.00  20.00  25.86  
91803  19.79  23.30  18.90  29.53  20.47  22.22  20.31  25.52  20.71  26.85  
91804  20.22  23.14  18.93  29.84  20.40  23.62  20.32  25.73  20.19  26.91  
91805  20.18  23.04  18.76  29.61  21.18  22.30  20.36  24.61  20.02  27.25  
91806  20.02  23.52  18.46  29.66  21.27  22.84  19.48  24.79  20.09  26.73  
91809  19.67  23.42  18.94  29.46  20.90  22.98  19.58  24.80  19.97  26.94  
91813  20.00  23.92  19.04  30.33  20.45  23.06  19.91  24.19  19.46  26.98  
91814  19.17  23.29  19.14  29.34  21.40  22.48  19.64  24.58  20.13  27.49  
91815  19.32  24.11  18.99  30.46  21.65  22.81  19.71  24.89  20.11  27.38  
91816  19.90  24.72  18.85  29.98  20.47  23.02  20.18  24.72  20.10  27.18  
91817  20.66  24.06  19.56  30.17  21.22  22.95  20.36  24.81  19.77  27.50  
91818  19.18  23.49  19.03  29.48  20.84  23.42  19.84  24.54  19.71  27.79  
91819  19.94  23.83  18.98  30.31  21.13  23.08  19.95  24.55  20.01  27.71  
91820  19.54  23.40  19.02  29.99  20.49  23.06  19.48  25.36  20.24  27.13  
91821  19.78  23.68  18.96  29.32  20.85  23.32  19.87  23.99  19.91  26.53  
91822  18.95  22.93  18.98  28.92  20.92  22.99  20.12  24.95  20.66  26.79  
91823  19.97  22.82  18.44  29.90  21.97  23.09  19.10  24.99  20.40  26.68  
91824  20.11  23.50  18.88  29.30  20.97  23.03  19.83  24.41  19.98  26.94  
91825  20.67  23.99  19.18  28.57  21.88  22.47  19.85  24.37  20.79  27.28  
91828  19.81  23.30  19.02  29.42  20.94  22.96  19.77  24.38  20.07  26.85  
91830  19.97  23.60  19.33  29.13  20.32  23.20  19.40  23.93  20.07  26.50  
91831  20.14  23.07  19.21  29.77  20.30  22.94  19.88  24.10  20.14  26.84  
91832  19.98  23.84  18.75  29.67  20.69  22.77  19.54  24.61  19.97  27.20  
91833  19.85  23.39  18.65  28.94  20.65  22.64  19.97  23.05  19.74  27.18  
91834  19.89  23.11  18.99  28.94  20.79  22.75  19.32  23.91  20.18  26.73  
91835  19.76  23.03  18.68  29.34  20.71  22.73  19.49  24.78  19.93  26.11  
91836  19.65  23.25  19.29  29.07  21.33  22.94  19.57  24.83  19.99  26.90  
91837  20.02  23.30  18.82  29.72  20.85  22.83  19.96  24.14  20.62  26.60  
91838  19.60  22.44  18.85  29.83  20.49  22.85  19.23  25.00  20.25  26.81  
91841  19.69  23.84  19.28  30.36  20.61  23.00  20.15  24.59  19.68  27.25  
91843  19.30  24.11  19.83  29.87  20.95  22.57  19.44  23.93  19.95  27.29  
91844  20.64  23.67  19.07  29.95  21.61  22.43  19.63  24.05  21.22  26.84  
91845  20.09  23.36  19.11  30.18  21.34  22.97  19.92  24.61  20.68  27.74  
91846  20.19  23.23  18.71  29.66  20.45  23.19  19.93  24.66  20.23  26.62  
91847  20.26  23.35  19.17  30.03  20.96  22.78  19.44  24.77  20.33  27.05  
91848  19.59  23.30  18.85  30.07  21.06  22.72  19.47  24.65  20.72  26.64  
91849  19.98  23.39  18.80  29.01  21.25  22.90  19.50  24.16  20.93  26.37  
91850  19.67  23.58  19.67  28.84  20.99  22.45  19.80  24.77  20.87  25.49  
91851  19.92  22.64  19.05  29.76  21.03  23.10  19.60  24.38  20.22  26.90  
91852  20.87  23.35  18.42  29.77  20.98  22.93  20.41  24.10  20.87  26.11  
91853  19.77  23.46  18.94  29.52  21.11  22.63  19.76  24.60  20.34  26.91  
91854  19.82  23.43  18.91  29.72  20.92  22.83  19.65  24.85  20.27  26.86  
91855  20.21  23.66  18.88  29.25  21.11  22.69  19.54  24.27  20.57  25.50  
91856  19.41  23.05  19.42  29.92  20.38  23.03  19.54  25.15  20.12  26.39  
91860  20.45  23.24  19.14  29.56  21.54  22.81  20.48  25.16  21.25  26.19  
91867  19.76  23.61  18.81  30.43  21.68  22.64  19.40  24.17  19.95  26.15  
91868  19.89  24.08  18.58  30.62  20.89  22.45  19.63  24.81  20.69  27.75  
91869  20.36  23.74  19.06  30.57  20.72  23.62  20.02  23.98  19.30  27.39  
91871  19.44  24.02  19.45  30.67  21.93  22.83  19.46  24.91  20.30  27.73  
91872  19.73  24.28  18.94  30.72  21.26  22.64  20.21  24.83  20.53  27.26  
91873  19.52  24.37  18.83  30.38  20.97  22.77  19.79  24.41  20.27  27.74  
91874  19.62  23.60  18.73  31.15  21.05  22.49  20.01  23.82  19.72  27.73  
91875  20.19  23.98  19.81  31.25  20.68  22.82  19.20  24.14  19.74  28.00  
91876  19.24  24.32  19.04  30.77  21.72  22.63  19.90  24.26  20.81  27.55  
91877  19.92  23.78  19.14  31.68  21.04  22.97  20.47  25.08  20.16  27.67  
91878  19.76  23.30  18.97  30.43  20.61  23.70  19.69  23.97  20.63  27.44  
91879  20.19  22.89  18.95  30.32  21.22  23.25  20.26  23.35  19.97  26.66  
91880  19.68  23.70  19.25  30.58  20.99  22.95  20.01  24.71  19.95  27.05  
91881  19.63  23.17  18.63  30.00  21.23  22.33  19.53  24.06  20.31  26.80  
91882  19.58  23.75  18.72  30.63  20.76  22.55  19.66  24.20  20.04  26.84  
91883  19.79  23.36  18.79  29.40  20.97  22.66  19.56  24.61  20.68  27.07  
91884  19.80  23.18  19.22  29.59  21.32  23.16  19.55  23.96  19.49  26.16  
91886  20.08  23.55  18.75  30.10  21.03  22.95  19.50  24.10  20.40  26.68  
91887  20.16  23.68  18.99  30.00  21.07  22.70  19.73  24.29  20.43  26.21  
91888  20.05  23.25  18.78  29.84  20.99  22.92  19.92  24.85  19.68  26.38  
91890  19.94  23.84  19.05  29.38  21.55  22.73  19.36  24.28  19.89  27.08  
91893  19.87  23.21  18.97  28.69  21.32  22.01  19.02  23.93  20.10  27.29  
91894  19.82  24.07  18.89  30.02  21.85  22.13  19.27  24.25  19.90  26.63  
91895  19.95  23.17  19.15  29.31  21.07  22.75  19.47  24.49  20.00  26.69  
91896  20.40  23.31  18.43  29.38  20.15  22.88  20.29  24.48  19.49  26.86  
91897  19.36  23.16  18.85  29.27  21.25  23.02  19.96  24.45  19.72  26.77  
91899  19.87  23.23  18.95  28.99  20.82  22.70  19.55  23.84  19.89  26.69  
91900  19.51  23.74  19.24  29.59  20.72  22.27  19.76  23.83  20.05  27.56  
91901  19.84  23.07  19.13  29.14  20.73  22.51  19.79  24.40  19.62  27.11  
91903  19.29  22.94  18.62  29.30  20.58  22.66  19.61  24.29  20.52  26.68  
91904  20.44  23.32  19.04  29.17  21.46  22.55  18.92  24.01  20.51  25.91  
91905  19.41  23.23  19.12  29.02  21.60  22.65  19.64  24.43  20.31  26.88  
91906  19.94  23.65  19.29  29.62  21.06  22.76  20.20  23.78  19.76  27.50  
91907  20.08  23.70  18.86  29.77  20.36  22.75  19.49  24.19  20.20  26.95  
91908  19.98  23.35  19.41  29.32  20.88  22.93  19.58  24.06  19.75  26.87  
91911  19.86  23.33  18.93  29.99  21.01  22.62  19.79  24.46  19.76  27.35  
91914  19.76  23.31  18.87  29.76  21.27  22.79  19.64  24.28  19.82  27.09  
91916  19.75  23.63  18.91  29.56  21.24  22.51  19.57  24.43  19.95  26.94  
91917  19.75  23.62  19.06  29.65  20.35  22.61  19.44  24.21  20.60  27.48  
91918  20.00  22.97  19.20  29.83  21.26  23.12  19.96  24.96  20.44  26.96  
91919  19.50  23.59  18.66  29.87  21.15  22.83  19.44  24.30  20.24  26.66  
91920  19.61  23.55  18.77  29.47  21.23  22.89  19.73  24.40  20.13  27.42  
91921  19.91  23.49  18.70  29.29  21.04  22.40  20.18  24.55  20.12  26.68  
91922  19.53  23.27  19.11  29.46  20.84  22.06  19.18  24.24  19.91  26.65  
91923  19.29  23.15  19.45  29.86  21.14  22.62  20.09  24.74  20.10  26.35  
91924  20.03  23.76  18.80  29.29  21.07  22.24  19.56  23.88  19.82  27.32  
91925  20.50  23.52  19.25  29.94  20.45  22.14  19.72  24.33  20.23  26.54  
91926  19.84  23.66  19.57  29.60  21.42  22.85  19.78  24.47  20.29  27.15  
91927  19.41  23.43  19.39  29.69  20.61  23.58  19.31  25.12  20.34  26.49  
91928  19.53  23.30  18.89  29.34  21.51  22.63  19.26  23.99  19.83  26.42  
91929  19.96  23.87  18.99  28.77  20.84  22.88  19.09  23.95  20.40  26.21  
91930  19.86  23.65  18.77  29.58  20.99  22.20  19.77  24.44  20.08  26.69  
91931  19.72  23.74  18.64  29.79  21.31  22.87  19.74  24.88  19.98  26.81  
91932  19.55  23.57  19.02  29.15  21.10  22.51  19.20  24.48  20.19  26.64  
91933  20.00  23.41  19.00  29.48  21.19  22.82  19.73  24.43  20.28  27.03  
91934  19.54  23.75  18.77  29.32  20.82  22.79  19.47  24.17  19.96  27.12  
91935  19.92  23.62  19.53  29.42  20.18  22.38  18.99  24.87  19.83  27.28  
91936  20.07  23.74  18.86  30.05  21.08  22.51  20.09  24.06  19.87  26.59  
91937  19.45  23.69  19.07  29.72  20.66  22.10  19.46  24.49  19.49  26.94  
91938  20.32  23.40  18.68  29.04  20.53  22.52  19.58  24.32  19.79  27.49  
91940  19.46  23.20  18.65  29.42  21.09  22.38  19.65  24.34  20.37  27.12  
91942  19.77  23.15  19.15  29.51  21.12  22.34  18.90  24.37  20.06  26.74  
91943  20.30  22.85  18.45  28.98  20.52  21.96  19.25  24.92  20.27  27.17  
91944  19.78  23.90  18.39  29.82  21.21  22.49  19.74  24.58  20.14  26.85  
91945  20.17  23.18  18.99  29.25  21.60  22.55  19.85  23.78  20.61  27.05  
91946  19.34  23.56  19.03  28.96  22.38  22.87  19.42  24.63  19.92  26.62  
91947  19.68  23.28  19.06  29.45  21.22  22.40  19.81  24.34  20.46  26.68  
91948  20.05  23.20  19.23  30.45  21.04  22.47  19.72  24.37  20.21  26.81  
91949  19.54  23.50  18.95  28.58  20.96  22.38  19.60  24.01  20.04  26.16  
91950  19.58  23.03  19.01  29.47  20.61  22.63  19.57  24.99  20.10  27.06  
91951  19.83  22.87  19.14  29.55  21.16  22.82  20.10  24.59  19.99  26.54  
91952  19.82  23.72  18.89  29.23  20.94  22.51  19.05  23.55  20.14  26.61  
91953  20.08  23.31  18.74  29.43  21.25  22.75  19.32  25.26  19.86  27.20  
91954  19.53  23.19  19.24  29.29  21.28  22.33  19.40  24.65  19.84  26.36  
91956  19.66  23.69  19.03  29.49  21.44  22.42  19.94  24.30  20.11  26.76  
91957  19.90  23.03  19.06  29.46  21.36  22.47  20.49  24.71  19.70  27.08  
91958  19.87  24.03  19.15  29.63  20.75  22.96  19.51  24.95  20.38  26.84  
91959  19.90  22.74  19.45  29.14  21.77  22.61  19.79  24.52  19.76  26.88  
91960  19.94  22.93  18.73  29.43  20.73  23.01  19.84  25.00  20.55  26.86  
91961  19.75  23.83  19.24  28.98  21.50  23.37  19.80  23.85  19.99  26.63  
91962  19.67  23.04  19.09  29.51  20.73  22.43  19.39  23.80  19.86  27.53  
91963  20.29  23.40  19.01  29.46  20.64  22.70  19.38  24.50  20.09  27.41  
91964  20.04  23.48  18.89  29.26  21.12  22.79  19.74  24.48  19.57  27.04  
91965  19.73  23.11  18.91  29.37  21.75  22.71  19.75  24.61  20.32  27.34  
91966  19.55  23.28  18.89  30.49  20.58  22.58  19.42  24.19  20.29  26.53  
91967  20.02  23.71  18.62  29.43  21.48  22.46  20.40  24.68  20.22  26.27  
91968  20.58  23.17  19.24  29.37  20.99  23.03  19.28  24.66  19.62  26.56  
91969  19.81  23.74  19.12  29.27  21.02  22.40  19.32  23.97  20.62  27.31  
91971  19.78  23.72  19.12  29.79  20.64  22.76  19.73  25.03  19.90  26.85  
91972  19.57  23.05  18.93  30.00  20.85  23.05  19.44  24.18  20.02  27.52  
91973  19.93  23.27  19.44  30.15  21.21  23.29  19.27  24.30  20.71  27.15  
91975  19.40  23.67  19.16  29.52  21.25  22.91  19.35  24.16  19.35  27.58  
91976  19.52  23.60  18.89  29.34  21.22  23.21  19.97  24.30  19.93  26.83  
91978  20.13  23.95  19.43  29.57  20.71  22.83  20.13  23.98  20.00  27.01  
91979  19.79  23.43  19.19  29.66  21.30  22.47  19.64  24.76  20.07  27.25  
91980  19.89  23.65  18.98  30.24  21.05  22.79  19.43  23.96  19.93  27.37  
91981  20.12  23.05  19.26  29.40  20.89  23.30  19.63  24.24  20.20  27.42  
91982  20.11  23.59  19.23  30.24  21.80  22.77  20.16  24.62  20.39  27.71  
91985  19.80  24.00  18.96  30.65  21.17  23.01  19.89  24.66  20.09  27.86  
91986  20.22  23.21  19.87  30.52  21.11  23.18  19.93  24.25  20.70  27.96  
91988  19.64  23.38  18.86  29.77  20.95  23.25  19.92  24.33  20.19  27.51  
91990  20.14  23.96  19.01  29.73  20.96  22.77  19.74  24.40  20.24  27.15  
91991  19.86  23.52  18.89  29.42  20.89  22.59  19.93  24.32  20.56  26.99  
91992  20.24  23.32  18.86  30.00  20.73  22.62  19.36  23.21  20.21  27.16  
91993  20.12  23.65  19.01  29.43  21.12  22.92  20.17  24.32  19.96  26.32  
91994  20.25  22.49  19.29  28.58  21.99  22.78  20.44  24.37  20.02  26.72  
91997  19.79  23.13  19.16  29.38  21.29  22.75  19.47  24.00  20.05  26.81  
91998  19.84  23.63  19.27  29.35  21.38  22.77  20.19  24.43  20.00  27.06  
91999  20.05  23.02  19.32  29.29  21.00  22.79  19.84  25.19  20.07  27.67  
92000  19.49  23.41  19.29  29.42  21.01  22.43  19.83  23.78  20.47  26.31  
92001  20.04  23.06  19.23  30.07  21.29  22.78  19.42  24.06  20.34  26.44  
92002  20.12  22.81  18.53  28.90  20.60  22.69  19.91  24.14  19.95  27.55  
92004  19.77  23.31  19.01  29.38  20.96  22.15  19.75  23.76  19.92  27.02  
92005  20.03  23.33  19.22  29.29  21.38  22.52  19.35  24.39  20.28  26.78  
92006  19.93  23.26  18.96  29.94  20.43  23.04  20.05  24.03  20.39  26.58  
92007  20.11  23.31  19.22  29.04  21.06  22.49  20.13  24.78  19.81  27.34  
92008  20.00  23.53  18.88  29.37  21.03  22.02  19.70  24.10  19.54  25.94  
92009  19.87  23.08  19.09  29.55  21.88  22.52  19.26  23.43  20.08  26.37  
92010  19.94  22.40  19.34  28.58  20.87  22.35  19.75  23.44  20.27  26.28  
92012  20.47  23.54  18.97  29.31  20.44  22.71  19.89  24.42  20.59  27.17  
92013  19.62  23.45  18.76  29.46  21.09  22.90  19.58  24.17  19.87  26.71  
92014  19.91  23.65  19.29  29.38  21.24  23.36  19.85  24.03  19.31  28.38  
92015  19.35  23.72  19.43  29.50  20.90  22.71  19.98  24.26  19.87  27.21  
92016  20.27  22.99  19.09  29.67  21.16  22.81  19.99  23.52  19.67  26.91  
92017  20.41  23.90  19.31  29.40  20.83  23.23  19.84  23.85  20.33  26.85  
92018  19.84  23.19  19.51  29.30  21.05  22.76  20.11  24.30  20.33  27.02  
92019  19.80  23.00  19.39  29.82  21.03  23.25  20.02  24.16  19.98  26.87  
90635  18.87  21.92  18.05  27.56  20.22  21.74  18.96  23.11  18.84  25.23  
90635  18.87  21.92  18.05  27.56  20.22  21.74  18.96  23.11  18.84  25.23  
90635  18.87  21.92  18.05  27.56  20.22  21.74  18.96  23.11  18.84  25.23  
