nrun   s0l     s0r     flag
90837  892.89  902.28  0
90838  901.02  908.22  0
90839  894.99  901.22  0
90840  909.98  899.07  0
90841  875.60  887.11  0
90843  908.73  906.50  0
90844  890.08  881.64  0
90849  909.77  897.96  0
90850  908.60  896.78  0
90851  907.00  898.17  0
90852  906.82  898.58  0
90853  905.58  897.83  0
90854  906.67  894.60  0
90855  907.64  895.35  0
90856  909.57  895.39  0
90857  907.12  894.83  0
90859  909.85  895.76  0
90861  907.32  897.91  0
90862  910.07  897.75  0
90863  908.45  894.11  0
90864  911.81  893.96  0
90865  906.64  892.02  0
90866  909.61  886.27  0
90867  907.62  889.69  0
90868  906.94  892.59  0
90869  910.90  894.12  0
90870  909.41  892.90  0
90871  906.70  891.93  0
90872  911.86  905.64  0
90873  907.30  890.89  0
90874  907.95  885.99  0
90875  910.40  880.97  0
90876  909.85  876.43  0
90877  911.56  874.71  0
90878  909.74  876.17  0
90879  916.81  950.56  0
90880  883.62  922.04  0
90883  887.24  914.03  0
90884  861.99  940.22  0
90885  867.14  879.94  0
90886  870.47  903.46  0
90887  871.30  900.91  0
90891  872.90  928.77  0
90895  863.99  935.53  0
90896  874.87  898.51  0
90898  898.22  898.23  0
90899  866.52  912.12  0
90900  868.23  920.41  0
90901  847.39  889.71  0
90902  865.48  894.82  0
90903  885.12  902.07  0
90904  870.96  899.51  0
90905  869.33  871.89  0
90906  873.24  903.06  0
90907  888.14  912.50  0
90908  862.04  895.73  0
90909  879.03  927.55  0
90910  880.87  908.17  0
90911  866.74  894.03  0
90912  859.49  902.75  0
90913  901.35  893.00  0
90914  870.26  924.30  0
90915  901.63  887.73  0
90916  907.20  934.95  0
90919  872.27  894.52  0
90920  871.90  886.49  0
90921  883.05  846.62  0
90922  861.50  917.30  0
90923  877.40  870.36  0
90924  874.59  921.89  0
90925  852.81  898.76  0
90926  835.50  900.69  0
90930  868.34  894.66  0
90931  871.20  920.33  0
90932  873.30  889.72  0
90935  864.04  897.59  0
90940  885.47  885.49  0
90941  827.40  868.36  0
90943  886.30  897.34  0
90944  916.17  879.07  0
90945  882.93  889.81  0
90946  888.18  909.40  0
90947  874.85  923.58  0
90948  862.05  895.75  0
90949  884.73  901.67  0
90950  881.52  897.44  0
90951  886.02  911.56  0
90952  884.56  902.82  0
90953  889.84  916.28  0
90955  888.20  898.29  0
90956  875.34  888.75  0
90957  875.80  913.20  0
90958  883.96  918.54  0
90959  872.21  921.66  0
90960  871.07  907.65  0
90961  880.05  829.02  0
90962  874.09  912.41  0
90967  876.43  904.01  0
90968  890.68  861.09  0
90969  886.54  901.08  0
90970  878.52  912.44  0
90971  871.85  909.42  0
90972  867.83  880.07  0
90973  859.75  882.43  0
90974  868.77  904.63  0
90975  870.21  893.02  0
90976  855.58  851.17  0
90977  885.92  872.00  0
90979  916.34  953.55  0
90981  884.68  891.77  0
90982  887.80  914.45  0
90983  872.79  879.61  0
90984  876.12  892.29  0
90985  879.16  894.58  0
90988  875.94  879.27  0
90989  862.55  869.41  0
90990  892.12  881.12  0
90991  910.97  909.40  0
90992  855.37  924.83  0
90993  875.60  930.54  0
90995  908.11  893.35  0
90999  870.48  923.46  0
91000  865.46  849.56  0
91001  875.11  871.43  0
91002  869.14  880.00  0
91003  871.81  837.07  0
91004  869.29  903.16  0
91005  866.64  902.58  0
91006  905.03  902.99  0
91007  890.69  904.64  0
91008  878.72  899.75  0
91009  879.09  877.40  0
91010  876.82  880.50  0
91011  854.61  898.32  0
91012  884.22  883.36  0
91013  864.84  894.48  0
91014  878.80  861.85  0
91015  903.21  886.37  0
91017  868.01  889.10  0
91018  875.66  892.91  0
91019  875.41  920.42  0
91021  884.91  892.83  0
91025  871.18  880.40  0
91026  870.12  886.22  0
91027  865.74  899.69  0
91028  873.95  906.51  0
91029  871.28  910.85  0
91030  853.88  881.41  0
91031  877.74  906.10  0
91032  912.97  903.84  0
91033  883.99  859.88  0
91034  889.50  899.83  0
91035  880.69  881.42  0
91036  872.58  880.73  0
91037  896.54  884.80  0
91038  880.68  866.65  0
91039  863.47  884.27  0
91042  877.47  865.83  0
91043  880.90  900.15  0
91056  875.58  875.21  0
91058  770.06  828.67  0
91059  870.04  877.00  0
91060  880.30  865.67  0
91061  852.40  884.97  0
91062  888.57  881.12  0
91063  900.86  871.01  0
91064  902.33  883.03  0
91065  876.80  875.77  0
91066  876.08  836.73  0
91067  878.74  894.13  0
91068  864.85  915.49  0
91069  895.35  856.88  0
91070  885.18  834.88  0
91071  871.76  849.36  0
91072  884.91  894.01  0
91073  881.19  882.60  0
91074  882.37  885.10  0
91075  898.73  881.32  0
91076  906.98  900.06  0
91077  851.72  869.20  0
91078  865.32  882.93  0
91079  878.48  874.67  0
91080  872.01  867.76  0
91081  872.14  868.90  0
91082  890.11  857.18  0
91083  875.20  613.29  1
91084  889.68  858.12  0
91085  869.68  864.82  0
91086  868.90  867.11  0
91087  871.96  849.30  0
91088  891.91  883.95  0
91089  889.88  882.62  0
91091  937.73  921.35  0
91093  909.03  907.34  0
91094  856.69  871.28  0
91095  900.80  872.17  0
91096  883.02  853.15  0
91097  868.04  867.88  0
91098  893.53  869.38  0
91099  889.90  867.07  0
91100  876.04  839.74  0
91102  923.03  889.25  0
91103  870.29  873.34  0
91104  855.99  883.25  0
91105  870.63  869.48  0
91106  864.92  881.13  0
91110  871.95  892.40  0
91111  871.15  906.73  0
91113  885.80  861.41  0
91114  891.70  886.07  0
91115  883.80  859.87  0
91116  886.04  843.45  0
91118  870.68  857.27  0
91120  884.65  881.13  0
91122  926.77  749.71  0
91124  913.14  904.60  0
91126  878.89  866.75  0
91127  893.45  861.27  0
91130  886.19  894.49  0
91131  897.09  852.25  0
91132  913.32  853.07  0
91134  909.30  912.03  0
91135  920.98  910.70  0
91137  924.88  852.67  0
91140  908.67  859.36  0
91142  880.53  858.05  0
91143  884.77  873.41  0
91144  858.50  841.66  0
91146  885.74  871.50  0
91147  875.33  862.56  0
91151  911.91  892.72  0
91152  877.63  859.86  0
91163  863.26  902.50  0
91164  863.90  844.72  0
91165  867.32  865.26  0
91166  881.24  659.57  1
91167  869.59  917.05  0
91168  887.05  913.93  0
91169  871.61  882.34  0
91170  876.16  865.03  0
91171  866.08  841.47  0
91172  872.25  875.67  0
91173  877.64  874.73  0
91174  874.57  876.58  0
91177  904.80  854.18  0
91178  886.60  874.50  0
91179  877.70  849.05  0
91182  881.56  864.21  0
91183  888.45  856.74  0
91184  881.61  874.22  0
91185  877.79  858.99  0
91193  876.60  841.30  0
91194  873.43  860.82  0
91195  871.03  866.43  0
91196  874.88  881.93  0
91197  894.41  867.12  0
91198  893.40  878.79  0
91199  876.09  833.10  0
91200  877.22  888.16  0
91208  904.25  901.57  0
91209  908.56  875.50  0
91210  914.86  917.73  0
91211  904.93  894.64  0
91212  920.65  907.38  0
91213  905.46  893.37  0
91218  895.89  845.42  0
91219  934.88  890.43  0
91220  867.68  842.06  0
91221  881.94  850.91  0
91222  905.59  880.79  0
91223  880.87  885.91  0
91224  870.99  847.58  0
91225  883.79  847.35  0
91226  851.74  849.22  0
91227  875.27  846.98  0
91228  886.89  849.06  0
91229  861.88  857.78  0
91230  879.40  836.64  0
91231  900.17  901.78  0
91232  860.11  860.04  0
91233  858.42  872.76  0
91234  906.39  833.70  0
91235  878.25  850.36  0
91236  886.60  842.33  0
91237  892.14  835.30  0
91238  891.34  852.82  0
91239  869.95  858.27  0
91240  855.59  827.76  0
91241  865.13  847.15  0
91242  896.44  698.01  1
91244  893.44  827.45  0
91245  879.01  861.46  0
91246  879.29  867.28  0
91247  933.92  848.47  0
91248  876.03  852.41  0
91249  877.47  855.47  0
91250  892.28  855.57  0
91251  872.29  847.41  0
91252  887.80  835.54  0
91253  892.78  857.69  0
91254  890.00  829.46  0
91255  874.62  883.78  0
91256  861.96  867.62  0
91258  883.51  842.90  0
91260  890.68  837.97  0
91261  876.65  867.85  0
91263  871.76  877.41  0
91264  889.09  854.89  0
91265  884.43  859.51  0
91266  896.93  888.28  0
91267  903.34  883.18  0
91268  885.71  842.84  0
91269  890.75  873.52  0
91270  874.27  876.47  0
91271  875.21  908.45  0
91275  908.23  873.52  0
91277  920.95  902.34  0
91278  914.99  949.12  0
91279  913.40  859.76  0
91280  879.23  909.02  0
91283  896.12  878.62  0
91284  868.96  863.35  0
91285  888.95  858.44  0
91286  878.89  894.93  0
91287  890.73  844.53  0
91288  883.44  885.11  0
91289  892.92  881.79  0
91290  893.73  831.05  0
91291  861.76  859.46  0
91292  875.00  875.15  0
91293  865.31  859.43  0
91294  887.16  843.12  0
91295  913.57  845.07  0
91296  865.26  850.06  0
91297  886.06  881.54  0
91298  867.86  867.09  0
91299  883.54  850.07  0
91300  880.71  883.03  0
91302  887.70  863.41  0
91303  885.02  860.70  0
91304  864.08  884.18  0
91305  881.32  864.54  0
91306  895.29  860.96  0
91307  876.91  874.51  0
91308  865.94  858.30  0
91309  888.07  860.91  0
91310  896.36  849.93  0
91311  908.20  831.77  0
91313  861.69  871.15  0
91314  868.72  874.09  0
91315  891.78  892.25  0
91316  873.71  852.82  0
91317  875.37  862.71  0
91318  881.34  863.29  0
91319  889.23  862.34  0
91320  874.77  861.00  0
91321  878.51  867.57  0
91322  891.52  878.06  0
91323  879.74  864.90  0
91324  889.29  868.39  0
91325  869.78  886.32  0
91326  878.70  904.37  0
91327  859.52  907.54  0
91328  864.52  921.38  0
91330  912.93  892.23  0
91331  895.10  854.46  0
91332  888.73  837.94  0
91333  871.04  684.92  1
91334  868.15  840.06  0
91335  865.20  834.96  0
91338  898.35  885.91  0
91341  869.62  829.07  0
91342  886.28  855.76  0
91343  878.87  864.01  0
91344  894.79  851.97  0
91345  897.70  863.15  0
91346  908.42  861.63  0
91347  896.79  850.14  0
91348  869.34  845.93  0
91355  871.18  842.36  0
91356  887.50  877.51  0
91357  881.41  859.01  0
91358  877.40  853.29  0
91359  866.57  876.84  0
91360  882.27  902.75  0
91361  868.34  872.82  0
91362  884.96  848.26  0
91363  872.26  854.76  0
91364  880.73  869.68  0
91365  866.25  879.31  0
91366  880.34  864.12  0
91367  891.06  898.40  0
91368  859.60  872.17  0
91369  879.59  881.20  0
91370  885.50  870.75  0
91371  875.72  876.21  0
91372  862.49  836.87  0
91373  878.78  833.62  0
91374  869.46  865.99  0
91375  885.27  868.32  0
91376  864.78  866.64  0
91377  863.05  848.06  0
91379  846.32  848.31  0
91380  870.76  874.08  0
91381  874.69  872.31  0
91382  887.84  860.51  0
91383  866.67  866.75  0
91384  883.11  863.44  0
91385  870.14  835.42  0
91386  873.78  874.68  0
91387  869.61  886.16  0
91388  873.06  857.64  0
91389  887.13  888.31  0
91390  869.19  681.35  1
91391  883.20  859.47  0
91392  860.06  856.02  0
91393  872.29  866.93  0
91394  886.11  844.17  0
91395  874.46  851.24  0
91396  863.32  850.09  0
91397  877.81  855.82  0
91399  854.63  865.20  0
91400  860.77  860.00  0
91401  879.55  860.38  0
91402  862.05  847.56  0
91403  858.40  872.28  0
91404  886.31  876.90  0
91405  890.21  833.35  0
91406  886.36  819.77  0
91408  870.30  674.88  1
91409  894.27  844.10  0
91410  875.70  881.94  0
91411  869.94  855.25  0
91412  882.15  839.83  0
91413  842.65  831.18  0
91414  856.62  894.37  0
91415  871.35  879.26  0
91416  854.66  852.51  0
91417  890.21  882.85  0
91418  870.21  867.35  0
91419  880.27  881.99  0
91420  873.16  855.78  0
91421  891.44  854.71  0
91422  868.22  840.51  0
91423  885.67  837.52  0
91424  884.77  843.64  0
91425  873.18  845.14  0
91426  867.85  866.83  0
91427  871.20  844.29  0
91428  844.88  876.15  0
91429  873.78  882.07  0
91430  868.75  848.92  0
91431  854.62  883.56  0
91432  860.15  860.37  0
91433  852.76  857.62  0
91434  863.43  830.51  0
91435  860.42  822.32  0
91436  859.66  881.94  0
91437  863.11  841.58  0
91438  860.85  846.68  0
91439  868.16  856.61  0
91440  879.44  862.55  0
91441  874.17  859.10  0
91442  863.21  890.97  0
91443  882.28  886.31  0
91444  848.24  859.01  0
91445  864.80  860.78  0
91446  893.22  855.00  0
91447  886.36  883.03  0
91448  872.53  861.47  0
91449  876.43  891.88  0
91450  877.89  866.93  0
91451  871.94  902.82  0
91452  859.71  870.13  0
91453  879.18  866.14  0
91454  881.93  867.90  0
91455  874.71  886.03  0
91456  879.88  845.94  0
91457  899.82  880.71  0
91458  856.41  836.10  0
91459  878.18  853.45  0
91460  860.16  865.98  0
91461  857.00  834.58  0
91462  876.05  881.98  0
91463  889.70  880.24  0
91467  872.47  825.73  0
91468  875.43  850.23  0
91469  864.86  852.15  0
91470  875.06  851.33  0
91471  860.15  625.29  1
91472  885.41  849.19  0
91473  869.30  859.80  0
91474  868.01  859.35  0
91475  858.54  853.75  0
91476  889.81  860.71  0
91477  873.47  858.78  0
91478  879.59  846.80  0
91479  854.50  863.14  0
91480  866.44  841.98  0
91481  874.31  847.02  0
91482  857.31  840.39  0
91483  860.23  861.59  0
91484  882.32  866.05  0
91485  872.71  840.98  0
91486  881.64  965.46  0
91487  874.98  846.17  0
91488  872.62  866.12  0
91489  861.45  866.12  0
91490  882.57  854.64  0
91491  874.86  846.55  0
91492  868.77  841.71  0
91493  851.14  832.76  0
91494  867.04  851.15  0
91495  853.43  828.98  0
91496  894.31  849.45  0
91497  869.58  836.49  0
91498  860.05  848.87  0
91499  863.90  847.56  0
91500  883.49  862.64  0
91501  880.23  845.42  0
91502  860.81  845.24  0
91503  857.10  863.50  0
91504  862.20  867.49  0
91505  857.42  859.09  0
91507  857.00  843.49  0
91508  895.86  860.03  0
91509  877.47  839.80  0
91510  875.95  846.25  0
91511  858.46  826.08  0
91512  857.95  864.62  0
91513  873.84  865.11  0
91514  865.71  845.12  0
91515  867.78  848.88  0
91516  877.11  885.04  0
91517  882.66  851.90  0
91518  876.86  849.93  0
91519  888.09  884.10  0
91520  886.50  882.71  0
91521  865.29  879.46  0
91522  862.49  829.15  0
91523  873.11  854.33  0
91524  879.38  875.85  0
91525  880.51  830.58  0
91526  865.19  847.90  0
91527  882.33  873.19  0
91531  897.35  860.61  0
91532  850.91  856.71  0
91533  874.81  883.60  0
91534  883.84  857.17  0
91535  866.88  856.35  0
91536  869.17  843.27  0
91537  886.65  851.43  0
91538  865.46  836.07  0
91539  859.61  860.30  0
91540  876.46  590.01  1
91541  882.62  857.70  0
91542  869.93  862.60  0
91543  869.06  895.64  0
91544  861.59  842.91  0
91546  855.03  847.11  0
91547  876.03  827.33  0
91548  868.86  842.74  0
91549  855.98  841.08  0
91550  879.90  831.12  0
91551  876.24  851.41  0
91552  868.77  862.08  0
91554  867.01  853.23  0
91555  861.30  868.41  0
91556  872.04  856.67  0
91557  893.37  843.97  0
91558  884.24  854.37  0
91559  877.72  861.47  0
91561  880.08  838.28  0
91562  860.30  862.20  0
91563  880.62  842.44  0
91564  855.16  862.76  0
91565  882.68  857.46  0
91566  881.19  855.92  0
91567  865.90  829.84  0
91568  880.80  859.56  0
91569  868.66  868.34  0
91570  868.36  825.63  0
91571  888.63  875.80  0
91572  869.89  855.12  0
91573  892.75  877.18  0
91574  887.93  830.53  0
91575  860.59  855.73  0
91576  881.28  851.58  0
91577  852.88  832.02  0
91578  866.49  871.11  0
91579  882.09  851.11  0
91590  852.38  779.67  0
91591  894.17  834.42  0
91593  880.10  834.48  0
91594  886.36  827.27  0
91595  882.78  825.78  0
91596  882.75  826.58  0
91601  872.32  831.93  0
91602  867.78  797.89  0
91603  846.82  802.34  0
91604  899.58  810.43  0
91605  884.44  -2621.90  1
91606  913.73  828.88  0
91607  890.34  628.96  1
91608  897.42  822.13  0
91609  869.64  842.35  0
91610  902.49  840.51  0
91611  904.96  645.08  1
91612  885.54  821.97  0
91614  903.84  831.83  0
91615  914.13  823.58  0
91616  901.54  828.88  0
91617  888.11  807.64  0
91618  887.17  809.62  0
91619  887.54  801.23  0
91620  886.22  802.10  0
91621  884.05  813.19  0
91622  885.93  810.23  0
91623  883.71  811.51  0
91624  885.40  812.43  0
91625  901.38  786.71  0
91626  901.12  791.58  0
91627  905.06  789.11  0
91628  901.93  785.40  0
91629  902.90  787.01  0
91630  909.16  791.97  0
91631  906.53  796.75  0
91632  905.09  795.63  0
91633  909.80  801.21  0
91634  903.51  793.84  0
91635  903.63  794.82  0
91636  903.10  791.75  0
91637  902.89  793.14  0
91638  898.13  794.02  0
91639  908.96  799.79  0
91640  914.67  795.24  0
91641  906.05  795.24  0
91642  897.73  792.59  0
91643  904.99  799.05  0
91644  886.65  791.14  0
91645  911.99  799.42  0
91646  896.95  793.47  0
91647  899.37  813.00  0
91648  903.35  806.25  0
91649  906.73  803.82  0
91650  901.85  806.18  0
91651  899.31  804.55  0
91655  880.74  846.31  0
91656  896.65  868.76  0
91657  876.54  847.52  0
91658  880.55  855.03  0
91659  879.50  839.18  0
91662  868.47  -1946.20  1
91663  891.85  862.51  0
91664  889.24  847.71  0
91665  874.81  858.23  0
91666  905.48  888.72  0
91667  885.57  817.55  0
91668  868.70  831.67  0
91671  905.14  591.60  1
91675  844.12  861.24  0
91676  875.93  270.55  1
91677  887.76  789.20  0
91680  934.92  777.76  0
91681  869.46  595.78  1
91682  888.07  836.32  0
91683  861.50  815.67  0
91684  898.65  851.39  0
91685  874.68  516.43  1
91686  871.71  823.52  0
91687  891.48  837.09  0
91688  870.09  623.29  1
91689  887.45  824.73  0
91690  859.62  810.40  0
91691  866.31  813.53  0
91692  892.05  797.86  0
91693  880.90  825.49  0
91694  896.94  821.75  0
91695  883.61  818.82  0
91712  -3015.69  682.47  1
91713  913.74  827.46  0
91726  882.63  659.04  1
91727  891.92  906.46  0
91737  882.71  838.42  0
91748  888.34  833.88  0
91751  871.62  811.92  0
91752  876.80  845.19  0
91756  872.43  647.18  1
91759  891.68  818.88  0
91760  866.74  814.66  0
91774  899.28  623.58  1
91775  886.73  827.36  0
91777  888.69  828.29  0
91779  886.68  823.05  0
91780  915.24  857.04  0
91786  862.19  839.95  0
91787  888.53  832.00  0
91788  878.11  809.16  0
91789  883.64  803.69  0
91790  875.34  798.17  0
91791  868.87  806.12  0
91792  876.99  822.47  0
91793  857.00  826.22  0
91794  878.48  852.54  0
91795  867.80  833.90  0
91796  882.23  842.57  0
91798  877.22  846.85  0
91799  883.04  825.04  0
91800  878.46  869.70  0
91801  879.26  836.03  0
91803  896.52  825.78  0
91804  865.96  843.64  0
91805  868.79  816.31  0
91806  867.26  836.98  0
91813  863.83  835.61  0
91814  880.86  845.37  0
91815  871.49  827.92  0
91816  883.18  831.32  0
91817  893.89  848.48  0
91818  875.76  856.67  0
91819  891.40  841.22  0
91820  866.30  816.87  0
91821  874.02  836.04  0
91822  897.01  818.05  0
91823  882.78  821.68  0
91824  887.35  858.35  0
91825  884.82  860.95  0
91830  878.40  876.35  0
91831  890.11  851.50  0
91832  863.71  844.90  0
91833  870.24  837.47  0
91834  874.56  189.00  1
91835  884.02  846.67  0
91836  884.10  842.42  0
91837  881.49  833.96  0
91838  880.99  828.25  0
91841  916.26  875.16  0
91843  869.42  809.98  0
91844  837.54  790.02  0
91845  896.14  801.33  0
91846  878.24  814.32  0
91847  876.78  824.20  0
91848  875.21  828.28  0
91849  854.27  812.17  0
91850  855.21  821.32  0
91851  863.86  639.48  1
91852  879.94  782.06  0
91855  835.98  539.69  1
91856  884.18  806.62  0
91860  922.94  885.77  0
91867  887.65  830.50  0
91868  896.60  698.64  1
91869  870.51  826.54  0
91871  896.97  831.13  0
91872  880.03  811.79  0
91873  884.36  820.01  0
91874  872.82  849.08  0
91875  872.60  840.88  0
91876  898.70  830.98  0
91877  881.86  843.30  0
91878  899.39  829.63  0
91879  925.27  845.83  0
91880  901.91  839.48  0
91881  862.18  806.40  0
91882  883.77  804.51  0
91883  885.59  813.32  0
91884  888.78  803.17  0
91886  883.23  507.11  1
91887  883.00  798.77  0
91888  876.45  838.38  0
91890  886.27  813.39  0
91893  885.41  813.65  0
91894  867.51  811.67  0
91895  887.31  819.82  0
91896  884.66  810.20  0
91897  885.97  839.90  0
91899  933.38  797.50  0
91900  918.70  819.36  0
91901  888.43  821.47  0
91903  875.19  660.94  1
91904  887.14  812.91  0
91905  868.90  800.90  0
91906  902.42  808.06  0
91907  888.05  844.29  0
91908  897.04  829.51  0
91910  -688.28  929.03  1
91911  914.69  -3857.93  1
91914  896.14  877.91  0
91917  875.53  834.48  0
91918  918.02  822.93  0
91919  873.78  813.56  0
91920  877.14  810.66  0
91921  875.67  788.71  0
91922  894.72  795.25  0
91923  876.42  811.75  0
91924  901.22  813.59  0
91925  885.42  811.94  0
91926  894.91  813.37  0
91927  900.83  814.20  0
91928  867.44  804.26  0
91929  883.98  685.66  1
91930  875.72  786.75  0
91931  887.77  664.35  1
91932  893.59  818.07  0
91933  896.13  819.35  0
91934  885.75  819.39  0
91935  875.69  812.07  0
91936  878.88  512.66  1
91937  887.51  824.15  0
91938  884.54  795.97  0
91940  879.36  826.28  0
91942  911.39  764.29  0
91943  901.80  816.88  0
91944  878.40  819.17  0
91945  864.13  -1533.46  1
91946  884.59  792.73  0
91947  864.63  798.71  0
91948  885.81  793.04  0
91949  875.30  814.02  0
91950  864.79  -1671.87  1
91951  869.04  796.47  0
91952  875.68  796.22  0
91953  863.92  821.92  0
91954  878.88  814.43  0
91956  879.60  843.91  0
91957  884.95  806.14  0
91958  906.41  808.77  0
91959  856.31  821.45  0
91960  882.02  809.00  0
91961  889.38  805.68  0
91962  872.24  799.49  0
91963  875.50  686.06  1
91964  875.97  815.86  0
91965  890.32  819.43  0
91966  874.11  818.08  0
91967  879.70  679.13  1
91968  875.61  815.73  0
91969  876.96  801.44  0
91971  915.06  875.99  0
91972  890.63  812.69  0
91973  865.28  -1024.92  1
91975  869.31  825.28  0
91976  873.12  807.74  0
91978  866.01  810.53  0
91979  873.57  808.89  0
91980  875.59  790.22  0
91981  878.30  698.68  1
91982  920.87  858.09  0
91985  870.36  -1521.50  1
91986  881.31  817.72  0
91988  875.00  819.74  0
91990  881.54  815.35  0
91991  885.43  816.39  0
91992  905.82  843.62  0
91993  902.23  810.75  0
91994  889.67  824.84  0
91997  870.45  818.18  0
91998  861.24  785.48  0
91999  877.12  580.11  1
92000  872.51  693.54  1
92001  874.25  820.08  0
92002  877.11  651.41  1
92004  881.48  576.69  1
92005  863.87  796.28  0
92006  875.04  799.21  0
92007  872.40  810.00  0
92008  861.89  773.86  0
92009  872.54  790.66  0
92010  865.73  810.05  0
92012  864.07  808.38  0
92013  867.94  826.43  0
92014  878.40  798.64  0
92015  878.04  817.43  0
92016  877.19  535.04  1
92017  870.19  779.84  0
92018  880.55  799.06  0
92019  863.06  806.98  0
