nrun   s0l    s0r
90837  -0.02  0.77  
90838  0.35  1.40  
90839  2.13  2.17  
90840  1.68  1.37  
90841  1.55  2.21  
90843  0.53  0.97  
90844  -1.77  1.25  
90849  1.05  1.59  
90850  1.30  1.46  
90851  0.61  1.18  
90852  0.77  0.68  
90853  0.73  1.06  
90854  1.50  0.70  
90855  0.65  0.96  
90856  1.58  1.00  
90857  0.95  1.01  
90859  0.59  1.87  
90861  -0.10  0.56  
90862  0.75  1.30  
90863  -0.03  0.92  
90864  0.82  0.55  
90865  1.07  0.89  
90866  -1.14  1.51  
90867  0.11  0.96  
90868  0.23  1.81  
90869  1.38  1.55  
90870  1.27  1.49  
90871  0.96  1.22  
90872  0.87  1.68  
90873  0.96  1.18  
90874  0.84  1.66  
90875  1.29  1.37  
90876  1.01  1.78  
90877  0.68  1.57  
90878  0.97  1.55  
90879  0.45  1.03  
90880  0.29  0.69  
90883  0.06  0.89  
90884  -0.20  0.58  
90885  0.44  0.45  
90886  -0.80  0.50  
90887  0.36  0.37  
90891  -0.33  0.40  
90895  -0.02  0.74  
90896  0.10  0.91  
90898  0.39  0.62  
90899  0.21  0.64  
90900  -0.20  0.86  
90901  0.55  0.76  
90902  0.40  0.68  
90903  0.87  0.77  
90904  -0.10  0.77  
90905  0.47  0.84  
90906  -0.01  0.71  
90907  0.15  0.74  
90908  -0.23  0.89  
90909  0.33  0.52  
90910  -0.02  0.78  
90911  0.01  0.37  
90912  0.19  0.68  
90913  0.01  0.73  
90914  0.28  0.68  
90915  -0.15  0.59  
90916  0.03  1.08  
90919  0.32  0.61  
90920  -0.42  0.70  
90921  -0.31  0.50  
90922  0.17  0.71  
90923  0.07  0.36  
90924  0.76  0.67  
90925  0.35  0.44  
90926  0.00  0.49  
90930  0.31  0.61  
90931  0.20  0.58  
90932  -0.03  0.84  
90935  0.23  0.60  
90940  0.23  0.95  
90941  0.44  0.46  
90943  0.94  0.80  
90944  0.39  0.77  
90945  -0.25  0.83  
90946  0.27  0.71  
90947  0.63  0.57  
90948  0.10  0.83  
90949  0.15  0.93  
90950  -0.13  0.49  
90951  0.15  0.73  
90952  0.51  0.85  
90953  -0.18  0.69  
90955  0.21  0.57  
90956  -0.20  0.68  
90957  -0.15  1.48  
90958  0.15  0.53  
90959  -0.04  0.53  
90960  0.24  0.74  
90961  0.09  0.48  
90962  0.51  0.68  
90967  0.36  0.68  
90968  -0.07  0.53  
90969  0.40  0.47  
90970  0.42  0.41  
90971  0.12  0.80  
90972  0.16  0.22  
90973  -0.01  1.17  
90974  0.28  0.86  
90975  0.06  0.46  
90976  0.09  0.73  
90977  0.23  0.70  
90979  -0.06  0.94  
90981  -0.11  0.80  
90982  0.50  0.67  
90983  0.17  0.69  
90984  0.05  0.51  
90985  -0.01  0.60  
90988  0.18  0.55  
90989  0.29  0.83  
90990  -0.16  0.91  
90991  0.22  1.17  
90992  0.21  0.77  
90993  -0.01  0.77  
90995  0.80  1.22  
90999  0.61  0.77  
91000  -0.06  0.31  
91001  0.34  0.14  
91002  0.22  0.63  
91003  0.17  0.91  
91004  -0.02  0.44  
91005  -0.21  0.67  
91006  -0.08  0.56  
91007  0.07  0.63  
91008  0.34  0.69  
91009  -0.07  0.55  
91010  -0.02  0.41  
91011  -0.05  0.83  
91012  0.19  0.89  
91013  0.30  0.89  
91014  0.58  0.80  
91015  -0.04  0.61  
91017  0.34  0.64  
91018  0.38  0.62  
91019  0.47  0.80  
91021  0.47  0.63  
91025  0.38  0.93  
91026  0.42  0.65  
91027  0.39  0.93  
91028  0.21  0.93  
91029  0.07  0.73  
91030  0.10  0.63  
91031  0.46  0.53  
91032  0.21  0.72  
91033  -0.43  0.60  
91034  0.34  0.72  
91035  -0.19  0.46  
91036  -0.03  0.82  
91037  -0.06  0.43  
91038  0.53  0.74  
91039  0.03  0.81  
91042  0.53  0.63  
91043  -0.12  0.73  
91056  0.30  0.87  
91058  0.06  0.97  
91059  0.25  0.63  
91060  0.09  0.46  
91061  -0.04  0.82  
91062  -0.08  0.13  
91063  -0.06  1.04  
91064  -0.18  0.55  
91065  0.39  0.64  
91066  -0.28  1.17  
91067  0.20  0.74  
91068  0.27  0.59  
91069  -0.14  0.63  
91070  -0.25  0.65  
91071  0.29  1.22  
91072  -0.37  0.51  
91073  0.33  0.47  
91074  0.42  0.66  
91075  0.10  0.63  
91076  -0.70  1.04  
91077  0.25  0.26  
91078  0.22  0.47  
91079  0.22  0.55  
91080  0.29  0.60  
91081  -0.10  0.47  
91082  -0.24  0.54  
91083  -0.27  0.47  
91084  0.35  0.73  
91085  0.24  0.83  
91086  0.22  0.58  
91087  0.28  0.77  
91088  0.31  0.64  
91089  0.04  0.79  
91091  0.33  0.99  
91093  0.32  0.39  
91094  0.11  0.64  
91095  0.11  0.90  
91096  -0.19  0.78  
91097  0.06  0.67  
91098  0.57  0.82  
91099  0.05  0.36  
91100  -0.16  0.99  
91102  -0.02  0.64  
91103  -0.07  0.94  
91104  0.08  0.86  
91105  0.13  0.85  
91106  0.33  0.57  
91110  0.25  0.43  
91111  0.07  0.50  
91113  0.74  0.55  
91114  -0.11  0.45  
91115  0.44  0.23  
91116  0.53  0.43  
91118  -0.15  0.78  
91120  -0.01  0.60  
91122  0.08  0.79  
91124  0.43  0.56  
91126  -0.09  0.45  
91127  -0.68  0.97  
91130  0.19  0.83  
91131  -0.03  0.73  
91132  0.01  1.14  
91134  1.24  0.82  
91135  0.36  0.91  
91137  0.31  0.57  
91140  -0.02  1.01  
91142  0.36  0.70  
91143  -0.22  0.95  
91144  -0.38  0.60  
91146  0.37  0.70  
91147  0.03  0.67  
91151  0.02  0.59  
91152  0.28  0.81  
91163  -0.01  0.56  
91164  0.45  0.57  
91165  0.22  0.27  
91166  0.44  0.64  
91167  -0.10  0.70  
91168  0.56  0.60  
91169  0.18  0.78  
91170  0.08  0.67  
91171  0.16  0.88  
91172  0.28  0.70  
91173  -0.00  0.74  
91174  -0.08  0.46  
91177  0.30  0.86  
91178  -0.56  0.95  
91179  0.12  0.55  
91182  0.36  0.49  
91183  -0.03  0.84  
91184  0.08  0.71  
91185  -0.03  0.76  
91193  0.31  0.48  
91194  0.12  0.76  
91195  -0.08  0.66  
91196  -0.23  0.96  
91197  0.47  0.58  
91198  -0.21  0.61  
91199  0.27  1.27  
91200  -0.00  0.72  
91208  0.53  1.29  
91209  0.44  1.09  
91210  0.79  1.06  
91211  0.65  0.96  
91212  0.72  0.75  
91213  0.83  0.95  
91218  -0.00  0.82  
91219  0.53  1.04  
91220  0.19  0.65  
91221  0.64  0.43  
91222  0.46  0.69  
91223  0.69  0.31  
91224  0.36  0.55  
91225  0.73  0.36  
91226  -0.18  0.44  
91227  0.37  0.96  
91228  0.61  0.50  
91229  0.94  0.68  
91230  0.79  0.73  
91231  0.13  0.43  
91232  0.19  0.76  
91233  0.68  0.53  
91234  0.61  0.65  
91235  0.78  0.63  
91236  0.40  0.78  
91237  0.95  0.99  
91238  0.47  0.49  
91239  0.37  0.86  
91240  0.66  0.64  
91241  0.16  0.76  
91242  0.26  1.00  
91244  0.76  0.70  
91245  0.86  0.92  
91246  0.02  0.75  
91247  0.55  0.70  
91248  1.11  0.37  
91249  0.40  0.44  
91250  0.65  1.00  
91251  0.47  0.55  
91252  0.77  0.62  
91253  0.27  0.72  
91254  0.55  0.60  
91255  0.31  0.71  
91256  0.34  0.65  
91258  0.26  0.78  
91260  0.36  1.12  
91261  0.56  0.71  
91263  0.72  0.62  
91264  0.60  0.90  
91265  0.63  0.57  
91266  0.21  0.78  
91267  0.23  0.61  
91268  1.03  0.55  
91269  0.13  1.10  
91270  0.15  1.19  
91271  0.74  0.26  
91275  1.16  0.92  
91277  1.03  0.91  
91278  0.84  0.73  
91279  0.34  1.06  
91280  0.38  0.81  
91283  0.58  1.05  
91284  0.66  0.98  
91285  0.39  0.94  
91286  0.63  0.77  
91287  0.51  1.18  
91288  0.61  0.94  
91289  0.60  0.88  
91290  0.37  0.83  
91291  0.71  1.02  
91292  0.66  0.51  
91293  0.42  0.89  
91294  0.59  0.62  
91295  0.60  0.96  
91296  0.42  0.57  
91297  0.57  0.46  
91298  0.08  0.34  
91299  0.29  0.82  
91300  0.41  0.56  
91302  0.76  0.71  
91303  0.24  0.62  
91304  0.07  0.78  
91305  0.10  0.52  
91306  0.19  0.40  
91307  0.67  0.94  
91308  0.53  0.41  
91309  0.37  0.85  
91310  0.37  0.76  
91311  -0.50  0.66  
91313  0.53  0.81  
91314  0.71  0.99  
91315  -0.07  0.77  
91316  -0.23  0.87  
91317  -0.00  0.75  
91318  0.56  0.68  
91319  0.43  0.76  
91320  0.48  0.50  
91321  -0.07  0.91  
91322  0.49  0.73  
91323  0.39  0.60  
91324  0.48  0.72  
91325  -0.56  0.65  
91326  0.35  0.81  
91327  0.30  0.65  
91328  0.06  0.78  
91330  0.46  0.68  
91331  -0.15  0.66  
91332  -0.02  0.74  
91333  0.49  0.55  
91334  0.31  0.70  
91335  0.25  0.72  
91338  -0.05  1.28  
91341  0.35  1.00  
91342  0.18  0.99  
91343  0.27  0.78  
91344  0.33  0.82  
91345  0.63  0.85  
91346  0.23  0.63  
91347  0.33  1.27  
91348  0.68  0.61  
91355  0.06  0.69  
91356  0.24  0.73  
91357  0.46  0.79  
91358  0.34  0.78  
91359  0.57  0.05  
91360  0.09  0.46  
91361  0.09  0.75  
91362  0.19  0.27  
91363  0.47  0.79  
91364  0.10  0.73  
91365  0.84  0.60  
91366  0.12  0.68  
91367  0.22  0.87  
91368  0.05  0.66  
91369  -0.31  0.68  
91370  0.27  0.78  
91371  -0.12  0.60  
91372  0.52  0.42  
91373  0.92  0.26  
91374  0.99  0.90  
91375  0.77  0.43  
91376  0.72  0.58  
91377  -0.10  0.40  
91379  0.12  0.87  
91380  0.16  0.69  
91381  0.67  0.66  
91382  0.30  0.37  
91383  0.14  0.93  
91384  0.21  0.30  
91385  0.87  0.67  
91386  0.61  0.79  
91387  0.29  0.94  
91388  0.44  0.51  
91389  0.56  0.65  
91390  0.70  0.45  
91391  -0.04  0.88  
91392  0.60  0.59  
91393  -0.03  0.69  
91394  0.21  0.74  
91395  0.13  0.55  
91396  0.30  0.44  
91397  0.39  0.59  
91399  0.19  0.80  
91400  0.29  0.79  
91401  -0.10  0.53  
91402  -0.06  0.86  
91403  -0.21  0.35  
91404  0.10  0.30  
91405  0.30  0.61  
91406  0.55  0.43  
91408  1.02  0.72  
91409  0.50  0.80  
91410  -0.15  0.93  
91411  0.03  0.85  
91412  0.40  0.59  
91413  0.60  0.57  
91414  0.71  -0.03  
91415  0.48  0.59  
91416  0.24  0.86  
91417  0.26  0.81  
91418  0.77  0.67  
91419  0.85  0.79  
91420  0.67  0.48  
91421  0.61  0.55  
91422  0.01  0.35  
91423  -0.48  0.67  
91424  0.79  0.85  
91425  0.75  0.76  
91426  0.17  0.70  
91427  0.46  0.36  
91428  0.26  0.83  
91429  0.29  0.69  
91430  0.72  1.02  
91431  0.59  0.66  
91432  0.63  0.60  
91433  0.78  0.40  
91434  0.03  0.67  
91435  0.30  0.41  
91436  0.16  0.66  
91437  0.19  0.68  
91438  0.56  0.60  
91439  0.72  0.77  
91440  0.66  0.40  
91441  -0.18  0.68  
91442  0.25  0.52  
91443  0.22  0.75  
91444  0.60  0.94  
91445  0.18  0.43  
91446  0.68  0.24  
91447  0.36  0.94  
91448  0.44  0.55  
91449  0.23  0.85  
91450  0.56  0.87  
91451  -0.05  0.58  
91452  0.80  0.62  
91453  1.10  0.94  
91454  0.86  0.46  
91455  0.36  0.70  
91456  0.83  0.88  
91457  0.37  0.91  
91458  0.18  0.76  
91459  0.13  0.63  
91460  0.32  0.63  
91461  0.31  0.30  
91462  -0.07  1.10  
91463  -0.13  1.00  
91467  0.42  0.87  
91468  -0.21  0.90  
91469  -0.03  0.83  
91470  0.75  0.31  
91471  0.30  0.19  
91472  0.44  1.06  
91473  0.29  0.79  
91474  0.55  0.61  
91475  0.31  0.75  
91476  0.22  0.90  
91477  0.19  0.73  
91478  0.45  0.81  
91479  -0.02  1.24  
91480  -0.09  0.73  
91481  0.27  0.72  
91482  0.02  0.66  
91483  -0.48  0.44  
91484  0.31  0.81  
91485  -0.01  0.86  
91486  -0.37  1.32  
91487  0.39  1.00  
91488  0.34  0.48  
91489  -0.03  0.60  
91490  0.44  0.69  
91491  0.42  0.83  
91492  0.57  0.72  
91493  0.47  0.64  
91494  0.44  0.84  
91495  0.50  0.79  
91496  -0.25  0.56  
91497  0.41  0.66  
91498  0.10  0.82  
91499  0.33  0.84  
91500  0.79  0.95  
91501  -0.13  1.35  
91502  0.65  0.72  
91503  0.65  0.88  
91504  -0.04  0.74  
91505  0.09  0.63  
91507  0.43  0.83  
91508  0.60  0.46  
91509  -0.02  0.44  
91510  0.06  0.75  
91511  -0.08  0.93  
91512  -0.03  0.86  
91513  0.62  0.73  
91514  0.39  0.59  
91515  0.45  0.74  
91516  0.51  0.80  
91517  0.42  0.52  
91518  0.68  0.73  
91519  0.66  0.54  
91520  0.09  0.78  
91521  0.18  0.73  
91522  0.32  0.93  
91523  0.60  0.86  
91524  0.37  0.73  
91525  -0.04  0.90  
91526  0.20  1.05  
91527  0.25  0.58  
91531  0.08  0.84  
91532  0.15  0.89  
91533  -0.21  0.83  
91534  0.07  0.98  
91535  0.11  0.49  
91536  0.18  0.60  
91537  0.19  0.61  
91538  -0.11  0.77  
91539  -0.00  0.80  
91540  0.31  0.78  
91541  0.04  0.73  
91542  0.48  0.53  
91543  -0.30  0.82  
91544  0.35  0.75  
91546  0.24  0.10  
91547  -0.48  0.38  
91548  0.23  0.87  
91549  0.16  0.70  
91550  0.54  0.85  
91551  0.67  0.46  
91552  0.17  0.51  
91554  0.25  0.84  
91555  0.03  0.67  
91556  0.28  0.56  
91557  0.26  0.72  
91558  0.79  0.56  
91559  0.00  0.77  
91561  0.11  0.88  
91562  0.34  0.64  
91563  0.45  0.71  
91564  0.53  0.85  
91565  0.61  1.04  
91566  -0.25  0.97  
91567  -0.06  0.75  
91568  -0.02  0.87  
91569  -0.08  0.73  
91570  0.74  0.55  
91571  0.40  1.06  
91572  0.25  0.81  
91573  0.13  0.87  
91574  0.05  0.85  
91575  -0.39  0.78  
91576  0.30  0.82  
91577  -0.16  1.13  
91578  0.23  0.87  
91579  0.27  0.91  
91590  0.58  1.17  
91591  3.45  1.91  
91593  0.48  1.02  
91594  4.24  1.23  
91595  1.34  2.08  
91596  0.67  0.87  
91601  0.10  1.15  
91602  -0.04  1.52  
91603  0.42  0.85  
91604  0.34  1.78  
91605  0.08  1.12  
91606  0.83  0.89  
91607  0.47  0.06  
91608  -0.06  0.96  
91609  0.08  1.10  
91610  0.47  0.08  
91611  0.34  1.09  
91612  0.32  1.72  
91614  0.26  1.16  
91615  0.40  1.28  
91616  0.05  0.76  
91617  0.42  1.28  
91618  0.35  1.19  
91619  0.59  1.23  
91620  0.55  1.09  
91621  0.27  1.14  
91622  0.53  0.67  
91623  0.14  1.09  
91624  0.48  0.99  
91625  -0.44  1.58  
91626  -0.47  1.01  
91627  0.71  0.75  
91628  0.39  1.05  
91629  0.12  0.86  
91630  0.66  1.34  
91631  1.04  1.05  
91632  -0.07  0.93  
91633  -1.02  0.71  
91634  0.51  1.15  
91635  0.53  1.21  
91636  0.09  0.88  
91637  0.65  1.04  
91638  -0.03  0.86  
91639  -0.05  -0.03  
91640  -0.18  0.05  
91641  -0.20  0.11  
91642  -0.17  0.01  
91643  -0.17  0.20  
91644  -0.12  0.01  
91645  -0.13  0.01  
91646  -0.14  0.01  
91647  -0.15  0.03  
91648  0.10  0.81  
91649  0.52  1.21  
91650  0.08  1.12  
91651  0.07  0.75  
91655  0.79  0.75  
91656  0.68  1.16  
91657  0.31  1.27  
91658  0.65  0.79  
91659  0.67  0.71  
91662  0.38  0.79  
91663  0.17  0.83  
91664  0.30  0.90  
91665  0.27  1.02  
91666  0.51  0.94  
91667  -0.02  1.05  
91668  0.61  0.51  
91671  0.73  1.10  
91675  1.29  0.36  
91676  -0.71  0.76  
91677  0.13  0.33  
91680  0.36  0.79  
91681  0.91  0.69  
91682  0.81  1.08  
91683  -0.03  0.90  
91684  0.25  0.68  
91685  0.38  0.87  
91686  0.39  1.13  
91687  0.83  1.35  
91688  0.70  0.92  
91689  0.33  0.94  
91690  0.94  0.65  
91691  0.74  0.80  
91692  0.37  0.75  
91693  0.47  0.82  
91694  0.81  0.99  
91695  0.82  0.33  
91712  0.19  1.94  
91713  -0.31  1.20  
91726  0.00  0.78  
91727  0.51  0.80  
91737  0.11  1.51  
91748  0.32  0.78  
91751  0.83  0.98  
91752  0.04  0.93  
91756  0.39  1.15  
91759  0.01  0.73  
91760  0.52  0.91  
91774  1.04  1.12  
91775  0.80  0.81  
91777  0.39  0.92  
91779  0.23  1.28  
91780  0.68  1.01  
91786  0.88  1.17  
91787  0.46  0.60  
91788  -0.05  0.84  
91789  0.89  0.60  
91790  0.40  0.80  
91791  0.81  0.78  
91792  0.14  1.14  
91793  -1.04  0.86  
91794  0.72  0.68  
91795  0.26  0.59  
91796  0.60  0.71  
91798  0.21  0.85  
91799  0.87  0.81  
91800  0.42  0.78  
91801  -0.02  0.72  
91803  0.87  0.16  
91804  0.55  0.66  
91805  0.13  0.75  
91806  0.58  1.06  
91813  -0.31  1.00  
91814  0.10  0.72  
91815  0.22  0.45  
91816  0.28  0.76  
91817  0.91  0.71  
91818  0.45  1.03  
91819  0.35  0.78  
91820  0.26  0.41  
91821  0.25  0.57  
91822  0.16  0.79  
91823  -0.15  0.95  
91824  0.14  0.96  
91825  0.42  0.90  
91830  0.48  0.66  
91831  -0.13  0.90  
91832  0.52  0.82  
91833  0.01  0.73  
91834  0.60  0.81  
91835  0.55  0.55  
91836  0.64  0.88  
91837  0.52  0.93  
91838  0.50  1.06  
91841  0.53  0.81  
91843  1.01  0.55  
91844  0.35  0.93  
91845  -0.06  0.46  
91846  0.65  0.53  
91847  0.69  0.55  
91848  0.05  0.75  
91849  0.78  0.61  
91850  0.02  -0.09  
91851  0.04  0.99  
91852  0.89  0.20  
91855  -0.08  0.77  
91856  0.34  0.61  
91860  0.26  1.26  
91867  1.42  0.57  
91868  0.63  0.95  
91869  0.80  0.20  
91871  0.34  0.89  
91872  0.16  0.94  
91873  0.49  0.90  
91874  0.29  0.44  
91875  0.74  0.42  
91876  0.75  1.11  
91877  0.40  1.09  
91878  0.21  0.60  
91879  1.18  0.58  
91880  1.09  0.87  
91881  0.76  0.65  
91882  0.46  0.86  
91883  0.47  0.82  
91884  0.36  0.94  
91886  0.32  0.59  
91887  0.50  0.74  
91888  0.66  0.55  
91890  0.61  0.78  
91893  0.89  0.86  
91894  0.34  0.89  
91895  0.50  0.61  
91896  0.50  0.97  
91897  0.73  0.86  
91899  -0.18  0.18  
91900  0.28  0.58  
91901  0.24  0.66  
91903  0.18  0.59  
91904  0.32  0.14  
91905  0.38  0.53  
91906  1.01  1.04  
91907  0.29  0.54  
91908  0.19  0.96  
91910  -0.34  0.52  
91911  -0.28  0.09  
91914  -0.11  0.17  
91917  0.58  0.85  
91918  0.53  0.51  
91919  0.18  0.81  
91920  0.55  0.61  
91921  0.24  0.65  
91922  0.33  0.86  
91923  0.14  0.71  
91924  0.52  0.60  
91925  0.35  0.82  
91926  0.16  0.85  
91927  0.76  0.67  
91928  0.51  0.56  
91929  0.68  0.60  
91930  0.20  0.94  
91931  0.45  0.35  
91932  0.61  0.60  
91933  1.00  0.81  
91934  0.23  0.85  
91935  0.32  0.69  
91936  0.68  0.96  
91937  -0.04  0.58  
91938  0.76  0.84  
91940  0.64  0.85  
91942  -0.10  0.30  
91943  0.16  0.76  
91944  0.86  0.57  
91945  0.58  0.68  
91946  -0.22  0.57  
91947  0.38  0.79  
91948  0.38  1.00  
91949  0.67  0.66  
91950  0.19  0.18  
91951  0.52  0.48  
91952  0.17  0.84  
91953  0.47  0.90  
91954  0.55  0.93  
91956  0.47  0.78  
91957  0.39  0.73  
91958  -0.34  0.78  
91959  0.52  0.68  
91960  0.53  0.86  
91961  0.38  0.40  
91962  0.25  0.59  
91963  0.38  0.50  
91964  0.90  0.71  
91965  0.37  0.94  
91966  0.20  0.74  
91967  -0.03  0.74  
91968  0.04  0.54  
91969  0.70  0.50  
91971  1.46  0.96  
91972  0.41  0.32  
91973  0.64  0.85  
91975  0.33  0.33  
91976  0.34  0.68  
91978  -0.30  0.70  
91979  0.43  0.97  
91980  0.78  1.17  
91981  0.22  0.69  
91982  0.42  1.13  
91985  -0.25  0.23  
91986  0.28  0.94  
91988  0.70  0.95  
91990  0.38  0.71  
91991  1.10  0.51  
91992  -0.19  0.30  
91993  0.55  0.88  
91994  0.17  0.71  
91997  0.29  0.85  
91998  0.21  0.86  
91999  0.53  0.94  
92000  0.30  0.86  
92001  0.14  0.78  
92002  0.62  1.00  
92004  -0.50  0.09  
92005  0.26  0.78  
92006  0.54  0.81  
92007  0.47  0.78  
92008  0.35  0.80  
92009  0.46  0.93  
92010  0.01  0.57  
92012  0.55  0.45  
92013  0.34  0.71  
92014  0.56  0.50  
92015  0.26  0.48  
92016  0.47  0.47  
92017  0.72  0.70  
92018  -0.02  0.97  
92019  0.19  0.68  
