90837  0.52  0.29  0.35  0.22  0.21  0.35  0.60  0.60  0.66  0.72  0.50  0.35  -0.01  0.33  0.41  0.29  
90838  0.38  0.43  0.35  0.34  0.36  0.37  0.46  0.62  0.54  0.62  0.51  0.42  0.19  0.34  0.30  0.23  
90839  0.55  0.73  0.48  0.38  0.13  0.83  0.64  0.53  0.56  0.57  0.48  0.38  -0.18  0.03  0.16  0.06  
90840  0.37  0.42  0.39  0.35  0.34  0.41  0.57  0.57  0.53  0.57  0.55  0.36  0.17  0.33  0.31  0.20  
90843  0.47  0.42  0.48  0.26  0.33  0.51  0.46  0.61  0.54  0.51  0.67  0.28  0.15  0.46  0.14  0.40  
90844  0.25  0.13  0.67  0.31  0.07  0.52  0.38  0.40  0.39  0.75  0.59  0.54  0.23  0.44  0.13  0.23  
90849  0.38  0.39  0.38  0.32  0.29  0.39  0.42  0.56  0.53  0.62  0.52  0.40  0.18  0.35  0.27  0.31  
90850  0.37  0.38  0.38  0.32  0.39  0.38  0.42  0.58  0.53  0.60  0.56  0.34  0.16  0.35  0.29  0.26  
90851  0.35  0.48  0.40  0.32  0.28  0.42  0.27  0.59  0.57  0.54  0.40  0.30  0.17  0.33  0.30  0.29  
90852  0.44  0.44  0.39  0.31  0.31  0.36  0.40  0.59  0.57  0.62  0.56  0.34  0.13  0.36  0.31  0.29  
90853  0.41  0.43  0.40  0.34  0.35  0.41  0.41  0.54  0.53  0.58  0.56  0.34  0.19  0.35  0.29  0.24  
90854  0.41  0.43  0.41  0.29  0.31  0.40  0.44  0.53  0.53  0.53  0.58  0.35  0.15  0.32  0.30  0.29  
90855  0.36  0.42  0.39  0.29  0.34  0.43  0.41  0.56  0.52  0.57  0.52  0.34  0.17  0.35  0.29  0.23  
90856  0.37  0.41  0.39  0.31  0.31  0.41  0.42  0.57  0.51  0.59  0.56  0.33  0.17  0.38  0.28  0.26  
90857  0.39  0.48  0.39  0.30  0.37  0.40  0.34  0.57  0.50  0.62  0.56  0.33  0.17  0.29  0.28  0.31  
90859  0.43  0.39  0.44  0.28  0.31  0.41  0.45  0.52  0.55  0.58  0.53  0.34  0.17  0.42  0.30  0.24  
90861  0.35  0.46  0.45  0.36  0.39  0.39  0.50  0.55  0.46  0.78  0.56  0.37  0.23  0.36  0.35  0.17  
90862  0.36  0.37  0.38  0.24  0.29  0.35  0.49  0.60  0.46  0.59  0.48  0.39  0.17  0.30  0.34  0.33  
90863  0.41  0.54  0.23  0.35  0.28  0.23  0.65  0.83  0.68  0.31  0.36  0.44  0.13  0.37  0.40  0.34  
90864  0.39  0.43  0.43  0.34  0.32  0.36  0.50  0.57  0.53  0.63  0.48  0.36  0.15  0.35  0.32  0.27  
90865  0.33  0.43  0.41  0.30  0.33  0.39  0.50  0.56  0.44  0.68  0.51  0.40  0.15  0.38  0.35  0.20  
90866  0.32  0.38  0.41  0.27  0.36  0.34  0.54  0.58  0.51  0.64  0.53  0.39  0.13  0.35  0.32  0.22  
90867  0.34  0.34  0.39  0.27  0.32  0.47  0.47  0.54  0.53  0.69  0.52  0.34  0.17  0.45  0.31  0.25  
90868  0.31  0.40  0.47  0.24  0.29  0.39  0.47  0.59  0.53  0.63  0.53  0.38  0.17  0.38  0.29  0.24  
90869  0.37  0.41  0.41  0.27  0.34  0.33  0.50  0.58  0.54  0.57  0.54  0.35  0.17  0.38  0.26  0.25  
90870  0.42  0.37  0.38  0.29  0.31  0.36  0.48  0.58  0.57  0.55  0.56  0.37  0.17  0.38  0.32  0.17  
90871  0.41  0.37  0.32  0.33  0.28  0.35  0.54  0.62  0.53  0.62  0.52  0.31  0.21  0.33  0.35  0.28  
90872  0.46  0.49  0.86  0.15  0.48  0.62  0.59  0.60  0.62  0.62  0.38  0.41  0.32  0.21  0.54  0.31  
90873  0.36  0.42  0.38  0.32  0.32  0.39  0.46  0.59  0.48  0.59  0.52  0.39  0.15  0.37  0.33  0.22  
90874  0.37  0.44  0.42  0.30  0.30  0.37  0.49  0.59  0.53  0.65  0.54  0.36  0.16  0.35  0.33  0.23  
90875  0.39  0.39  0.43  0.30  0.32  0.38  0.49  0.60  0.53  0.62  0.52  0.38  0.16  0.36  0.34  0.22  
90876  0.35  0.39  0.45  0.31  0.31  0.38  0.48  0.56  0.55  0.62  0.53  0.39  0.17  0.37  0.32  0.23  
90877  0.38  0.37  0.44  0.26  0.32  0.42  0.43  0.56  0.54  0.60  0.50  0.38  0.19  0.38  0.33  0.25  
90878  0.38  0.40  0.43  0.30  0.31  0.38  0.48  0.58  0.55  0.60  0.50  0.38  0.18  0.38  0.32  0.25  
90879  0.39  0.37  0.28  0.27  0.20  0.23  0.30  0.47  0.42  0.33  0.28  0.23  0.03  0.33  0.13  0.12  
90880  0.40  0.41  0.06  0.12  0.53  0.33  0.46  0.83  0.54  0.55  0.41  0.34  0.23  0.45  0.22  0.08  
90883  0.55  0.28  0.05  0.08  0.23  0.67  0.16  0.62  0.41  0.43  0.74  0.17  0.09  0.25  0.35  0.04  
90884  0.15  0.08  0.26  0.03  0.14  0.33  0.34  0.43  0.52  0.55  0.25  0.31  0.19  0.15  0.04  0.01  
90885  0.33  0.13  0.50  0.28  0.03  0.28  0.31  0.52  0.38  0.51  0.62  0.30  0.20  0.46  -0.03  0.00  
90886  0.30  0.29  0.35  0.11  0.30  0.24  0.13  0.26  0.11  0.55  0.44  0.28  0.08  0.26  0.22  0.18  
90887  0.36  0.31  0.28  0.21  0.16  0.33  0.31  0.70  0.43  0.62  0.53  0.26  0.11  0.49  0.18  0.16  
90891  0.36  0.22  0.20  0.33  0.21  0.36  0.48  0.30  0.56  0.24  0.40  0.14  -0.03  0.39  0.16  0.13  
90895  0.63  0.40  0.38  0.06  0.37  0.36  0.47  0.51  0.29  0.36  0.08  0.16  -0.02  -0.02  0.14  0.19  
90896  0.40  0.40  0.36  0.22  0.31  0.31  0.38  0.44  0.13  0.58  0.56  0.20  0.07  0.23  0.14  0.13  
90898  0.23  0.57  0.42  -0.05  0.30  0.15  0.39  0.49  0.35  0.46  0.30  0.27  0.01  0.27  0.23  0.17  
90899  0.28  0.38  0.19  0.30  0.22  0.50  0.38  0.31  0.35  0.28  0.17  0.15  -0.09  0.09  0.06  -0.06  
90900  0.40  0.41  0.04  0.20  0.11  0.39  0.18  0.45  0.31  0.63  0.18  0.23  -0.13  0.08  0.01  0.05  
90901  0.43  0.33  0.32  0.16  0.45  0.13  0.32  0.38  0.35  0.65  0.24  0.19  0.05  0.25  -0.03  0.07  
90902  0.34  0.23  -0.03  0.04  0.20  0.21  0.44  0.69  0.20  0.73  0.41  0.29  -0.01  0.43  0.05  -0.13  
90903  0.21  0.65  0.46  0.31  0.26  0.22  0.24  0.35  0.52  0.65  0.26  0.10  0.02  0.15  0.19  0.01  
90904  0.43  0.21  0.33  0.10  0.25  -0.03  0.65  0.10  0.38  0.46  0.30  0.18  0.16  0.32  0.09  0.29  
90905  0.57  0.11  0.25  0.22  0.18  0.44  0.61  0.59  0.31  0.32  0.54  0.27  -0.07  0.32  0.48  0.34  
90906  0.28  0.31  0.28  0.36  0.18  0.30  0.42  0.45  0.52  0.64  0.13  0.18  -0.21  0.31  -0.06  0.32  
90907  0.50  0.10  0.17  0.14  0.02  0.20  0.40  0.37  0.30  0.65  0.25  0.09  0.27  0.19  0.20  0.10  
90908  0.29  0.41  0.22  0.11  0.12  0.20  0.39  0.53  0.45  0.42  0.21  0.32  0.03  0.19  0.22  0.15  
90909  0.41  0.36  0.70  0.20  0.24  0.27  0.31  0.28  0.30  0.66  0.29  0.34  0.20  0.19  0.09  0.37  
90910  0.24  0.43  0.56  0.30  0.16  0.09  0.28  0.63  0.11  0.62  0.43  0.25  0.04  0.25  0.15  0.16  
90911  0.36  0.28  0.37  0.28  0.29  0.15  0.19  0.54  0.31  0.56  0.57  0.32  0.03  0.27  0.06  0.02  
90912  0.49  0.33  0.41  0.39  0.40  0.46  0.30  0.44  0.27  0.42  0.23  0.18  0.27  0.20  0.16  0.03  
90913  0.28  0.44  0.36  0.32  0.23  0.09  0.39  0.58  0.40  0.52  0.39  0.31  0.05  0.56  0.21  -0.04  
90914  0.34  0.29  0.48  0.27  0.30  0.34  0.30  0.56  0.46  0.41  0.30  0.13  0.11  0.31  0.30  0.06  
90915  0.34  0.31  0.48  0.01  0.29  0.21  0.12  0.48  0.29  0.52  0.33  0.18  0.09  0.38  0.05  0.25  
90916  0.41  0.27  0.13  0.18  0.41  0.18  0.44  0.41  0.37  0.45  0.21  0.09  0.07  0.37  0.03  0.06  
90919  0.43  0.34  0.46  0.13  0.12  0.09  0.22  0.68  0.50  0.48  0.31  0.26  0.07  0.54  0.32  0.33  
90920  0.14  -0.05  0.30  0.34  0.53  0.13  0.12  0.68  0.32  0.58  0.27  0.06  0.08  0.21  0.10  -0.01  
90921  0.30  0.64  0.42  0.21  0.33  0.51  0.43  0.63  0.36  0.55  0.51  0.30  0.15  0.20  0.28  -0.13  
90922  0.75  0.32  0.28  0.09  0.23  0.60  0.38  0.56  0.52  0.32  0.36  -0.03  0.09  0.31  0.24  0.17  
90923  0.13  0.58  0.23  0.40  0.15  0.18  0.18  0.32  0.34  0.43  0.52  0.11  0.09  0.21  0.11  0.17  
90924  0.58  0.43  0.58  0.08  0.23  0.17  0.13  0.27  0.50  0.54  0.18  0.05  0.13  0.11  0.07  0.05  
90925  0.29  0.55  0.29  0.43  0.13  0.27  0.14  0.32  0.43  0.59  0.32  0.22  0.05  0.15  0.15  0.05  
90926  0.63  0.42  0.23  0.14  0.16  0.16  0.29  0.36  0.34  0.24  0.49  0.15  0.10  0.10  0.06  0.40  
90930  0.42  0.52  0.18  0.49  0.21  0.31  0.28  0.40  0.42  0.56  0.15  0.22  -0.06  0.50  0.40  -0.07  
90931  0.39  0.44  0.46  0.32  0.25  0.17  0.29  0.41  0.27  0.38  0.61  0.18  0.07  0.37  0.24  0.11  
90932  0.31  0.63  0.33  0.08  0.31  0.02  0.07  0.36  -0.06  0.40  0.68  0.41  0.07  0.17  0.07  0.37  
90935  0.34  0.27  0.47  -0.02  0.09  0.15  0.32  0.34  0.36  0.74  0.74  0.28  0.00  0.44  0.50  -0.08  
90940  0.29  0.48  0.53  0.19  0.20  0.16  0.36  0.60  0.29  0.44  0.27  0.29  0.16  0.21  0.15  0.23  
90941  0.19  0.22  0.44  0.46  0.35  0.28  0.24  0.23  0.23  0.70  0.34  0.26  0.21  0.21  0.06  0.37  
90943  0.54  0.27  0.76  -0.15  0.30  0.28  -0.01  0.12  0.59  0.41  -0.05  0.01  -0.20  0.31  0.65  0.22  
90944  0.43  -0.03  0.43  -0.18  0.13  0.29  0.38  0.44  0.53  0.64  0.35  0.43  0.24  0.28  0.17  0.02  
90945  0.36  0.08  0.43  0.11  0.30  0.45  0.42  0.72  0.37  0.36  0.19  0.05  -0.15  0.23  0.23  0.42  
90946  0.30  0.28  0.26  0.17  -0.08  0.15  0.39  0.49  0.31  0.38  0.37  0.27  -0.08  0.20  0.17  0.13  
90947  0.49  0.20  0.47  0.20  0.16  0.28  0.41  0.49  0.43  0.41  0.15  0.27  0.03  0.20  0.25  0.15  
90948  0.38  0.25  0.48  0.26  0.31  0.10  0.48  0.30  0.31  0.51  0.38  0.24  0.12  0.19  0.14  0.09  
90949  0.25  0.35  0.42  0.27  0.19  0.40  0.17  0.53  0.48  0.67  0.37  0.18  0.03  0.17  0.28  0.13  
90950  0.40  0.30  0.32  0.12  0.21  0.13  0.35  0.63  0.27  0.42  0.31  0.21  0.17  0.12  -0.04  0.25  
90951  0.43  0.45  0.33  0.41  0.26  0.17  0.37  0.55  0.46  0.54  0.40  0.38  0.06  0.45  0.20  -0.02  
90952  0.54  0.32  0.42  0.12  0.42  0.10  0.23  0.56  0.33  0.44  0.37  0.32  0.18  0.28  0.17  0.20  
90953  0.53  0.39  0.29  0.15  0.46  0.24  0.27  0.44  0.45  0.60  0.12  0.17  0.13  0.26  0.41  0.22  
90955  0.47  0.35  0.44  -0.00  0.19  0.16  0.30  0.62  0.18  0.62  0.27  0.38  -0.04  0.26  0.10  0.30  
90956  0.35  0.32  0.28  0.20  0.25  0.18  0.14  0.44  0.29  0.63  0.30  0.23  0.15  0.23  0.12  0.30  
90957  0.46  0.33  0.58  0.25  0.37  0.37  0.32  0.41  0.43  0.51  0.37  0.31  -0.10  0.34  0.25  0.33  
90958  0.31  0.44  0.29  0.25  0.23  0.24  0.44  0.45  0.28  0.68  0.55  0.25  0.07  0.30  0.26  0.24  
90959  0.37  0.26  0.24  0.26  0.14  0.24  0.19  0.26  0.20  0.38  0.24  0.27  0.23  0.34  0.14  0.07  
90960  0.22  0.38  0.35  0.28  0.14  0.27  0.17  0.51  0.34  0.51  0.49  -0.00  0.10  0.34  0.35  0.13  
90961  0.42  0.36  0.48  0.25  0.27  0.46  0.40  0.59  0.42  0.67  0.35  0.38  0.03  0.44  0.32  0.11  
90962  0.63  0.50  0.12  0.42  0.26  0.51  0.52  0.57  0.57  0.60  0.22  0.27  -0.01  0.49  0.37  -0.02  
90967  0.29  0.47  0.11  0.37  0.32  0.37  0.32  0.48  0.45  0.27  0.26  0.25  0.21  0.46  0.32  0.12  
90968  0.39  0.43  0.23  0.30  0.08  0.37  0.27  0.41  0.35  0.52  0.38  0.04  0.06  0.16  0.27  -0.04  
90969  0.34  0.42  0.32  0.25  0.34  0.37  0.03  0.38  0.39  0.53  0.22  0.15  -0.06  0.33  0.13  0.27  
90970  0.20  0.21  0.29  0.07  0.18  0.26  0.14  0.40  0.42  0.44  0.44  0.06  0.08  0.27  0.19  0.12  
90971  0.21  0.55  0.47  0.29  0.23  0.32  0.43  0.33  0.45  0.68  0.43  0.07  0.08  0.26  0.34  0.16  
90972  0.31  0.58  0.16  0.07  0.23  0.29  0.12  0.34  0.31  0.61  0.09  0.26  -0.05  0.11  0.17  0.19  
90973  0.29  0.41  0.19  0.16  0.05  0.28  -0.04  0.37  0.55  0.70  0.32  0.40  -0.13  0.36  0.28  0.55  
90974  0.30  0.36  0.27  0.30  0.55  0.43  0.41  0.60  0.50  0.63  0.56  0.16  0.19  0.42  0.03  0.14  
90975  0.61  0.50  0.23  0.13  0.14  0.25  0.14  0.60  0.26  0.44  0.20  0.12  0.11  0.44  0.21  0.12  
90976  0.55  0.27  0.38  0.42  0.14  0.25  0.26  0.44  0.46  0.59  0.28  0.10  0.09  0.14  0.43  0.12  
90977  0.44  0.41  0.51  0.21  0.24  0.12  0.12  0.46  0.47  0.61  0.33  0.18  0.20  0.12  0.46  0.11  
90979  0.26  0.37  0.28  0.29  0.10  0.19  0.18  0.49  0.23  0.50  0.38  0.20  -0.08  0.23  0.07  0.13  
90981  0.73  0.41  0.35  -0.02  0.48  0.20  0.46  0.56  0.24  0.50  0.59  0.20  -0.02  0.26  0.13  -0.14  
90982  0.65  0.28  -0.02  0.19  0.29  0.29  0.45  0.44  0.34  0.64  0.41  0.16  0.12  0.27  0.25  0.20  
90983  0.40  0.39  0.31  0.22  0.35  0.26  0.42  0.57  0.46  0.40  0.50  0.31  0.08  0.30  0.09  0.17  
90984  0.41  0.43  0.17  0.17  0.37  0.21  0.55  0.38  0.29  0.46  0.46  0.23  -0.14  0.33  0.28  0.22  
90985  0.54  0.45  0.25  0.19  0.26  0.23  0.42  0.38  0.39  0.71  0.39  0.19  0.13  0.19  0.05  0.13  
90988  0.19  0.18  0.36  0.09  0.33  0.22  0.34  0.48  0.39  0.54  0.34  0.18  0.05  0.23  0.26  0.06  
90989  0.34  0.35  0.34  0.12  0.28  0.41  0.32  0.59  0.35  0.63  0.44  0.14  0.07  0.24  0.24  0.30  
90990  0.31  0.50  0.41  0.02  0.13  0.23  0.16  0.49  0.33  0.56  0.28  0.11  0.08  0.19  0.13  0.11  
90991  0.54  0.28  0.33  0.37  0.36  0.29  0.49  0.56  0.25  0.64  0.29  0.13  -0.06  0.41  0.09  0.29  
90992  0.41  0.16  0.37  0.45  0.20  0.19  0.15  0.34  0.38  0.59  0.50  0.31  0.11  0.50  0.02  0.07  
90993  0.33  0.26  0.42  0.18  0.21  0.26  0.19  0.32  0.44  0.50  0.38  0.22  0.09  0.12  0.20  0.11  
90995  0.48  0.23  0.12  0.06  0.26  0.26  0.12  0.55  0.46  0.60  0.44  0.37  0.22  0.22  0.07  0.14  
90999  0.33  0.18  0.37  0.04  0.26  0.37  0.39  0.38  0.26  0.55  0.23  0.26  0.07  0.28  0.20  0.14  
91000  0.25  0.11  0.64  0.15  0.35  0.18  0.43  0.35  0.36  0.54  0.50  0.29  0.05  0.47  0.10  -0.07  
91001  0.52  0.42  0.22  -0.03  0.13  0.34  0.16  0.65  0.30  0.55  0.39  0.29  0.21  0.47  0.14  0.33  
91002  0.33  0.36  0.35  0.32  0.45  0.21  0.15  0.51  0.29  0.47  0.30  0.41  0.13  0.22  0.06  0.16  
91003  0.49  0.19  0.27  -0.11  0.13  0.14  0.19  0.32  0.31  0.70  0.54  0.40  -0.02  0.30  0.22  0.38  
91004  0.17  0.44  0.52  0.33  0.29  0.32  0.53  0.61  0.31  0.15  0.35  0.37  0.26  0.08  0.10  0.08  
91005  0.25  0.39  0.37  0.08  0.10  0.25  0.07  0.36  0.60  0.58  0.55  0.24  0.03  0.48  0.12  0.19  
91006  0.40  0.22  0.37  0.42  0.02  0.25  0.19  0.46  0.42  0.70  0.33  0.27  0.07  0.12  0.09  0.14  
91007  0.32  0.27  0.23  0.27  0.16  -0.08  0.14  0.50  0.45  0.53  0.33  0.31  0.28  0.50  -0.00  0.09  
91008  0.24  0.20  0.25  0.02  0.40  0.15  -0.02  0.17  0.38  0.48  0.41  0.41  0.21  0.22  0.27  0.26  
91009  0.33  0.30  0.48  0.29  0.23  0.30  -0.06  0.32  0.49  0.45  -0.12  -0.09  -0.02  0.35  0.49  0.28  
91010  0.33  0.33  0.37  0.21  0.16  0.19  0.39  0.46  0.52  0.40  0.36  0.33  0.17  0.08  0.16  0.29  
91011  0.36  0.31  0.38  0.26  0.17  0.07  0.26  0.49  0.49  0.45  0.35  0.25  0.07  0.36  0.45  0.19  
91012  0.26  0.45  0.23  0.23  0.25  0.45  0.34  0.43  0.55  0.47  0.26  0.19  0.26  0.31  0.32  0.01  
91013  0.53  0.11  0.40  0.14  0.27  -0.04  0.10  0.50  0.44  0.60  0.29  0.33  0.19  0.38  0.13  0.20  
91014  0.30  0.29  0.16  0.12  0.26  0.30  0.33  0.21  0.21  0.48  0.29  0.21  0.08  0.56  0.37  0.36  
91015  0.35  0.12  0.40  0.15  0.32  0.23  0.49  0.64  0.68  0.70  0.26  0.51  0.11  0.14  0.32  0.24  
91017  0.30  0.34  0.38  0.33  0.26  0.03  0.24  0.44  0.54  0.47  0.46  0.36  -0.02  0.50  0.16  0.13  
91018  0.32  0.35  0.22  0.16  0.25  0.34  -0.02  0.58  0.32  0.33  0.49  0.26  -0.07  0.39  0.18  0.13  
91019  0.43  0.14  0.36  -0.05  0.37  0.10  0.08  0.48  0.25  0.29  0.17  0.29  -0.19  0.27  0.15  0.08  
91021  0.22  0.20  0.53  0.41  0.07  0.32  0.29  0.50  0.43  0.30  0.54  0.09  0.25  0.30  0.17  -0.03  
91025  0.25  0.43  0.22  0.26  0.38  0.35  0.27  0.12  0.25  0.61  0.29  0.19  0.06  0.27  0.24  0.26  
91026  0.38  0.25  0.54  0.16  0.11  0.25  0.41  0.42  0.16  0.40  0.50  0.28  0.03  0.33  0.20  0.14  
91027  0.48  0.27  0.23  0.15  0.10  0.22  0.36  0.57  0.27  0.57  0.39  0.29  0.14  0.33  0.13  0.20  
91028  0.20  0.25  0.13  0.20  0.33  0.21  0.22  0.32  0.27  0.50  0.33  0.27  -0.04  0.35  0.11  0.28  
91029  0.38  0.24  0.35  0.10  0.28  0.36  0.36  0.44  0.34  0.53  0.48  0.23  0.13  0.28  0.33  0.08  
91030  0.47  0.37  0.23  0.39  0.36  0.45  0.17  0.43  0.28  0.34  0.45  0.20  0.10  0.28  0.17  0.24  
91031  0.45  0.20  0.59  0.37  0.04  0.27  0.45  0.27  0.35  0.51  0.28  0.11  -0.01  0.48  0.27  0.20  
91032  0.49  0.48  0.31  0.11  0.35  0.06  0.45  0.29  0.21  0.55  0.37  0.20  0.13  0.18  0.36  0.24  
91033  0.49  0.24  0.46  0.11  0.17  0.39  0.21  0.43  0.46  0.48  0.34  0.10  0.14  0.40  0.07  0.29  
91034  0.29  0.13  0.25  0.35  0.19  0.30  0.28  0.48  0.30  0.65  0.26  0.17  -0.00  0.12  0.35  0.06  
91035  0.18  0.21  0.37  0.05  0.28  0.57  0.18  0.51  0.42  0.44  0.57  0.34  0.10  0.40  0.16  0.11  
91036  0.34  0.34  0.34  0.29  0.13  0.05  0.08  0.63  0.46  0.43  0.25  0.19  0.03  0.31  0.14  0.16  
91037  0.31  0.29  0.27  0.41  0.19  0.24  -0.04  0.53  0.32  0.72  0.27  0.38  0.18  0.22  0.46  0.10  
91038  0.31  0.33  0.45  0.02  0.03  0.27  0.15  0.31  0.21  0.49  0.38  0.25  -0.04  0.33  0.11  0.27  
91039  0.15  0.30  0.20  0.31  0.27  0.31  0.11  0.50  0.55  0.57  0.22  0.17  0.32  0.30  0.30  0.42  
91042  0.59  0.16  0.28  0.24  0.18  0.15  0.06  0.35  0.33  0.80  0.35  0.19  0.08  0.15  0.23  0.12  
91043  0.18  0.28  0.53  0.46  0.26  0.19  0.26  0.50  0.40  0.52  0.42  0.20  0.13  0.28  0.22  0.28  
91056  0.41  0.18  0.29  0.44  0.14  0.22  0.33  0.46  0.26  0.57  0.15  0.30  0.05  -0.06  0.04  0.30  
91058  0.37  0.19  0.05  0.31  0.03  0.23  0.37  0.47  0.42  0.62  0.57  0.34  0.30  0.02  0.16  0.33  
91059  0.53  0.25  0.32  0.21  0.13  0.18  0.36  0.46  0.29  0.55  0.23  0.12  -0.03  0.33  0.25  0.20  
91060  0.35  0.24  0.25  0.36  0.26  0.28  0.45  0.31  0.65  0.54  0.33  0.26  0.16  0.24  0.19  -0.06  
91061  0.50  0.29  0.32  0.28  0.18  0.49  0.28  0.35  0.42  0.54  0.65  0.30  0.06  0.19  0.21  0.17  
91062  0.32  0.20  0.36  0.03  0.22  0.34  0.14  0.39  0.23  0.24  0.36  0.38  -0.06  0.34  0.24  -0.01  
91063  0.62  0.46  0.64  0.22  0.51  0.39  0.25  0.59  0.28  0.24  -0.14  -0.19  0.05  0.34  0.30  0.19  
91064  0.28  0.20  0.17  0.20  0.40  0.38  0.31  0.27  0.39  0.63  0.57  0.08  0.12  0.23  0.26  0.05  
91065  0.37  0.56  0.44  0.22  0.16  0.35  0.21  0.37  0.28  0.50  0.49  0.29  0.06  0.31  0.26  0.04  
91066  0.63  0.22  0.32  0.22  0.42  0.56  0.10  0.69  0.47  0.53  0.27  0.15  0.01  0.36  0.20  0.11  
91067  0.48  0.21  0.39  0.25  0.20  0.23  0.29  0.54  0.38  0.61  0.44  0.17  0.03  0.22  0.25  -0.09  
91068  0.20  0.20  0.39  0.33  0.21  0.17  0.37  0.50  0.38  0.44  0.39  0.26  0.16  0.21  0.32  0.20  
91069  0.60  0.13  0.19  0.10  0.35  0.35  0.30  0.51  0.40  0.76  0.23  0.20  0.12  0.24  0.16  -0.13  
91070  0.24  0.20  0.27  0.46  0.59  0.23  0.54  0.36  0.34  0.34  0.34  0.20  -0.02  0.42  0.26  0.18  
91071  0.21  0.16  0.24  0.12  0.30  0.27  0.54  0.45  0.56  0.35  0.47  0.06  0.20  0.21  -0.05  0.35  
91072  0.33  0.43  0.14  0.22  0.40  0.31  0.32  0.41  0.40  0.46  0.56  0.28  0.13  0.18  -0.03  0.16  
91073  0.22  0.18  0.22  0.35  0.33  0.22  0.40  0.29  0.46  0.58  0.34  0.16  0.14  0.14  0.10  0.35  
91074  0.61  0.29  0.28  0.11  0.28  0.32  0.48  0.38  0.36  0.63  0.46  0.16  0.20  0.30  0.46  0.16  
91075  0.27  0.16  0.21  0.36  0.33  0.20  0.06  0.33  0.64  0.59  0.60  0.18  0.12  0.52  0.34  0.48  
91076  0.35  0.07  0.14  0.17  -0.01  0.41  0.03  0.35  0.39  0.57  0.34  0.24  0.08  0.29  0.23  -0.01  
91077  0.27  0.33  0.39  -0.04  0.37  0.09  0.36  0.58  0.05  0.31  0.44  0.36  0.18  0.10  0.34  0.08  
91078  0.35  0.14  0.47  0.49  0.31  0.40  0.27  0.57  0.47  0.47  0.35  0.12  0.16  0.30  0.12  0.03  
91079  0.43  0.26  0.15  0.22  0.10  0.15  0.24  0.46  0.63  0.41  0.30  0.48  0.10  0.32  0.36  0.23  
91080  0.56  0.51  0.09  0.12  0.15  0.05  0.35  0.35  0.27  0.70  0.47  0.34  0.01  0.14  0.36  -0.14  
91081  0.28  0.34  0.13  0.17  0.32  0.43  0.39  0.33  0.26  0.34  0.41  0.27  0.01  0.10  0.06  -0.04  
91082  0.39  0.36  0.25  -0.00  0.21  0.32  0.23  0.32  0.34  0.57  0.31  0.32  0.09  0.28  0.16  0.16  
91083  0.33  0.14  0.29  0.03  0.14  0.25  0.34  0.29  0.37  0.64  0.21  0.32  0.27  0.21  0.25  0.16  
91084  0.49  0.35  0.33  0.34  0.38  0.25  0.30  0.36  0.50  0.52  0.17  0.33  0.20  0.09  0.16  0.10  
91085  0.31  0.36  0.25  0.28  0.17  0.11  0.29  0.62  0.17  0.59  0.30  0.19  0.02  0.16  0.09  0.08  
91086  0.33  0.13  0.27  -0.05  0.18  0.32  0.25  0.44  0.26  0.53  0.46  0.31  0.11  0.39  0.13  0.06  
91087  0.27  0.27  0.31  0.39  0.15  0.14  0.34  0.47  0.57  0.60  0.29  0.35  -0.01  0.23  -0.02  0.10  
91088  0.41  0.26  0.43  0.48  0.14  0.30  0.42  0.29  0.54  0.54  0.41  0.22  0.07  0.20  0.21  0.13  
91089  0.38  0.28  0.63  0.26  0.26  0.02  0.51  0.42  0.22  0.73  0.47  0.02  -0.03  0.23  -0.04  0.14  
91091  0.45  0.26  0.33  0.20  0.11  0.30  0.36  0.40  0.50  0.41  0.29  0.34  -0.01  0.30  0.19  0.19  
91093  0.54  0.45  0.33  0.44  0.42  0.22  0.15  0.58  0.15  0.83  0.52  0.04  -0.08  0.31  0.20  0.46  
91094  0.44  0.49  0.63  0.50  0.25  0.10  0.42  0.52  0.50  0.69  0.22  0.08  0.16  0.02  0.27  -0.06  
91095  0.23  0.63  0.29  0.14  0.13  0.45  0.40  0.38  0.31  0.55  0.45  0.24  0.07  0.06  0.46  0.23  
91096  0.56  0.56  0.44  0.36  0.25  0.17  0.50  0.39  0.49  0.54  0.46  0.25  0.05  0.19  0.11  0.13  
91097  0.33  0.33  0.26  0.18  0.48  0.01  0.31  0.10  0.37  0.22  0.15  -0.03  0.06  0.34  0.14  0.27  
91098  0.24  0.35  0.31  0.13  0.17  0.14  0.47  0.37  0.36  0.43  0.28  0.36  0.06  0.40  0.21  0.13  
91099  0.46  0.49  0.23  0.11  0.28  0.46  0.39  0.34  0.37  0.45  0.19  0.17  0.22  0.36  0.13  0.03  
91100  0.42  0.18  0.43  0.21  0.45  0.37  0.46  0.37  0.35  0.65  0.20  0.23  0.17  0.26  0.42  0.22  
91102  0.18  0.39  0.34  0.58  0.25  0.16  0.27  0.51  0.28  0.19  0.48  0.44  0.15  0.26  0.41  -0.26  
91103  0.24  0.40  0.43  0.44  0.26  0.17  0.44  0.55  0.30  0.40  0.23  0.35  0.10  0.33  0.12  0.09  
91104  0.53  0.33  0.40  0.25  0.20  0.27  0.18  0.36  0.33  0.41  0.33  0.28  0.02  0.39  0.13  0.11  
91105  0.31  0.28  0.32  0.13  0.14  0.42  0.35  0.45  0.32  0.64  0.33  0.25  0.13  0.23  0.26  0.08  
91106  0.30  0.31  0.14  0.28  0.27  0.03  0.24  0.51  0.16  0.42  0.35  0.10  0.18  0.31  0.16  0.13  
91110  0.43  0.37  0.28  0.18  0.24  0.29  0.22  0.44  0.33  0.46  0.28  0.31  0.09  0.45  0.19  0.16  
91111  0.33  0.32  0.24  0.24  0.23  0.19  0.39  0.41  0.34  0.53  0.36  0.35  0.09  0.24  0.19  0.19  
91113  0.55  0.32  0.35  0.37  0.42  0.32  0.35  0.37  0.61  0.34  0.39  0.20  0.03  0.04  0.12  0.23  
91114  0.60  0.41  0.31  0.22  0.34  0.27  0.49  0.30  0.42  0.68  0.38  0.36  0.10  0.09  0.26  0.24  
91115  0.40  0.23  0.45  0.38  0.24  0.20  0.34  0.61  0.43  0.60  0.31  0.16  0.23  0.15  0.17  0.26  
91116  0.38  0.25  -0.02  0.37  0.27  0.31  0.29  0.66  0.47  0.38  0.19  0.05  0.11  0.01  0.06  0.18  
91118  0.05  0.41  0.43  0.18  0.17  0.25  0.44  0.62  0.46  0.54  0.29  0.30  0.09  0.17  0.45  0.14  
91120  0.33  0.61  0.41  0.10  0.37  0.37  0.37  0.27  0.48  0.73  0.30  0.15  0.01  0.40  0.18  -0.04  
91122  0.70  0.50  0.27  0.72  0.57  0.39  0.63  0.73  0.54  0.63  0.34  0.39  0.18  0.12  0.24  0.37  
91124  0.54  0.55  0.51  0.46  0.25  0.10  0.52  0.37  0.64  0.34  0.24  0.43  0.08  0.07  0.06  -0.05  
91126  0.48  0.44  0.20  0.39  0.09  0.31  0.40  0.39  0.43  0.56  0.54  0.32  0.00  0.37  0.18  0.26  
91127  0.11  0.20  0.64  0.32  0.29  0.34  0.46  0.25  0.13  0.57  0.02  0.20  0.08  0.26  0.34  0.11  
91130  0.52  0.35  0.51  0.24  0.17  0.21  0.36  0.32  0.41  0.71  0.53  0.29  0.10  0.20  0.20  0.09  
91131  0.37  0.36  0.23  0.32  0.36  0.29  0.09  0.26  0.48  0.64  0.33  0.30  0.16  0.29  0.01  0.34  
91132  0.20  0.36  0.13  0.45  0.11  0.17  0.23  0.23  0.45  0.52  0.37  0.10  0.09  0.49  0.26  0.36  
91134  0.72  0.29  0.26  0.11  0.27  0.09  0.16  0.37  0.34  0.34  0.15  0.20  0.11  0.25  0.13  0.09  
91135  0.25  0.28  0.29  0.23  0.24  0.17  0.16  0.36  0.42  0.47  0.40  0.18  0.04  0.32  0.14  0.19  
91137  0.34  0.47  0.19  0.19  0.20  0.18  0.24  0.44  0.40  0.60  0.59  0.13  0.02  0.31  0.14  0.15  
91140  0.68  0.67  0.30  0.41  0.10  0.37  0.17  0.48  0.14  0.71  0.17  0.36  0.06  0.45  0.15  0.11  
91142  0.26  0.21  0.45  0.13  0.08  0.28  -0.05  0.66  0.47  0.49  0.32  0.22  0.24  0.16  0.23  0.04  
91143  0.25  0.33  0.13  0.46  -0.09  0.41  0.28  0.17  0.15  0.61  0.60  0.29  0.25  0.33  0.12  0.23  
91144  0.38  0.21  0.45  0.14  0.08  0.34  0.22  0.43  0.45  0.52  0.30  0.20  0.23  0.17  0.24  0.22  
91146  0.52  0.17  0.18  0.18  0.18  0.26  0.27  0.43  0.43  0.50  0.37  0.24  0.22  0.42  0.38  0.26  
91147  0.27  0.29  0.52  0.15  0.39  0.31  0.29  0.25  0.30  0.57  0.02  0.11  0.19  0.21  0.09  0.07  
91151  0.22  0.27  0.56  -0.02  0.71  0.26  0.42  0.32  0.42  0.37  0.35  0.20  0.22  0.27  0.05  0.26  
91152  0.51  0.03  0.56  0.22  0.09  0.16  0.09  0.48  0.45  0.34  0.45  0.19  0.03  0.29  -0.11  0.03  
91163  0.23  0.70  0.46  0.21  0.22  0.46  0.25  0.38  0.24  0.68  0.32  0.13  0.02  0.16  0.31  0.51  
91164  0.41  0.25  0.17  -0.00  0.18  0.06  0.25  0.47  0.48  0.68  0.34  0.27  -0.00  0.35  0.27  0.14  
91165  0.51  0.21  0.36  0.07  0.15  0.20  0.29  0.40  0.36  0.63  0.40  0.17  0.08  0.30  0.24  0.17  
91166  0.33  0.31  0.37  0.19  0.07  0.28  0.41  0.58  0.48  0.46  0.49  0.47  0.00  0.25  0.19  0.22  
91167  0.44  0.38  0.34  0.54  0.09  0.13  0.29  0.55  0.52  0.34  0.31  0.12  0.17  0.26  0.22  0.11  
91168  0.27  0.59  0.45  0.46  -0.10  0.14  0.27  0.47  0.19  0.61  0.95  0.17  -0.05  0.37  -0.00  0.54  
91169  0.45  0.56  0.45  0.14  0.30  0.15  0.11  0.41  0.43  0.52  0.43  0.24  0.07  0.23  0.39  0.11  
91170  0.38  0.33  0.48  0.27  0.21  0.21  0.26  0.47  0.43  0.55  0.44  0.29  0.10  0.34  0.12  0.28  
91171  0.31  0.28  0.48  0.10  -0.06  0.44  0.31  0.47  0.28  0.47  0.31  0.34  0.22  0.32  0.21  0.20  
91172  0.50  0.30  0.47  0.32  0.04  0.40  0.63  0.16  0.37  0.68  0.74  0.35  0.11  0.30  0.37  0.24  
91173  0.20  0.18  0.33  0.32  0.29  0.25  -0.12  0.34  0.46  0.38  0.25  0.27  0.24  0.36  0.34  0.13  
91174  0.31  0.52  0.50  0.45  -0.02  0.51  0.48  0.48  0.46  0.34  0.64  0.15  0.05  0.12  0.16  0.09  
91177  0.51  0.51  0.47  0.23  0.33  0.46  0.16  0.50  0.27  0.36  0.44  0.18  0.09  0.32  -0.04  0.14  
91178  0.41  0.52  0.14  0.05  0.28  0.42  -0.12  0.59  0.40  0.52  0.18  0.06  -0.07  0.26  0.23  0.39  
91179  0.51  0.46  0.28  0.14  0.31  0.24  -0.04  0.49  0.41  0.54  0.51  0.35  -0.03  0.18  0.30  0.18  
91182  0.46  0.20  0.08  0.29  0.44  0.48  0.27  0.32  0.36  0.57  0.28  0.10  0.09  0.47  0.13  0.18  
91183  0.42  0.54  0.07  0.27  0.37  0.06  0.16  0.49  0.33  0.39  0.35  0.27  -0.02  0.35  0.32  0.21  
91184  0.28  0.34  0.43  0.21  0.34  0.23  0.39  0.53  0.38  0.44  0.29  0.28  0.00  0.41  0.21  0.45  
91185  0.21  0.43  0.40  0.09  0.35  0.25  0.13  0.70  0.48  0.58  0.35  0.13  0.17  0.38  0.18  0.07  
91193  0.50  0.29  0.53  0.28  0.44  0.24  0.37  0.36  0.54  0.38  0.35  0.23  0.23  0.24  0.37  0.23  
91194  0.41  0.46  0.33  0.35  0.11  0.21  -0.05  0.40  0.29  0.58  0.48  0.35  0.11  0.31  0.09  -0.01  
91195  0.26  0.26  0.36  0.05  0.09  0.18  0.42  0.39  0.45  0.36  0.33  0.24  -0.09  0.69  0.25  0.12  
91196  0.56  0.13  0.08  0.06  0.06  0.19  0.04  0.63  0.55  0.25  0.38  0.24  0.32  0.17  0.25  -0.06  
91197  0.28  0.33  0.28  0.14  0.16  0.18  0.33  0.50  0.36  0.37  0.42  0.31  -0.01  0.37  0.27  0.10  
91198  0.27  0.66  0.47  0.30  0.23  0.12  0.24  0.40  0.23  0.36  0.09  0.27  0.22  0.36  0.01  0.05  
91199  0.21  0.21  0.29  0.14  0.15  0.31  0.25  0.30  0.18  0.38  0.52  0.26  0.11  0.21  0.19  0.09  
91200  0.39  0.31  0.42  0.15  0.22  0.27  0.21  0.41  0.53  0.54  0.58  0.15  0.10  0.10  0.24  0.14  
91208  0.54  0.46  0.18  0.15  0.25  0.16  0.05  0.33  0.37  0.46  0.42  0.27  0.22  0.29  0.06  0.07  
91209  0.40  0.34  0.24  0.15  0.16  0.32  0.06  0.53  0.43  0.33  0.49  0.18  0.01  0.32  0.19  0.00  
91210  0.38  0.34  0.28  0.27  0.11  0.12  0.10  0.34  0.43  0.44  0.44  0.16  -0.01  0.35  0.28  0.17  
91211  0.46  0.43  0.37  0.17  0.32  0.24  0.13  0.40  0.39  0.41  0.37  0.18  0.00  0.22  0.22  0.28  
91212  0.29  0.35  0.35  0.08  0.07  0.12  0.08  0.40  0.33  0.43  0.23  0.27  0.06  0.22  -0.04  0.18  
91213  0.24  0.36  0.50  0.14  -0.07  0.37  -0.02  0.39  0.27  0.32  0.59  0.39  0.14  0.23  0.22  0.19  
91218  0.51  0.40  0.25  0.26  0.13  0.00  0.12  0.54  0.25  0.39  0.37  0.19  0.18  0.55  0.06  0.05  
91219  0.27  0.53  0.24  0.09  0.40  0.03  0.11  0.32  0.26  0.40  0.29  0.33  -0.21  0.47  0.06  0.20  
91220  0.27  0.48  0.42  0.09  0.31  0.27  0.18  0.59  0.29  0.39  0.37  0.32  0.03  0.24  0.13  0.03  
91221  0.44  0.24  0.53  0.09  0.15  0.37  0.03  0.49  0.37  0.45  0.39  0.34  0.00  0.44  0.04  0.14  
91222  0.53  0.26  0.20  0.20  -0.24  0.44  0.22  0.50  0.59  0.36  0.52  0.28  0.16  0.35  0.27  0.25  
91223  0.18  0.23  0.32  0.16  0.31  0.24  0.04  0.47  0.40  0.44  0.43  0.25  0.10  0.12  0.25  0.32  
91224  0.37  0.34  0.34  0.11  0.26  0.18  0.54  0.48  0.48  0.57  0.60  0.37  -0.03  0.34  0.29  -0.11  
91225  0.19  0.44  0.47  0.25  0.23  0.22  0.17  0.48  0.18  0.48  0.52  0.30  0.07  0.26  0.35  -0.05  
91226  0.24  0.48  0.40  0.14  0.28  0.30  0.24  0.42  0.40  0.46  0.29  0.12  0.16  0.24  0.19  0.21  
91227  0.41  0.53  0.52  0.28  0.29  0.26  0.12  0.49  0.51  0.27  0.58  0.35  -0.03  0.16  0.33  0.29  
91228  0.39  0.43  0.34  0.14  0.12  0.07  0.23  0.22  0.50  0.39  0.32  0.38  0.06  0.01  0.21  0.12  
91229  0.41  0.53  0.42  0.08  0.19  0.08  0.13  0.54  0.40  0.34  0.46  0.47  0.07  0.22  0.28  0.05  
91230  0.35  0.20  0.31  0.25  0.11  0.24  0.21  0.32  0.50  0.49  0.48  0.18  0.08  0.22  0.47  -0.03  
91231  0.58  0.41  0.48  0.12  0.29  0.14  0.16  0.62  0.38  0.66  0.38  0.52  0.27  0.24  0.03  -0.02  
91232  -0.03  0.36  0.69  0.44  0.27  0.22  0.16  0.37  0.40  0.44  0.44  0.33  0.07  0.15  0.42  0.12  
91233  0.49  0.10  0.33  0.03  0.19  0.15  0.17  0.55  0.18  0.39  0.47  0.19  0.15  0.46  0.17  0.18  
91234  0.57  0.33  0.52  0.03  0.15  -0.02  0.24  0.19  0.26  0.62  0.59  0.24  0.21  0.21  0.23  -0.06  
91235  0.32  0.44  0.42  0.23  0.19  0.12  0.16  0.40  0.36  0.41  0.25  0.17  0.15  0.19  0.19  -0.05  
91236  0.45  0.45  0.31  0.28  0.24  0.38  0.22  0.22  0.45  0.62  0.32  0.42  0.08  0.21  0.07  0.04  
91237  0.35  0.20  0.13  0.17  0.15  0.38  0.32  0.43  0.36  0.30  0.55  0.17  0.11  0.02  0.16  0.09  
91238  0.26  0.62  0.57  -0.01  0.16  0.31  0.12  0.57  0.54  0.56  0.45  0.39  0.06  0.31  0.30  0.13  
91239  0.15  0.22  0.15  0.25  0.19  0.39  0.39  0.44  0.25  0.31  0.40  0.10  -0.01  0.14  0.10  0.17  
91240  0.33  0.30  0.37  0.19  -0.03  0.25  0.25  0.48  0.21  0.44  0.47  0.22  0.25  0.34  0.13  0.15  
91241  0.51  0.33  0.44  0.25  0.11  -0.01  0.24  0.50  0.43  0.47  0.44  0.42  0.09  0.23  0.09  -0.09  
91242  0.39  0.62  0.43  0.21  0.42  0.13  0.04  0.59  0.17  0.40  0.54  0.14  0.41  0.34  0.24  0.34  
91244  0.21  0.33  0.53  0.14  0.23  0.14  0.22  0.37  0.39  0.52  0.45  0.32  0.02  0.19  0.30  0.32  
91245  0.19  0.26  0.42  0.39  0.17  0.36  0.15  0.47  0.24  0.12  0.27  0.06  0.28  0.34  0.07  0.34  
91246  0.23  0.06  0.44  0.32  0.37  0.27  0.21  0.39  -0.02  0.38  0.41  0.36  -0.04  0.09  0.30  0.21  
91247  0.38  0.33  0.20  0.13  0.02  0.15  0.13  0.47  0.29  0.50  0.39  0.16  -0.00  0.36  0.31  0.05  
91248  0.38  0.52  0.22  0.17  0.01  0.19  0.19  0.40  0.38  0.64  0.37  0.22  -0.02  0.25  0.06  -0.09  
91249  0.32  0.51  0.51  0.22  0.19  0.06  0.14  0.48  0.18  0.35  0.38  0.34  0.13  0.24  0.14  0.20  
91250  0.38  0.22  0.43  0.11  0.27  0.14  0.18  0.21  0.50  0.56  0.44  0.30  0.07  0.11  0.23  0.07  
91251  0.28  0.43  0.39  0.13  0.28  0.07  0.19  0.33  0.23  0.47  0.43  0.35  -0.00  0.16  0.16  0.01  
91252  0.24  0.45  0.43  0.25  -0.05  0.21  0.13  0.45  0.53  0.56  0.36  0.28  0.05  0.32  0.27  0.19  
91253  0.40  0.46  0.46  0.27  -0.03  0.26  0.08  0.27  0.58  0.67  0.28  0.24  0.09  0.24  0.16  0.09  
91254  0.40  0.60  0.45  -0.05  0.28  0.09  0.14  0.51  0.58  0.39  0.29  0.35  0.04  0.47  0.02  0.06  
91255  0.39  0.15  0.40  0.22  0.30  0.28  0.25  0.27  0.44  0.47  0.36  0.28  -0.05  0.40  0.23  0.11  
91256  0.44  0.36  0.21  0.21  0.27  0.19  0.33  0.43  0.42  0.42  0.39  0.23  0.14  0.26  0.29  0.00  
91258  0.20  0.60  0.25  0.13  0.27  0.23  0.17  0.70  0.23  0.39  0.33  0.29  0.14  0.33  0.30  -0.01  
91260  0.27  0.34  0.38  0.12  0.16  0.17  0.04  0.19  0.65  0.64  0.26  0.25  0.14  0.27  0.39  0.32  
91261  0.53  0.42  0.47  0.26  0.33  0.06  0.15  0.31  0.46  0.56  0.24  0.42  0.29  0.27  0.05  0.13  
91263  0.33  0.41  0.11  0.03  0.33  0.11  0.26  0.46  0.57  0.57  0.33  0.23  -0.02  0.47  0.39  0.14  
91264  0.55  0.54  0.43  0.35  0.11  0.30  0.19  0.48  0.43  0.39  0.25  0.23  0.05  0.25  0.02  0.19  
91265  0.20  0.34  0.45  0.20  0.41  0.06  0.20  0.50  0.50  0.49  0.29  0.15  0.14  0.27  0.13  0.13  
91266  0.10  0.29  0.15  0.20  0.40  0.44  0.07  0.62  0.44  0.45  0.50  0.23  0.08  0.60  0.33  0.16  
91267  0.36  0.19  0.26  0.27  0.19  0.18  0.18  0.57  0.59  0.42  0.62  0.32  0.22  0.36  0.19  0.15  
91268  0.05  0.30  0.26  0.28  0.14  0.46  0.04  0.36  0.10  0.57  0.35  0.34  0.01  0.43  0.31  0.11  
91269  0.33  0.15  0.42  0.16  0.27  0.18  0.02  0.15  0.25  0.55  0.37  0.13  0.08  0.12  0.15  0.02  
91270  0.43  0.51  0.43  0.26  0.33  0.25  0.16  0.63  0.38  0.50  0.58  0.27  0.03  0.30  0.36  -0.06  
91271  0.20  0.39  0.28  0.23  0.32  0.11  0.15  0.49  0.42  0.48  0.40  0.42  0.09  0.23  0.25  0.26  
91275  0.47  0.48  0.25  0.25  0.22  0.12  0.48  0.47  0.31  0.17  0.18  0.30  0.15  0.11  0.09  0.11  
91277  0.39  0.45  0.34  0.35  0.24  0.23  0.35  0.18  0.06  0.56  0.56  0.09  -0.15  0.03  0.15  -0.03  
91278  0.37  0.43  0.57  0.13  0.33  0.13  0.30  0.42  0.49  0.26  0.42  0.21  0.06  0.11  0.20  0.42  
91279  0.28  0.52  0.38  0.35  0.36  0.08  0.03  0.24  0.59  0.36  0.46  -0.03  0.06  0.25  0.10  -0.01  
91280  0.60  0.37  0.18  0.18  -0.00  0.24  0.23  0.62  0.43  0.64  0.24  0.35  0.20  0.11  0.23  0.03  
91283  0.32  0.49  0.17  0.10  0.40  0.31  0.13  0.40  0.47  0.35  0.59  0.27  0.11  0.21  0.40  0.14  
91284  0.50  0.26  0.47  0.11  0.15  0.19  0.41  0.52  0.18  0.55  0.39  0.12  0.08  0.21  -0.15  0.14  
91285  0.39  0.43  0.32  0.39  0.21  -0.01  0.17  0.50  0.47  0.74  0.42  0.10  0.03  0.32  -0.07  0.06  
91286  0.22  0.65  0.69  0.46  0.37  0.06  0.07  0.34  0.20  0.45  0.59  0.35  0.10  0.17  0.24  0.04  
91287  0.32  0.40  0.35  0.29  0.14  0.22  0.01  0.46  0.49  0.34  0.50  0.28  0.08  0.31  0.23  0.42  
91288  0.21  0.46  0.23  0.17  0.33  0.15  -0.00  0.33  0.43  0.58  0.26  0.20  -0.09  0.30  0.13  0.02  
91289  0.17  0.38  0.33  0.03  0.26  0.30  0.17  0.33  0.26  0.62  0.46  0.28  -0.03  0.34  0.08  0.10  
91290  0.46  0.31  0.52  0.18  0.12  0.19  0.13  0.46  0.41  0.55  0.35  0.29  0.06  0.09  0.08  0.21  
91291  0.29  0.33  0.36  0.19  0.21  0.07  0.22  0.38  0.48  0.32  0.40  0.39  0.14  0.24  0.13  0.16  
91292  0.50  0.30  0.17  0.10  0.13  0.29  0.18  0.38  0.15  0.72  0.44  0.32  -0.17  0.28  0.25  0.03  
91293  0.51  0.46  0.35  0.17  0.01  0.22  0.17  0.35  0.44  0.57  0.47  0.25  -0.03  0.33  0.08  -0.02  
91294  0.24  0.24  0.12  0.24  0.15  0.26  0.29  0.49  0.62  0.58  0.66  0.26  0.14  0.30  -0.00  0.12  
91295  0.24  0.42  0.49  -0.05  -0.02  -0.04  0.15  0.16  0.27  0.61  0.30  0.15  0.29  0.27  0.21  0.12  
91296  0.35  0.29  0.52  0.01  0.19  0.35  0.16  0.50  0.23  0.55  0.20  0.23  0.18  0.10  0.33  0.16  
91297  0.40  0.59  0.43  0.40  0.29  0.19  0.16  0.55  0.50  0.56  0.19  0.18  0.23  0.10  0.26  0.21  
91298  0.40  0.24  0.22  0.26  0.20  0.28  0.14  0.36  0.24  0.55  0.31  0.14  -0.09  0.23  0.22  0.15  
91299  0.30  0.44  0.30  -0.02  0.19  0.22  0.35  0.33  0.42  0.69  0.43  0.28  0.28  0.16  0.32  -0.02  
91300  0.28  0.18  0.36  0.14  0.53  0.59  -0.12  0.64  0.25  0.53  0.32  0.18  -0.02  0.30  0.33  0.11  
91302  0.40  0.39  0.56  0.14  0.23  0.17  0.28  0.40  0.32  0.55  0.51  0.23  0.03  0.24  0.27  0.06  
91303  0.58  0.40  0.15  -0.04  0.26  0.10  0.19  0.58  0.15  0.49  0.35  0.45  0.14  0.24  0.00  0.23  
91304  0.38  0.19  0.45  0.28  0.45  0.23  0.31  0.40  0.54  0.53  0.16  0.22  0.25  0.26  0.31  0.13  
91305  0.45  0.62  0.15  0.13  0.10  0.07  0.52  0.49  0.24  0.52  0.51  0.24  0.09  0.09  0.30  0.03  
91306  0.34  0.48  0.40  0.35  0.26  0.25  0.41  0.43  0.38  0.46  0.45  0.17  0.08  0.46  0.42  0.12  
91307  0.27  0.28  0.35  0.32  0.22  0.26  0.39  0.43  0.14  0.56  0.37  0.22  0.15  0.24  0.01  0.08  
91308  0.30  0.43  0.34  0.24  0.24  0.20  0.07  0.42  0.42  0.65  0.17  0.36  0.16  0.22  0.28  0.22  
91309  0.37  0.18  0.41  0.21  0.03  0.22  0.52  0.39  0.34  0.40  0.35  0.49  0.20  0.34  0.37  0.11  
91310  0.42  0.39  0.33  0.12  0.19  0.39  0.45  0.52  0.32  0.40  0.48  0.28  0.15  0.27  0.18  -0.01  
91311  0.34  0.58  0.06  0.07  0.01  0.36  0.21  0.56  0.13  0.62  0.47  0.38  0.24  0.21  0.31  0.26  
91313  0.39  0.56  0.15  0.22  0.26  0.28  0.27  0.46  0.59  0.50  0.70  0.35  0.10  0.21  0.16  0.03  
91314  0.36  0.24  0.08  0.33  0.19  0.23  0.14  0.33  0.53  0.77  0.21  0.23  0.06  0.41  0.34  0.40  
91315  0.35  0.42  0.40  -0.02  0.30  0.29  -0.03  0.46  0.26  0.41  0.22  0.42  0.11  0.23  0.17  0.28  
91316  0.35  0.33  0.35  0.32  0.11  0.21  0.28  0.38  0.19  0.23  0.47  0.41  0.05  0.16  0.24  0.18  
91317  0.01  0.20  0.26  0.18  0.15  0.21  0.06  0.54  0.32  0.54  0.56  0.22  0.31  0.29  0.20  0.15  
91318  0.59  0.46  0.39  0.44  0.44  0.32  0.02  0.29  0.22  0.48  0.49  0.38  0.08  0.01  0.22  0.31  
91319  0.38  0.31  0.25  0.20  0.37  0.22  0.18  0.30  0.43  0.58  0.33  0.34  0.22  0.30  0.32  0.07  
91320  0.38  0.36  0.35  0.14  0.30  0.33  0.13  0.52  0.42  0.62  0.26  0.19  -0.02  0.27  0.27  0.27  
91321  0.50  0.33  0.15  0.09  0.32  0.41  0.27  0.55  0.34  0.66  0.32  0.20  -0.09  0.04  0.14  0.09  
91322  0.44  0.14  0.29  0.32  0.18  0.07  0.16  0.46  0.35  0.41  0.32  0.31  0.13  -0.04  0.16  0.07  
91323  0.45  0.02  0.43  0.21  0.04  0.35  -0.03  0.38  0.36  0.48  0.23  0.22  -0.19  0.34  0.16  0.08  
91324  0.43  0.44  0.40  0.14  0.24  0.40  0.15  0.28  0.35  0.72  0.26  0.26  0.18  0.19  0.25  0.02  
91325  0.42  0.45  0.17  -0.06  0.18  0.16  0.22  0.37  0.44  0.35  0.51  0.37  0.02  0.22  0.16  0.07  
91326  0.49  0.25  0.30  0.13  0.04  0.29  0.19  0.26  0.36  0.48  0.65  0.21  -0.04  0.24  0.03  -0.10  
91327  0.39  0.38  0.24  0.12  0.25  0.35  0.01  0.24  0.32  0.60  0.35  0.20  0.08  0.23  -0.04  0.27  
91328  0.37  0.12  0.27  0.32  0.27  0.48  0.29  0.46  0.34  0.39  0.37  0.32  0.15  0.27  0.18  0.10  
91330  0.47  0.24  0.48  -0.09  0.32  0.11  0.11  0.08  0.68  0.33  0.20  0.31  -0.02  0.22  0.23  0.07  
91331  0.31  0.36  0.34  0.36  0.20  0.37  0.11  0.50  0.44  0.66  0.51  0.25  0.09  0.27  0.12  0.24  
91332  0.48  0.30  0.43  0.33  0.20  0.35  0.20  0.47  0.28  0.53  0.41  0.36  0.15  0.32  0.10  -0.01  
91333  0.36  0.33  0.15  0.28  0.39  0.27  0.20  0.23  0.39  0.66  0.12  0.37  0.06  0.36  0.09  0.07  
91334  0.27  0.32  0.35  0.03  0.01  0.23  0.23  0.51  0.38  0.47  0.29  0.17  0.03  0.34  0.18  0.14  
91335  0.39  0.20  0.55  0.20  0.30  0.17  0.12  0.31  0.42  0.45  0.35  0.23  0.20  0.37  0.08  0.12  
91338  0.51  0.18  0.41  0.16  0.16  0.39  0.20  0.39  0.24  0.49  0.42  0.18  0.16  0.45  0.48  0.02  
91341  0.38  0.24  0.30  0.05  0.39  0.33  0.32  0.35  0.46  0.92  0.37  0.21  0.13  0.31  -0.06  0.14  
91342  0.36  0.44  0.24  0.07  0.29  0.25  0.17  0.44  0.44  0.40  0.45  0.12  0.01  0.36  -0.03  0.17  
91343  0.70  0.28  0.38  0.01  0.20  0.21  0.24  0.27  0.53  0.73  0.32  0.15  0.08  0.05  0.46  0.05  
91344  0.61  0.49  0.51  0.21  0.29  0.29  0.10  0.37  0.39  0.62  0.41  0.39  0.04  0.38  0.15  0.29  
91345  0.29  0.36  0.44  0.22  0.29  0.08  0.21  0.19  0.32  0.27  0.32  0.14  0.08  0.26  0.06  0.11  
91346  0.57  0.56  0.25  0.38  -0.03  0.35  0.13  0.35  0.35  0.69  0.33  0.24  0.02  0.11  0.11  0.03  
91347  0.38  0.53  0.46  0.04  0.25  0.20  0.41  0.45  0.38  0.67  0.18  0.29  0.08  0.24  0.38  0.20  
91348  0.25  0.54  0.34  0.17  0.15  0.10  0.07  0.44  0.41  0.38  -0.04  0.21  0.11  0.28  0.22  0.15  
91355  0.46  0.44  0.31  0.16  0.12  0.12  0.18  0.39  0.33  0.35  0.28  0.44  -0.10  0.30  0.27  0.13  
91356  0.35  0.50  0.20  0.13  0.24  0.15  0.36  0.37  0.30  0.46  0.19  0.24  0.11  0.39  0.15  0.14  
91357  0.30  0.34  0.48  0.06  0.31  0.20  0.29  0.46  0.35  0.55  0.26  0.24  0.10  0.18  0.15  0.29  
91358  0.34  0.33  0.42  0.36  0.09  0.21  0.18  0.72  0.29  0.57  0.63  0.49  0.02  0.12  0.20  0.14  
91359  0.42  0.05  0.47  0.28  0.37  -0.00  0.27  0.57  0.70  0.26  0.42  0.05  0.34  0.14  -0.02  0.27  
91360  0.30  0.29  0.25  0.17  0.25  0.28  0.19  0.52  0.12  0.59  0.38  0.22  0.01  0.47  0.13  0.03  
91361  0.40  0.37  0.35  0.26  0.49  0.27  0.42  0.33  0.51  0.51  0.38  0.22  0.14  0.24  0.17  0.23  
91362  0.37  0.36  0.38  0.13  0.17  0.35  0.29  0.45  0.42  0.40  0.37  0.24  0.03  0.27  0.18  0.02  
91363  0.52  0.39  0.39  0.21  0.31  0.07  0.21  0.24  0.47  0.50  0.47  0.33  0.02  0.18  0.38  0.24  
91364  0.33  0.12  0.61  0.22  0.11  0.22  0.33  0.22  0.39  0.28  0.25  0.19  0.10  0.19  0.15  0.11  
91365  0.17  0.33  0.47  0.36  0.09  0.13  0.24  0.33  0.51  0.43  0.29  0.18  0.16  0.26  0.33  0.03  
91366  0.53  0.20  0.38  0.48  0.18  0.28  0.14  0.52  0.38  0.61  0.12  0.27  -0.03  0.17  0.18  -0.10  
91367  0.39  0.33  0.41  0.40  0.12  0.24  0.51  0.30  0.29  0.56  0.29  0.08  0.16  0.51  0.29  0.16  
91368  0.34  0.20  0.39  0.20  0.12  0.27  0.40  0.28  0.27  0.42  0.44  0.16  0.02  0.31  0.11  0.25  
91369  0.30  0.27  0.22  0.04  0.18  0.18  0.20  0.44  0.34  0.41  0.35  0.26  0.16  0.14  0.28  0.05  
91370  0.52  0.11  0.38  0.18  0.16  0.29  0.15  0.34  0.51  0.32  0.06  0.28  0.20  0.19  0.06  0.12  
91371  0.41  0.13  0.27  0.32  0.31  0.20  0.50  0.20  0.16  0.68  0.27  0.29  0.02  0.26  0.39  0.19  
91372  0.39  0.35  0.35  0.33  0.15  0.38  0.33  0.57  0.32  0.49  0.18  0.08  0.09  0.40  0.12  0.13  
91373  0.40  0.27  0.03  0.44  0.37  0.25  0.42  0.68  0.43  0.33  0.55  0.26  0.15  0.14  0.10  0.32  
91374  0.33  0.47  0.55  0.08  0.01  0.33  0.45  0.52  0.29  0.46  0.23  0.27  0.03  0.10  0.19  0.08  
91375  0.18  0.25  0.43  0.26  0.43  0.27  0.21  0.35  0.48  0.61  0.29  0.22  0.02  0.24  0.07  0.06  
91376  0.41  0.38  0.50  0.24  0.16  0.20  0.56  0.33  0.19  0.66  0.54  0.11  0.12  0.32  0.11  0.11  
91377  0.63  0.38  0.26  0.08  0.21  0.25  0.26  0.38  0.14  0.43  0.54  0.44  0.21  0.07  0.25  0.05  
91379  0.38  0.38  0.16  0.50  0.20  0.23  0.12  0.64  0.40  0.66  0.35  0.29  0.08  0.32  0.14  0.12  
91380  0.34  0.32  0.31  0.19  0.20  0.06  0.13  0.31  0.37  0.61  0.25  0.40  0.16  0.27  0.17  0.19  
91381  0.55  0.28  0.49  0.27  0.34  0.25  0.33  0.44  0.20  0.42  0.40  0.24  0.10  0.34  0.32  0.37  
91382  0.37  0.07  0.42  0.19  0.23  0.31  0.26  0.45  0.34  0.49  0.43  0.37  0.19  0.28  0.44  0.20  
91383  0.35  0.41  0.32  0.22  0.20  0.43  0.05  0.40  0.30  0.40  0.37  0.30  0.05  0.07  0.13  0.15  
91384  0.66  0.43  0.55  0.18  0.09  0.29  0.21  0.42  0.43  0.49  0.55  0.36  -0.15  0.12  0.29  0.25  
91385  0.40  0.44  0.34  0.29  0.10  0.20  0.41  0.35  0.22  0.54  0.30  0.34  -0.02  0.31  0.08  0.11  
91386  0.39  0.26  0.34  0.17  0.31  0.15  0.35  0.47  0.35  0.56  0.33  0.14  0.16  0.20  0.19  0.20  
91387  0.35  0.06  0.50  0.20  0.26  0.25  0.23  0.43  0.39  0.52  0.43  0.34  0.03  0.30  0.31  0.10  
91388  0.35  0.22  0.57  0.25  0.27  0.25  0.30  0.45  0.07  0.63  0.28  0.35  -0.01  0.35  0.19  0.18  
91389  0.50  0.46  0.52  0.35  0.19  0.27  0.32  0.64  0.33  0.45  0.48  0.29  0.11  0.07  0.14  0.09  
91390  0.27  0.21  0.34  0.17  -0.03  0.26  0.35  0.60  0.26  0.54  0.47  0.36  0.16  0.16  0.08  0.01  
91391  0.59  0.36  0.25  0.24  0.32  0.45  0.27  0.48  0.36  0.65  0.25  0.31  0.15  0.39  0.03  0.23  
91392  0.17  0.26  0.35  0.28  0.30  0.19  0.25  0.39  0.46  0.65  0.37  0.31  0.06  0.27  -0.00  0.12  
91393  0.23  0.31  0.22  0.18  0.29  0.20  0.60  0.53  0.30  0.41  0.30  0.20  0.15  0.22  0.20  -0.05  
91394  0.62  0.30  0.35  0.08  0.36  0.30  0.23  0.49  0.25  0.30  0.35  0.19  0.24  0.16  0.16  0.04  
91395  0.51  0.31  0.44  0.24  0.24  0.32  0.32  0.45  0.39  0.52  0.28  0.33  0.03  0.27  0.25  0.22  
91396  0.38  0.36  0.43  0.15  0.21  0.30  0.39  0.32  0.27  0.51  0.41  0.30  -0.09  0.25  0.39  0.06  
91397  0.30  0.41  0.49  0.21  0.11  0.41  0.35  0.39  0.39  0.48  0.31  0.23  -0.03  0.12  0.17  -0.02  
91399  0.46  0.29  0.37  0.31  0.21  0.38  0.41  0.53  0.44  0.72  0.36  0.23  -0.01  0.22  0.15  0.01  
91400  0.44  0.28  0.52  0.19  0.22  0.29  0.35  0.51  0.34  0.72  0.47  0.26  -0.05  0.33  0.25  0.18  
91401  0.34  0.56  0.30  0.34  0.15  0.40  0.34  0.65  0.18  0.50  0.37  0.56  -0.16  0.23  0.29  0.10  
91402  0.17  0.48  0.38  0.45  0.38  0.27  0.78  0.24  0.40  0.48  0.40  0.05  -0.06  0.24  0.32  0.15  
91403  0.41  0.30  0.63  0.12  0.18  0.32  0.41  0.18  0.48  0.60  0.47  0.32  0.11  0.13  -0.13  0.07  
91404  0.41  0.29  0.28  0.09  0.24  0.36  0.30  0.60  0.17  0.60  0.45  0.32  0.08  0.54  0.29  0.25  
91405  0.26  0.34  0.23  0.14  0.19  0.36  0.36  0.41  0.13  0.69  0.54  0.14  0.07  0.34  0.39  0.20  
91406  0.41  0.33  0.50  0.25  0.10  -0.06  0.46  0.13  0.15  0.72  0.41  0.06  0.16  0.34  0.06  0.25  
91408  0.34  0.42  0.19  0.40  0.38  0.46  0.15  0.44  0.47  0.73  0.22  0.27  0.00  0.39  0.55  0.14  
91409  0.36  0.37  0.32  0.23  0.15  0.30  0.49  0.50  0.36  0.53  0.31  0.18  -0.02  0.41  0.33  0.30  
91410  0.18  0.26  0.21  0.04  0.20  0.07  0.44  0.50  0.23  0.74  0.22  0.42  0.25  0.00  0.32  -0.03  
91411  0.41  0.27  0.46  0.43  0.14  0.24  0.10  0.44  0.46  0.45  0.26  0.37  0.06  0.60  0.09  -0.10  
91412  0.51  0.43  0.35  0.47  0.36  0.37  0.21  0.25  0.15  0.44  0.20  0.20  0.11  0.40  0.15  0.14  
91413  0.51  0.41  0.34  0.21  0.46  0.20  0.36  0.49  0.31  0.72  0.29  0.14  0.04  0.43  0.23  0.15  
91414  0.54  0.36  0.36  0.21  0.02  -0.16  0.10  0.30  0.26  0.97  0.39  0.64  0.10  0.22  0.15  -0.03  
91415  0.42  0.14  0.16  0.17  0.19  0.24  0.26  0.41  0.09  0.44  0.43  0.16  0.10  0.41  0.02  0.18  
91416  0.25  0.34  0.24  0.23  0.05  0.31  0.30  0.41  0.22  0.46  0.40  0.28  0.08  0.54  0.24  0.02  
91417  0.31  0.30  0.35  0.42  0.19  0.21  0.31  0.36  0.51  0.66  0.66  0.22  0.12  0.09  0.28  0.27  
91418  0.49  0.36  0.26  0.19  0.18  0.28  0.41  0.22  0.37  0.41  0.39  0.12  0.06  0.15  0.19  0.15  
91419  0.33  0.29  0.32  0.17  0.09  0.43  0.32  0.34  0.38  0.45  0.31  0.25  -0.05  0.29  0.32  0.11  
91420  0.33  0.28  0.18  0.38  0.31  0.38  0.39  0.50  0.26  0.52  0.43  0.21  -0.09  0.25  0.10  0.10  
91421  0.36  0.40  0.45  0.26  0.12  0.33  0.39  0.21  0.24  0.41  0.24  0.20  -0.05  0.33  0.14  0.02  
91422  0.39  0.22  0.37  0.22  0.26  0.33  0.38  0.39  0.39  0.73  0.35  0.45  0.18  0.23  0.08  0.06  
91423  0.28  0.36  0.30  0.38  0.37  0.10  0.39  0.40  0.29  0.36  0.26  0.08  0.15  0.44  0.08  0.21  
91424  0.08  0.12  0.32  0.14  0.33  0.13  0.25  0.36  0.46  0.52  0.33  0.41  0.06  0.44  0.33  0.02  
91425  0.57  0.38  0.32  0.32  0.27  0.24  0.35  0.31  0.40  0.67  0.31  0.26  0.03  0.50  0.42  0.14  
91426  0.28  0.37  0.25  0.06  0.16  0.35  0.66  0.29  0.49  0.52  0.37  0.24  0.07  0.30  -0.06  0.07  
91427  0.49  0.24  0.28  0.15  0.22  0.35  0.22  0.32  0.26  0.47  0.25  0.30  -0.04  0.35  0.04  0.09  
91428  0.35  0.66  0.31  0.14  0.50  0.26  0.37  0.39  0.20  0.47  0.38  0.29  0.17  0.19  0.33  0.17  
91429  0.34  0.42  0.17  0.14  0.30  0.35  0.26  0.28  0.45  0.38  0.29  0.23  0.09  0.32  0.12  0.19  
91430  0.43  0.35  0.57  0.30  0.42  0.20  0.44  0.27  0.44  0.43  0.30  0.32  0.06  0.35  0.32  0.01  
91431  0.31  0.40  0.33  0.24  0.06  0.33  0.34  0.44  0.17  0.57  0.17  0.11  0.11  0.21  0.09  -0.06  
91432  0.13  0.17  0.29  0.10  0.07  0.16  0.19  0.29  0.64  0.33  0.44  0.23  0.15  0.29  0.16  0.00  
91433  0.48  0.22  0.30  0.12  0.35  0.28  0.18  0.33  0.49  0.44  0.26  0.17  0.07  0.37  0.19  0.12  
91434  0.46  0.52  0.25  0.23  0.14  0.21  0.33  0.26  0.33  0.27  0.32  0.06  0.06  0.39  0.37  0.18  
91435  0.54  0.39  0.49  0.17  0.15  0.26  0.34  0.64  0.46  0.60  0.33  0.39  0.19  0.41  0.15  0.07  
91436  0.29  0.28  0.32  0.23  0.34  0.15  0.39  0.53  0.45  0.58  0.46  0.16  0.28  0.20  0.12  0.02  
91437  0.31  0.35  0.42  0.22  0.18  0.36  0.45  0.48  0.49  0.59  0.38  0.24  -0.07  0.11  0.32  0.23  
91438  0.45  0.26  0.28  0.16  0.32  0.17  0.26  0.60  0.50  0.41  0.51  0.17  0.02  0.43  0.11  0.05  
91439  0.33  0.48  0.32  0.57  0.20  0.22  0.15  0.36  0.45  0.66  0.28  0.30  0.19  0.18  0.09  0.05  
91440  0.38  0.38  0.28  0.13  0.09  0.34  0.29  0.44  0.43  0.46  0.45  0.35  0.06  0.26  -0.09  0.16  
91441  0.46  0.45  0.43  0.29  0.39  0.12  0.20  0.48  0.47  0.61  0.20  0.19  0.18  0.35  0.24  0.16  
91442  0.26  0.44  0.29  0.04  0.27  0.29  0.26  0.44  0.23  0.62  0.38  0.40  0.19  0.22  0.26  0.03  
91443  0.41  0.25  0.25  0.11  0.36  0.54  0.37  0.44  0.29  0.49  0.28  0.30  0.04  0.35  0.18  0.10  
91444  0.18  0.26  0.12  0.44  0.23  0.24  0.54  0.51  0.47  0.47  0.55  0.01  0.11  0.23  0.17  0.21  
91445  0.35  0.32  0.39  -0.06  0.27  0.21  0.25  0.56  0.53  0.34  0.44  0.24  0.08  0.49  0.13  0.18  
91446  0.45  0.16  0.43  0.25  0.33  -0.03  0.31  0.37  0.36  0.73  0.20  0.26  0.04  0.21  0.12  0.11  
91447  0.40  0.34  0.39  0.23  0.29  0.31  0.30  0.16  0.52  0.53  0.48  0.12  0.07  0.19  0.31  0.17  
91448  0.19  0.41  0.19  0.18  0.17  0.37  0.22  0.25  0.27  0.45  0.45  0.18  0.12  0.12  0.25  0.17  
91449  0.37  0.23  0.32  0.19  0.16  0.07  0.24  0.38  0.34  0.37  0.34  0.36  0.02  0.13  0.01  0.22  
91450  0.20  0.11  0.48  0.19  0.36  0.15  0.39  0.42  0.50  0.59  0.38  0.41  0.08  0.40  -0.03  0.18  
91451  0.33  0.25  0.32  0.30  0.20  0.26  0.30  0.34  0.52  0.65  0.58  0.21  0.09  0.33  0.14  0.12  
91452  0.40  0.38  0.29  0.30  0.38  0.44  0.36  0.53  0.29  0.59  0.23  0.24  0.10  0.51  0.22  0.46  
91453  0.24  0.28  0.35  0.30  0.32  0.24  0.38  0.30  0.51  0.51  0.31  0.36  -0.02  0.22  0.03  0.18  
91454  0.33  0.34  0.44  0.12  0.26  0.38  0.43  0.38  0.48  0.72  0.24  0.17  0.14  0.26  0.01  0.23  
91455  0.32  0.32  0.44  0.09  0.18  0.23  0.24  0.57  0.30  0.67  0.22  0.16  0.11  0.23  0.28  0.19  
91456  0.67  0.33  0.25  0.15  0.18  0.18  0.17  0.28  0.30  0.44  0.29  0.21  0.31  0.38  0.22  0.51  
91457  0.29  0.43  0.07  0.11  -0.01  0.09  0.42  0.43  0.28  0.62  0.42  0.22  -0.01  0.20  0.19  0.15  
91458  0.35  0.24  0.41  0.10  0.11  0.36  0.31  0.42  0.28  0.43  0.28  0.27  0.08  0.44  0.08  0.14  
91459  0.48  0.26  0.34  0.25  0.26  0.26  0.30  0.25  0.44  0.30  0.27  0.44  0.07  0.41  0.15  0.13  
91460  0.36  0.27  0.30  0.23  0.10  0.29  0.12  0.46  0.35  0.46  0.11  0.12  0.11  0.06  0.03  0.04  
91461  0.53  0.30  0.30  0.36  0.49  0.31  0.20  0.64  0.46  0.50  0.37  0.35  0.07  0.64  -0.07  -0.02  
91462  0.35  0.36  0.34  0.39  0.12  0.52  0.12  0.47  0.47  0.41  0.27  0.22  0.03  0.60  0.24  0.07  
91463  0.37  0.47  0.31  0.19  0.11  0.59  0.03  0.17  0.58  0.44  0.44  0.28  -0.09  0.28  0.14  0.14  
91467  0.46  0.32  0.22  0.14  0.27  0.30  0.36  0.47  0.36  0.58  0.28  0.16  0.27  0.29  0.19  0.10  
91468  0.45  0.33  0.41  0.13  0.22  0.26  0.34  0.40  0.55  0.55  0.32  0.13  0.01  0.25  0.07  0.13  
91469  0.20  0.21  0.48  0.21  0.15  0.21  0.29  0.48  0.37  0.65  0.21  0.25  0.06  0.23  0.20  0.11  
91470  0.29  0.55  0.44  0.36  0.31  0.39  0.50  0.47  0.49  0.46  0.36  0.39  0.11  0.19  0.37  0.21  
91471  0.30  0.32  0.52  0.16  0.14  0.25  0.41  0.24  0.40  0.40  0.13  0.11  0.04  0.39  0.33  0.05  
91472  0.15  0.42  0.47  0.14  0.26  0.38  0.42  0.57  0.21  0.55  0.22  0.05  0.13  0.22  0.19  0.20  
91473  0.40  0.42  0.33  0.26  0.12  0.18  0.23  0.22  0.34  0.49  0.36  0.16  -0.05  0.11  0.31  0.05  
91474  0.23  0.38  0.34  0.21  0.25  0.20  0.56  0.41  0.27  0.54  0.24  0.26  0.07  0.23  0.27  0.29  
91475  0.09  0.49  0.26  0.26  0.02  0.30  0.44  0.34  0.63  0.49  0.38  0.35  -0.06  0.33  0.29  0.25  
91476  0.39  0.48  0.46  0.18  0.10  0.38  0.28  0.17  0.37  0.52  0.27  0.14  0.19  0.29  0.02  0.19  
91477  0.23  0.37  0.19  0.25  0.13  0.31  0.21  0.54  0.27  0.46  0.42  0.19  -0.03  0.13  0.24  0.04  
91478  0.39  0.46  0.26  0.19  0.27  0.04  0.46  0.44  0.46  0.56  0.41  0.22  0.06  0.40  0.15  0.03  
91479  0.36  0.49  0.34  0.30  0.33  0.19  0.27  0.33  0.40  0.38  0.24  0.10  0.07  0.13  0.17  0.23  
91480  0.27  0.24  0.30  0.23  0.28  0.17  0.37  0.73  0.45  0.51  0.26  0.14  0.03  0.38  0.21  0.06  
91481  0.41  0.54  0.28  0.19  0.12  0.51  0.31  0.46  0.34  0.65  0.21  0.43  0.10  0.36  0.36  0.04  
91482  0.60  0.34  0.39  0.23  0.15  0.29  0.27  0.45  0.31  0.74  0.35  0.17  0.07  0.31  0.03  -0.04  
91483  0.35  0.59  0.17  0.20  0.18  0.40  0.24  0.51  0.41  0.48  0.09  0.30  -0.01  0.37  0.31  -0.02  
91484  0.40  0.46  0.41  0.31  0.40  0.18  0.24  0.42  0.39  0.61  0.49  0.15  0.04  0.35  0.16  0.04  
91485  0.41  0.35  0.21  0.42  0.24  0.07  0.46  0.33  0.27  0.60  0.32  0.32  0.05  0.21  0.14  0.16  
91486  0.33  0.35  0.53  0.34  0.47  0.24  0.49  0.22  0.54  0.60  0.58  0.42  0.07  0.53  0.27  0.29  
91487  0.54  0.12  0.47  -0.00  0.44  0.50  0.25  0.44  0.25  0.62  0.26  0.22  -0.04  0.21  0.41  0.03  
91488  0.45  0.32  0.20  0.35  0.17  0.34  0.42  0.49  0.29  0.62  0.15  0.19  0.05  0.05  0.24  0.21  
91489  0.30  0.32  0.27  0.04  0.24  0.19  0.06  0.50  0.37  0.52  0.46  0.39  0.25  0.28  0.30  0.28  
91490  0.36  0.46  0.31  0.16  0.11  0.17  0.34  0.51  0.52  0.62  0.26  0.24  0.17  0.22  0.31  0.03  
91491  0.38  0.48  0.49  0.08  0.16  0.22  0.36  0.34  0.27  0.46  0.42  0.17  -0.15  0.38  0.12  -0.05  
91492  0.27  0.36  0.30  0.30  0.20  0.35  0.32  0.38  0.27  0.53  0.39  0.21  0.15  0.14  0.20  -0.01  
91493  0.32  0.44  0.40  0.10  0.22  0.45  0.33  0.32  0.42  0.59  0.31  0.36  0.22  0.19  0.20  0.08  
91494  0.26  0.41  0.27  0.37  0.23  0.32  0.42  0.35  0.43  0.37  0.35  0.12  0.05  0.29  0.06  0.16  
91495  0.72  0.36  0.38  0.00  0.25  0.40  0.04  0.08  0.32  0.54  0.21  0.33  0.20  0.38  0.13  -0.03  
91496  0.41  0.35  0.26  0.27  0.29  0.39  0.36  0.52  0.28  0.39  0.24  0.12  0.09  0.16  0.16  0.04  
91497  0.13  0.23  0.43  0.29  -0.08  0.19  0.26  0.38  0.57  0.56  0.26  0.34  -0.00  0.21  0.26  0.02  
91498  0.49  0.44  0.33  0.39  0.16  0.51  0.60  0.61  0.34  0.70  0.49  0.21  0.02  0.31  0.28  0.18  
91499  0.38  0.19  0.36  -0.10  0.14  0.24  0.23  0.48  0.32  0.60  0.18  0.33  -0.01  0.22  0.07  0.11  
91500  0.24  0.34  0.37  0.24  0.11  0.41  0.20  0.44  0.33  0.63  0.20  0.21  0.09  0.22  0.07  0.07  
91501  0.35  0.41  0.18  0.45  -0.05  0.41  0.33  0.26  0.24  0.65  0.20  0.39  0.23  0.15  0.13  0.26  
91502  0.32  0.33  0.40  0.11  0.24  0.42  0.18  0.39  0.40  0.73  0.26  0.16  0.18  0.06  0.25  0.28  
91503  0.47  0.12  0.15  0.02  0.16  0.60  0.25  0.40  0.56  0.59  0.15  0.10  0.16  0.44  0.27  0.08  
91504  0.41  0.34  0.26  0.24  0.15  0.29  0.33  0.30  0.37  0.50  0.38  0.20  0.19  0.21  0.33  0.22  
91505  0.44  0.14  0.61  0.25  0.34  0.04  0.36  0.34  0.40  0.40  0.46  0.33  0.22  0.23  0.36  0.05  
91507  0.37  0.19  0.27  0.10  0.21  0.49  0.32  0.41  0.38  0.61  0.40  0.11  0.00  0.33  -0.05  0.24  
91508  0.33  0.51  0.45  0.01  0.24  0.37  0.46  0.47  0.39  0.53  0.32  0.26  0.17  0.14  0.20  0.06  
91509  0.35  0.43  0.47  0.40  0.20  0.27  0.49  0.40  0.28  0.50  0.19  0.28  0.24  0.15  0.28  0.25  
91510  0.31  0.29  0.32  0.56  0.34  0.36  0.45  0.55  0.45  0.59  0.34  0.25  0.08  0.21  0.14  0.21  
91511  0.29  0.36  0.44  0.25  0.16  0.23  0.36  0.37  0.48  0.36  0.31  0.40  0.22  0.29  0.11  0.08  
91512  0.39  0.16  0.30  0.08  0.33  0.19  0.22  0.28  0.33  0.54  0.54  0.33  0.19  0.57  0.15  0.20  
91513  0.46  0.33  0.22  0.42  0.49  0.30  0.34  0.26  0.49  0.48  0.30  0.23  0.12  0.29  0.14  0.04  
91514  0.54  0.30  0.21  0.20  0.27  0.35  0.20  0.50  0.56  0.51  0.29  0.41  -0.10  0.24  0.15  0.04  
91515  0.18  0.46  0.37  0.24  0.13  0.41  0.38  0.51  0.59  0.69  0.33  0.38  0.02  0.19  0.29  0.06  
91516  0.21  0.35  0.28  0.10  0.28  0.30  0.41  0.36  0.38  0.52  0.41  0.24  0.12  0.22  0.04  0.15  
91517  0.33  0.33  0.17  0.04  0.39  0.38  0.24  0.51  0.53  0.55  0.34  0.24  -0.02  0.27  0.37  0.03  
91518  0.31  0.47  0.29  0.04  0.21  0.46  0.46  0.38  0.43  0.40  0.21  0.21  0.06  0.35  0.18  0.26  
91519  0.47  0.41  0.56  0.29  0.34  0.33  0.25  0.62  0.24  0.83  0.02  0.27  0.05  0.11  0.43  0.09  
91520  0.35  0.24  0.35  0.26  0.23  0.30  0.54  0.28  0.26  0.29  0.17  0.22  0.06  0.24  0.37  0.17  
91521  0.35  0.34  0.33  0.11  0.38  0.26  0.41  0.36  0.53  0.48  0.44  0.18  0.09  0.16  0.33  0.26  
91522  0.49  0.32  0.42  0.17  0.27  0.25  0.47  0.39  0.42  0.52  0.31  0.34  -0.01  0.17  0.26  0.11  
91523  0.35  0.31  0.31  0.21  0.21  0.35  0.26  0.43  0.32  0.47  0.28  0.19  0.08  0.29  0.24  0.14  
91524  0.51  0.47  0.33  0.37  0.26  0.41  0.32  0.39  0.34  0.35  0.35  0.17  -0.10  0.09  0.09  0.15  
91525  0.35  0.40  0.32  0.18  0.02  0.43  0.46  0.49  0.35  0.43  0.42  0.30  0.20  0.29  0.17  0.25  
91526  0.44  0.54  0.35  0.02  0.05  0.45  0.51  0.33  0.48  0.45  0.34  0.01  0.14  0.30  0.09  -0.02  
91527  0.45  0.19  0.26  0.16  0.21  0.16  0.38  0.43  0.43  0.46  0.25  0.29  -0.11  0.25  0.16  0.15  
91531  0.35  0.31  0.36  -0.13  0.19  0.37  0.09  0.37  0.39  0.61  0.35  0.39  0.01  0.31  0.11  0.20  
91532  0.22  0.24  0.42  0.32  0.20  0.14  0.44  0.53  0.41  0.45  0.43  0.30  -0.04  0.37  0.23  0.23  
91533  0.54  0.33  0.38  0.29  0.44  0.10  0.29  0.71  0.43  0.59  0.29  0.26  0.07  0.15  0.16  0.15  
91534  0.31  0.42  0.40  0.20  0.24  0.38  0.45  0.23  0.28  0.37  0.36  0.16  0.18  0.41  0.17  0.26  
91535  0.50  0.46  0.17  0.25  0.32  0.30  0.28  0.66  0.32  0.55  0.40  0.04  0.02  0.33  0.12  -0.09  
91536  0.44  0.47  0.23  0.06  0.33  0.18  0.14  0.46  0.37  0.48  0.55  0.37  0.03  0.42  0.17  0.36  
91537  0.55  0.29  0.27  0.44  0.42  0.34  0.28  0.42  0.37  0.26  0.32  0.17  -0.03  0.20  0.17  0.19  
91538  0.43  0.47  0.29  0.30  0.63  0.27  0.32  0.37  0.16  0.62  0.27  0.24  0.06  0.38  0.24  0.17  
91539  0.42  0.31  0.41  0.26  0.19  0.15  0.45  0.58  0.61  0.58  0.47  0.24  0.12  0.21  0.24  0.40  
91540  0.33  0.55  0.42  0.21  0.24  0.40  0.29  0.35  0.39  0.47  0.21  0.32  0.08  0.25  0.27  0.14  
91541  0.40  0.31  0.36  0.33  0.19  0.24  0.32  0.63  0.19  0.41  0.51  0.30  0.14  0.26  0.03  0.14  
91542  0.40  0.36  0.31  0.23  0.17  -0.00  0.44  0.51  0.30  0.53  0.44  0.18  -0.04  0.48  0.14  0.14  
91543  -0.24  0.22  0.40  -0.02  0.48  0.27  0.40  0.55  0.26  0.89  0.19  0.06  -0.04  0.18  0.02  0.05  
91544  0.40  0.38  0.27  0.20  0.38  0.34  0.37  0.33  0.43  0.57  0.63  0.15  -0.00  0.10  0.11  0.16  
91546  0.46  0.64  0.52  0.25  0.58  0.18  0.28  0.52  0.63  0.31  0.33  0.43  0.09  0.45  -0.00  0.32  
91547  0.19  0.40  0.28  0.30  0.35  0.02  0.28  0.55  0.34  0.64  0.59  0.46  0.08  0.20  0.28  0.23  
91548  0.31  0.26  0.29  0.06  0.30  0.23  0.12  0.37  0.33  0.55  0.35  0.18  0.02  0.21  0.24  0.14  
91549  0.40  0.28  0.49  0.19  0.32  0.25  0.47  0.50  0.53  0.47  0.50  0.15  0.03  0.39  0.08  -0.08  
91550  0.49  0.40  0.09  0.46  0.14  0.24  0.33  0.53  0.41  0.40  0.46  0.46  0.01  0.20  0.51  -0.01  
91551  0.21  0.42  0.38  0.37  0.19  0.13  0.35  0.44  0.54  0.48  0.27  0.10  0.00  0.25  0.33  0.16  
91552  0.36  0.35  0.24  0.23  0.23  0.28  0.48  0.49  0.41  0.46  0.41  0.32  -0.11  0.24  0.06  0.21  
91554  0.21  0.49  0.30  0.17  0.18  0.31  0.27  0.38  0.34  0.63  0.30  0.28  0.07  0.42  0.34  0.27  
91555  0.37  0.43  0.09  0.24  0.22  0.13  0.38  0.46  0.41  0.47  0.36  0.25  0.08  0.31  0.14  0.26  
91556  0.33  0.29  0.41  0.38  0.24  0.11  0.50  0.43  0.48  0.49  0.26  0.15  0.22  0.39  0.21  0.16  
91557  0.21  0.35  0.32  0.24  0.38  0.47  0.47  0.37  0.41  0.57  0.50  0.25  -0.03  0.29  0.16  -0.12  
91558  0.49  0.49  0.51  0.47  0.32  0.22  0.34  0.44  0.26  0.38  0.15  0.01  -0.07  0.27  0.16  0.27  
91559  0.48  0.37  0.26  0.33  0.23  0.22  0.33  0.57  0.41  0.43  0.41  0.31  -0.05  0.34  0.29  0.10  
91561  0.26  0.27  0.21  0.24  0.34  0.34  0.24  0.53  0.35  0.45  0.38  0.27  -0.01  0.27  0.29  0.15  
91562  0.43  0.35  0.39  0.42  0.11  0.48  0.33  0.32  0.50  0.49  0.27  0.19  0.04  0.30  0.30  0.25  
91563  0.44  0.34  0.37  0.14  0.37  0.28  0.27  0.32  0.20  0.41  0.30  0.12  0.04  0.39  0.20  0.20  
91564  0.46  0.40  0.49  0.04  0.23  0.36  0.22  0.51  0.39  0.61  0.46  0.11  0.07  0.30  0.15  0.23  
91565  0.46  0.46  0.24  0.26  0.27  -0.02  0.37  0.44  0.24  0.53  0.31  0.34  0.12  0.08  -0.01  0.24  
91566  0.35  0.50  0.35  0.11  0.30  0.09  0.34  0.49  0.31  0.69  0.22  0.10  0.05  0.27  0.10  0.03  
91567  0.37  0.38  0.37  0.29  0.28  0.25  0.25  0.60  0.27  0.39  0.24  0.26  0.11  0.25  0.14  0.16  
91568  0.19  0.48  0.33  0.17  0.21  0.28  0.53  0.42  0.32  0.36  0.25  0.05  0.00  0.41  0.32  0.13  
91569  0.61  0.18  0.34  0.27  0.16  -0.06  0.30  0.43  0.36  0.26  0.37  0.25  0.01  0.11  0.24  0.12  
91570  0.29  0.42  0.27  0.24  0.24  0.24  0.47  0.27  0.22  0.41  0.34  -0.01  0.03  0.19  0.28  0.08  
91571  0.49  0.60  0.36  0.42  0.16  0.15  0.32  0.37  0.43  0.57  0.32  0.19  0.05  0.37  -0.01  0.21  
91572  0.27  0.32  0.24  0.23  0.24  0.26  0.51  0.57  0.19  0.29  0.43  0.33  0.17  -0.00  0.03  0.04  
91573  0.50  0.72  0.34  0.20  0.22  0.34  0.33  0.49  0.40  0.37  0.44  0.35  -0.00  0.29  0.14  0.10  
91574  0.63  0.34  0.25  0.40  0.35  0.33  0.51  0.64  0.32  0.36  0.44  0.14  0.03  0.47  0.17  0.00  
91575  0.37  0.35  0.35  0.23  0.38  0.24  0.13  0.39  0.23  0.39  0.43  0.27  0.19  0.31  0.09  0.05  
91576  0.54  0.43  0.33  0.41  0.11  0.16  0.33  0.50  0.35  0.18  0.30  0.13  0.05  0.35  0.19  0.39  
91577  0.51  0.44  0.51  -0.03  0.22  0.39  0.36  0.35  0.34  0.86  0.42  0.25  -0.08  0.52  0.45  0.11  
91578  0.18  0.49  0.28  0.26  0.15  0.13  0.16  0.53  0.30  0.45  0.53  0.18  0.22  0.40  0.20  0.01  
91579  0.15  0.44  0.37  0.31  0.22  0.21  0.25  0.26  0.31  0.49  0.54  0.14  0.02  0.28  0.11  0.36  
91590  0.40  0.32  0.31  0.20  0.39  0.39  0.13  0.47  0.40  0.48  0.33  0.26  0.12  0.31  0.14  0.10  
91593  0.25  0.48  0.38  0.22  0.29  0.27  0.27  0.59  0.36  0.76  0.40  0.32  0.08  0.20  0.06  -0.00  
91594  0.36  0.19  0.30  0.14  0.10  0.35  0.18  0.49  0.54  0.52  0.62  0.13  0.20  0.50  0.42  -0.03  
91595  0.13  0.35  0.35  0.38  0.40  0.51  0.20  0.58  0.44  0.53  0.40  0.42  0.11  0.21  0.25  0.17  
91596  0.23  0.23  0.38  0.13  0.23  0.39  0.24  0.59  0.45  0.42  0.31  0.21  0.02  0.34  0.30  0.12  
91601  0.38  0.39  0.27  0.26  0.27  0.15  0.19  0.27  0.21  0.58  0.18  0.38  0.29  0.41  0.03  -0.02  
91602  0.06  0.61  0.36  0.30  0.05  0.24  0.02  0.31  0.73  0.60  0.15  0.39  -0.00  0.15  0.27  0.20  
91603  0.27  0.37  0.54  0.13  0.34  0.63  0.15  0.42  0.30  0.52  0.26  0.37  0.15  0.34  0.44  0.02  
91604  0.11  0.31  0.25  0.36  0.03  0.56  -0.07  0.38  0.48  0.35  0.20  0.48  0.24  0.39  0.34  0.09  
91605  0.29  0.28  0.53  0.32  0.27  0.22  0.44  0.59  0.20  0.71  0.50  0.05  0.08  0.11  0.19  0.10  
91606  0.66  0.50  0.33  0.31  0.27  0.42  -0.02  0.16  0.09  0.28  0.13  0.01  0.25  0.30  -0.04  0.45  
91607  0.44  0.37  0.31  0.17  0.47  0.09  0.31  0.23  0.33  0.57  0.16  0.42  0.15  0.27  0.19  0.32  
91608  0.60  0.56  0.33  -0.09  0.42  0.28  0.15  0.68  0.36  0.63  0.35  0.09  0.02  0.46  0.42  -0.15  
91609  0.25  0.25  -0.13  0.16  0.08  0.28  0.63  0.37  0.38  0.43  0.30  0.49  0.44  0.18  -0.06  0.08  
91610  0.22  0.32  0.48  0.25  0.19  0.14  0.15  0.40  0.36  0.53  0.32  0.38  -0.10  0.28  -0.16  0.05  
91611  0.44  0.22  0.35  0.26  0.24  0.43  0.23  0.77  0.18  0.29  0.24  0.09  0.35  0.24  0.15  0.07  
91612  0.62  0.10  0.35  0.13  0.55  0.56  0.31  0.52  0.10  0.53  0.47  0.31  0.01  0.26  0.37  0.08  
91614  0.38  0.32  0.28  0.27  0.21  0.17  0.22  0.49  0.33  0.50  0.34  0.29  0.12  0.31  0.13  0.09  
91615  0.31  0.36  0.23  0.18  0.31  0.27  0.38  0.38  0.39  0.47  0.31  0.30  0.12  0.24  0.20  -0.12  
91616  0.20  0.20  -0.02  0.32  0.34  0.34  0.18  0.34  0.52  0.45  0.12  0.33  0.24  -0.04  0.42  0.08  
91617  0.30  0.31  0.31  0.22  0.24  0.32  0.20  0.53  0.45  0.55  0.52  0.27  0.14  0.33  0.30  0.13  
91618  0.29  0.35  0.33  0.18  0.24  0.33  0.22  0.53  0.43  0.53  0.54  0.29  0.12  0.31  0.28  0.16  
91619  0.29  0.35  0.29  0.21  0.21  0.29  0.23  0.54  0.43  0.53  0.52  0.31  0.12  0.29  0.29  0.15  
91620  0.31  0.33  0.32  0.22  0.27  0.31  0.24  0.56  0.46  0.53  0.52  0.28  0.14  0.30  0.31  0.10  
91621  0.27  0.32  0.29  0.19  0.25  0.31  0.25  0.51  0.45  0.54  0.52  0.32  0.15  0.31  0.30  0.13  
91622  0.34  0.36  0.29  0.17  0.24  0.30  0.22  0.54  0.41  0.59  0.56  0.28  0.13  0.31  0.29  0.12  
91623  0.30  0.35  0.32  0.19  0.28  0.31  0.21  0.53  0.41  0.54  0.51  0.28  0.16  0.32  0.30  0.15  
91624  0.30  0.33  0.30  0.20  0.21  0.34  0.26  0.53  0.49  0.55  0.52  0.30  0.14  0.31  0.29  0.13  
91625  0.31  0.39  0.25  0.14  0.36  0.31  0.21  0.50  0.41  0.56  0.46  0.34  0.13  0.33  0.21  0.20  
91626  0.20  0.37  0.37  0.22  0.49  0.35  0.24  0.50  0.58  0.55  0.54  0.50  0.17  0.21  0.24  0.14  
91627  0.33  0.34  0.40  0.25  0.25  0.38  0.28  0.55  0.52  0.53  0.60  0.33  0.18  0.32  0.25  0.15  
91628  0.32  0.39  0.28  0.20  0.29  0.29  0.25  0.50  0.44  0.52  0.55  0.30  0.12  0.30  0.30  0.16  
91629  0.36  0.42  0.31  0.22  0.26  0.33  0.23  0.57  0.45  0.52  0.56  0.26  0.13  0.32  0.25  0.16  
91630  0.25  0.48  0.35  0.23  0.27  0.27  0.33  0.45  0.46  0.48  0.66  0.32  0.21  0.37  0.32  0.11  
91631  0.37  0.36  0.33  0.32  0.28  0.33  0.21  0.55  0.50  0.56  0.58  0.28  0.17  0.32  0.30  0.17  
91632  0.37  0.38  0.32  0.22  0.20  0.30  0.30  0.48  0.56  0.54  0.49  0.24  0.14  0.33  0.19  0.16  
91633  0.37  0.31  0.13  0.18  0.25  0.32  0.46  0.55  0.35  0.54  0.66  0.24  0.14  0.39  0.36  0.37  
91634  0.34  0.35  0.32  0.23  0.24  0.36  0.26  0.54  0.48  0.58  0.56  0.28  0.16  0.27  0.29  0.14  
91635  0.27  0.37  0.31  0.24  0.26  0.36  0.27  0.53  0.48  0.54  0.56  0.30  0.15  0.33  0.26  0.13  
91636  0.29  0.39  0.34  0.18  0.30  0.27  0.27  0.56  0.48  0.59  0.51  0.32  0.16  0.40  0.31  0.11  
91637  0.34  0.41  0.37  0.20  0.24  0.30  0.27  0.53  0.44  0.55  0.55  0.29  0.17  0.30  0.26  0.13  
91638  0.27  0.36  0.32  0.21  0.25  0.33  0.24  0.51  0.40  0.54  0.54  0.27  0.15  0.31  0.31  0.09  
91639  0.19  0.20  0.32  0.11  0.17  0.24  0.02  0.34  0.26  0.37  0.28  0.10  0.13  0.34  0.32  0.15  
91640  0.20  0.11  0.16  0.12  0.10  0.25  0.04  0.27  0.17  0.29  0.26  0.16  0.12  0.30  0.11  0.11  
91641  0.23  0.14  0.25  0.13  0.13  0.24  0.01  0.37  0.22  0.31  0.23  0.17  0.09  0.30  0.16  0.12  
91642  0.22  0.12  0.25  0.11  0.14  0.24  0.06  0.35  0.23  0.26  0.24  0.13  0.12  0.34  0.15  0.07  
91645  0.23  0.14  0.22  0.15  0.15  0.26  0.05  0.30  0.17  0.40  0.18  0.13  0.10  0.31  0.15  0.13  
91646  0.27  0.12  0.32  0.13  0.17  0.28  0.08  0.34  0.17  0.28  0.18  0.17  0.11  0.30  0.20  0.08  
91647  0.24  0.13  0.22  0.19  0.15  0.25  0.06  0.25  0.19  0.40  0.21  0.15  0.07  0.24  0.11  0.12  
91648  0.35  0.37  0.34  0.20  0.24  0.28  0.27  0.56  0.48  0.56  0.50  0.28  0.17  0.27  0.23  0.11  
91649  0.36  0.28  0.34  0.21  0.28  0.25  0.27  0.69  0.32  0.70  0.51  0.39  -0.01  0.30  0.31  0.12  
91650  0.31  0.34  0.32  0.24  0.24  0.37  0.33  0.53  0.48  0.54  0.54  0.29  0.14  0.30  0.27  0.12  
91651  0.38  0.47  0.37  0.21  0.29  0.33  0.32  0.53  0.44  0.60  0.54  0.23  0.14  0.30  0.31  0.12  
91655  0.36  0.43  0.22  0.29  0.11  0.18  0.32  0.36  0.22  0.50  0.24  0.23  0.10  0.31  0.21  0.09  
91656  0.46  0.50  0.27  0.05  0.18  0.08  0.13  0.27  0.38  0.56  0.31  0.44  0.17  0.38  -0.05  0.00  
91657  0.42  0.53  0.03  0.73  0.30  0.21  0.07  0.58  0.47  0.79  0.18  0.21  -0.19  -0.00  0.56  0.06  
91658  0.31  0.48  0.39  0.30  0.35  0.21  0.23  0.35  0.48  0.64  0.35  0.24  0.00  0.13  0.09  0.21  
91659  0.30  0.42  0.32  0.12  0.13  0.26  0.22  0.38  0.56  0.53  0.51  0.32  0.23  0.30  0.26  0.06  
91662  0.30  0.43  0.28  0.25  0.38  0.24  0.42  0.43  0.34  0.49  0.40  0.15  0.23  0.13  0.06  0.06  
91663  0.43  0.28  0.20  0.17  0.28  0.22  0.47  0.53  0.31  0.70  0.29  0.45  0.08  0.08  0.15  0.05  
91664  0.35  0.34  0.14  0.19  0.31  0.12  0.31  0.50  0.55  0.42  0.31  0.10  0.16  0.34  0.13  0.04  
91665  0.26  0.35  0.25  0.01  0.16  0.43  0.13  0.48  0.42  0.56  0.41  0.19  0.08  0.15  0.15  0.24  
91666  0.71  0.29  0.35  0.19  0.02  0.38  0.19  0.23  0.22  0.44  0.53  0.26  0.24  0.32  0.33  -0.08  
91667  0.33  0.39  0.15  0.42  -0.00  0.13  0.19  0.51  0.43  0.47  0.43  0.24  -0.02  0.31  0.29  -0.05  
91668  0.25  0.56  0.37  0.10  0.12  0.13  0.41  0.46  0.38  0.50  0.24  0.25  0.09  0.15  0.37  -0.03  
91671  0.48  0.23  0.09  0.07  0.34  0.26  0.07  0.35  0.41  0.77  0.44  0.09  0.25  0.39  0.27  0.19  
91675  0.48  0.21  0.44  0.20  0.00  0.32  0.17  0.53  0.59  0.39  0.16  0.32  0.26  0.34  0.17  -0.00  
91676  0.37  0.61  0.35  0.07  0.12  0.29  0.35  0.34  0.40  0.38  0.58  0.16  0.04  0.27  0.01  0.04  
91677  0.03  0.10  0.27  0.26  0.20  0.16  0.44  0.22  0.43  0.59  0.52  0.29  0.01  0.63  0.40  0.14  
91680  0.49  0.30  0.17  0.26  0.37  0.18  0.22  0.47  0.78  0.32  0.58  0.10  0.30  0.11  0.12  -0.16  
91681  0.16  0.26  0.09  0.34  0.05  0.04  0.22  0.44  0.45  0.66  0.41  0.25  0.12  0.13  -0.03  -0.15  
91682  0.43  0.49  0.44  0.20  0.24  -0.10  0.22  0.36  0.32  0.22  0.48  -0.06  -0.08  0.46  0.12  0.00  
91683  0.53  -0.02  0.40  0.48  0.24  0.16  0.29  0.62  0.40  0.47  0.57  0.43  0.13  0.46  0.18  0.11  
91684  0.48  0.60  0.52  0.38  0.10  0.10  0.34  0.34  0.41  0.54  0.33  0.30  0.06  0.03  0.00  0.11  
91685  0.40  0.24  0.17  0.16  0.35  0.33  0.50  0.56  0.38  0.44  0.23  0.14  0.02  0.42  -0.13  -0.01  
91686  0.37  0.40  0.25  0.35  0.18  0.25  0.36  0.27  0.33  0.37  0.23  0.31  -0.02  0.44  0.31  0.07  
91687  0.50  0.46  0.30  0.06  0.37  0.11  0.34  0.49  0.23  0.69  0.28  0.15  0.13  0.32  0.34  0.07  
91688  0.31  0.17  0.39  0.32  0.04  0.17  0.32  0.43  0.32  0.58  0.15  0.34  0.06  0.32  0.14  0.25  
91689  0.46  0.40  0.29  0.41  0.30  0.12  0.11  0.26  0.37  0.58  0.38  0.26  -0.03  0.28  0.24  0.01  
91690  0.42  0.26  0.43  0.30  0.26  0.20  0.22  0.42  0.31  0.49  0.33  0.07  0.02  0.26  0.22  0.05  
91691  0.59  0.14  0.17  -0.08  -0.11  0.30  0.14  0.22  0.20  0.16  0.53  0.14  0.07  0.33  -0.07  0.35  
91692  0.24  0.37  0.17  0.36  0.29  0.17  0.40  0.57  0.31  0.34  0.41  0.33  -0.21  0.25  0.02  0.13  
91693  0.48  0.29  0.03  0.13  0.24  -0.06  0.15  0.71  0.33  0.71  0.47  0.11  -0.03  0.18  0.26  0.10  
91694  0.35  0.21  0.40  0.08  0.64  -0.03  0.44  0.49  0.20  0.57  0.49  0.01  0.00  0.24  0.36  0.11  
91695  0.47  0.28  0.44  0.10  0.18  0.46  0.42  0.35  0.48  0.68  0.41  0.20  0.28  0.10  0.32  0.06  
91712  0.32  0.51  -0.03  -0.10  0.04  0.11  0.20  0.73  0.50  0.50  0.20  0.29  -0.09  -0.09  0.02  0.03  
91713  0.42  0.15  0.43  0.04  0.12  0.25  0.49  0.66  0.31  0.96  0.32  0.25  0.17  0.23  0.10  0.09  
91726  0.16  0.44  0.19  0.23  0.01  0.43  0.20  0.65  0.54  0.52  0.16  0.19  0.13  0.24  0.20  0.25  
91727  0.47  0.28  0.05  0.56  0.28  0.08  -0.06  0.66  0.56  0.81  0.37  0.34  -0.08  0.31  0.28  0.43  
91737  0.42  0.27  0.11  0.32  0.22  0.34  0.52  0.26  0.32  0.79  0.22  0.17  0.19  0.34  0.05  0.32  
91748  0.21  0.39  0.24  0.19  0.33  0.44  0.50  0.23  0.21  0.46  0.25  0.10  -0.12  0.51  -0.13  0.07  
91751  0.58  0.31  0.26  0.15  0.16  0.39  0.38  0.52  0.32  0.77  0.46  0.21  0.20  0.18  0.38  0.19  
91752  0.66  0.37  0.42  0.27  0.16  0.28  0.41  0.50  0.56  0.60  0.36  0.11  0.11  0.22  0.28  0.17  
91756  0.51  0.24  0.01  0.34  0.27  0.17  0.24  0.07  0.57  0.39  0.15  0.29  0.14  0.37  0.25  -0.04  
91759  0.58  0.28  0.18  0.13  0.17  0.14  0.27  0.31  0.08  0.50  0.40  0.40  0.10  0.49  0.02  0.04  
91760  0.70  0.33  0.21  0.00  -0.23  0.47  -0.11  0.91  0.42  0.36  0.31  0.15  0.03  0.58  0.02  -0.29  
91774  0.22  0.40  0.27  0.12  0.46  0.34  0.14  0.50  0.46  0.45  0.08  0.04  0.00  0.15  0.25  -0.12  
91775  0.29  0.31  0.39  0.29  0.19  0.34  0.09  0.44  0.38  0.31  0.41  0.18  0.06  0.21  0.14  0.17  
91777  0.28  0.26  0.24  0.11  0.23  0.24  0.33  0.43  0.21  0.69  0.49  0.12  0.04  0.32  0.22  0.10  
91779  0.66  0.34  0.07  0.06  0.45  0.23  0.11  0.34  0.29  0.44  0.26  0.04  0.17  0.09  0.32  -0.14  
91780  0.34  0.36  0.39  -0.04  0.53  0.26  0.32  0.46  0.46  0.71  0.36  0.34  0.10  0.46  0.34  -0.14  
91786  0.28  0.21  0.50  0.56  0.39  0.49  0.42  0.51  0.30  0.67  0.23  0.08  -0.06  0.09  0.14  0.05  
91787  0.02  0.29  0.09  0.05  0.10  0.16  0.57  0.76  0.44  0.51  0.35  0.26  -0.12  0.12  -0.03  0.14  
91788  0.34  0.32  0.40  0.11  0.22  0.17  0.23  0.53  0.44  0.40  0.38  0.15  0.08  0.35  0.10  0.01  
91789  0.11  0.06  0.38  0.11  0.13  0.20  0.16  0.40  0.43  0.51  0.50  0.19  0.11  0.41  0.22  0.19  
91790  0.36  0.41  0.43  0.31  0.15  0.19  0.27  0.35  0.38  0.34  0.33  0.19  0.05  0.13  -0.06  0.01  
91791  0.52  0.50  0.35  0.29  0.10  0.24  0.27  0.57  0.43  0.52  0.45  0.38  0.05  0.11  0.12  0.14  
91792  0.31  0.23  0.28  0.52  0.30  0.04  0.03  0.33  0.42  0.61  0.32  0.43  0.15  0.20  0.36  0.11  
91793  0.47  0.22  0.51  0.15  0.16  0.30  0.17  0.53  0.27  0.17  0.38  -0.17  -0.02  0.37  0.02  -0.05  
91794  0.51  0.51  0.27  0.30  0.26  0.17  0.10  0.37  0.40  0.59  0.33  0.15  0.11  0.21  0.26  0.03  
91795  0.36  0.22  0.18  0.24  0.29  0.16  0.16  0.40  0.39  0.56  0.37  0.28  0.04  0.13  0.21  0.02  
91796  0.30  0.16  0.36  0.21  0.25  0.23  0.32  0.46  0.36  0.47  0.44  0.43  0.11  0.16  0.25  0.22  
91798  0.27  0.36  0.45  0.27  0.04  0.24  0.06  0.29  0.18  0.51  0.73  0.25  -0.06  0.26  0.05  0.07  
91799  0.47  0.25  0.32  0.43  0.08  0.16  0.16  0.27  0.40  0.60  0.36  0.32  0.13  0.28  0.07  0.01  
91800  0.15  0.28  0.16  0.21  0.23  0.01  0.35  0.27  0.42  0.25  0.32  0.31  0.13  0.56  0.06  0.09  
91801  0.39  0.51  0.44  0.26  0.33  0.33  0.32  0.33  0.13  0.46  0.24  0.31  0.10  0.48  0.41  0.00  
91803  0.83  0.09  0.29  0.36  0.12  0.18  0.17  0.29  0.43  0.52  0.28  0.27  -0.12  0.20  0.27  -0.02  
91804  0.28  0.52  0.58  0.29  0.12  0.29  0.32  0.16  0.43  0.33  0.38  0.48  -0.08  0.23  0.29  0.06  
91805  0.45  0.25  0.20  0.11  0.39  0.16  0.40  0.58  0.50  0.62  0.59  0.26  0.04  0.18  0.07  -0.03  
91806  0.20  0.13  0.15  0.42  0.53  -0.02  0.09  0.89  0.50  0.40  0.37  0.17  -0.04  0.23  0.26  0.19  
91813  0.19  0.15  0.53  0.24  0.38  0.21  0.21  0.30  0.20  0.09  0.26  0.55  -0.07  0.17  0.07  0.03  
91814  0.36  0.13  0.10  0.36  0.24  0.02  0.08  0.43  0.61  0.63  0.47  0.40  0.16  0.14  0.44  0.29  
91815  0.39  0.41  0.43  0.39  0.24  0.12  0.25  0.48  0.21  0.68  0.30  0.27  0.01  0.14  0.47  -0.04  
91816  0.29  0.52  0.50  0.14  0.14  0.47  0.35  0.56  0.31  0.31  0.53  0.28  0.22  0.10  0.19  0.17  
91817  0.17  0.03  0.03  0.07  0.22  0.22  0.09  0.37  0.74  0.62  0.17  0.38  0.23  0.16  0.06  -0.05  
91818  0.40  0.09  0.30  0.19  0.25  0.48  -0.02  0.62  0.46  0.31  0.23  0.19  0.29  0.23  0.24  -0.04  
91819  0.41  0.31  0.41  0.23  0.34  0.24  0.06  0.36  0.36  0.42  0.41  0.27  0.02  0.32  0.14  -0.07  
91820  0.51  0.29  0.25  0.19  0.11  -0.13  0.20  0.39  0.17  0.58  0.24  0.15  0.11  0.32  0.10  0.14  
91821  0.53  0.40  0.18  0.14  0.20  0.27  0.07  0.31  0.40  0.60  0.14  0.22  -0.00  0.27  0.14  0.26  
91822  0.71  0.51  0.39  0.40  0.22  0.28  0.32  0.50  0.27  0.43  0.16  0.32  -0.23  0.20  -0.17  -0.24  
91823  0.51  0.40  0.35  0.37  0.12  0.56  0.33  0.70  0.66  0.38  0.31  0.27  -0.42  0.31  0.01  0.21  
91824  0.37  0.22  0.28  0.19  0.20  0.26  -0.05  0.42  0.29  0.54  0.38  0.16  0.15  0.28  0.19  0.12  
91825  0.39  0.38  0.27  0.06  0.02  0.17  0.25  0.08  0.37  0.35  0.22  0.23  0.11  0.29  0.02  0.02  
91830  0.36  0.14  0.29  0.30  -0.07  0.33  0.18  0.57  0.39  0.68  0.25  0.28  0.02  0.23  0.11  -0.20  
91831  0.45  0.29  0.39  0.13  0.23  0.07  0.28  0.52  0.36  0.35  0.34  -0.03  -0.00  0.50  0.26  0.10  
91832  0.38  0.30  0.21  0.37  0.22  0.28  0.22  0.28  0.33  0.39  0.32  0.16  0.10  -0.05  0.26  0.03  
91833  0.45  0.36  0.08  -0.06  0.39  0.26  0.09  0.25  0.11  0.55  0.23  0.28  0.01  0.18  0.27  0.07  
91834  0.53  0.23  0.29  0.14  0.24  0.25  0.11  0.49  0.36  0.58  0.58  0.26  0.15  0.32  0.33  0.09  
91835  0.33  0.49  0.42  0.18  0.38  0.29  0.14  0.46  0.37  0.56  0.58  0.28  0.11  0.37  -0.05  -0.01  
91836  0.32  0.29  0.32  0.00  0.23  0.28  0.13  0.48  0.22  0.60  0.52  0.34  0.04  0.44  0.19  0.10  
91837  0.36  0.34  0.31  0.29  0.24  0.33  0.09  0.40  0.54  0.37  0.35  0.23  0.15  0.44  0.09  0.13  
91838  0.18  0.33  0.36  0.42  0.04  0.23  0.04  0.30  0.21  0.54  0.45  0.07  0.12  0.43  0.36  0.33  
91841  0.42  0.30  0.27  0.28  0.05  0.12  0.23  0.40  0.52  0.57  0.37  0.10  0.03  0.32  0.05  0.14  
91843  0.36  0.31  0.20  0.14  0.19  0.18  0.05  0.51  0.62  0.41  0.80  -0.03  0.26  0.15  0.07  0.08  
91844  0.40  0.16  0.35  0.34  0.16  0.08  0.51  0.59  0.43  0.53  0.30  -0.01  0.17  0.18  0.36  -0.04  
91845  0.51  0.37  0.36  0.04  0.04  0.26  0.32  0.48  0.37  0.38  0.13  0.22  0.07  -0.03  0.14  0.13  
91846  0.37  0.21  0.28  0.32  0.22  0.26  0.54  0.47  0.10  0.69  0.52  0.24  0.11  0.04  0.03  0.06  
91847  0.50  0.37  0.35  0.31  0.29  0.24  0.17  0.47  0.50  0.46  0.26  0.18  -0.03  0.47  0.21  0.02  
91848  0.29  0.33  0.35  0.11  0.42  0.22  0.34  0.41  0.41  0.46  0.32  0.28  -0.00  0.21  0.26  0.02  
91849  0.53  0.44  0.38  0.26  0.27  0.04  0.53  0.36  0.39  0.70  0.22  0.20  0.12  -0.08  0.19  0.13  
91850  0.08  0.29  0.36  0.35  0.49  -0.15  0.44  0.52  0.47  0.74  0.46  0.26  -0.02  -0.11  0.10  0.29  
91851  0.23  0.50  0.31  0.14  0.24  0.17  0.16  0.44  0.31  0.50  0.50  0.14  0.02  0.12  -0.01  0.13  
91852  0.50  0.54  0.39  0.27  0.33  0.31  0.05  0.37  0.25  0.40  0.33  -0.01  0.12  0.00  0.10  0.13  
91855  0.49  0.47  0.35  -0.01  0.33  0.33  0.35  0.33  0.18  0.74  0.35  0.42  0.33  0.21  0.03  -0.09  
91856  0.38  0.18  0.38  0.25  0.14  0.12  0.24  0.58  0.30  0.58  0.54  0.22  0.26  0.30  0.19  -0.22  
91860  0.61  0.29  0.14  0.11  0.27  0.24  0.33  0.28  0.30  0.43  0.44  0.15  0.18  0.39  0.31  0.20  
91867  0.19  0.43  0.18  0.18  0.19  0.18  0.22  0.27  0.77  0.43  0.58  0.25  -0.03  0.29  0.23  -0.02  
91868  0.21  0.14  0.42  0.29  0.33  0.29  0.23  0.30  0.57  0.51  0.27  0.18  0.27  0.31  0.08  0.17  
91869  0.52  0.25  0.30  0.20  0.20  0.19  0.35  0.49  0.35  0.61  0.43  -0.02  0.08  0.25  0.44  0.20  
91871  0.27  0.27  0.38  0.28  0.04  0.31  0.38  0.60  0.44  0.62  0.38  0.23  0.09  0.19  0.10  0.15  
91872  0.39  -0.03  0.24  0.23  0.27  0.49  0.25  0.35  0.09  0.49  0.62  0.29  -0.06  0.32  0.33  0.06  
91873  0.21  0.28  0.17  0.20  0.25  0.33  0.26  0.52  0.24  0.42  0.38  0.24  0.03  0.43  -0.00  0.09  
91874  0.43  0.37  0.25  0.08  0.17  0.15  0.04  0.53  0.73  0.73  0.58  0.36  0.03  0.19  0.27  0.20  
91875  0.39  0.47  0.29  0.51  0.19  0.28  0.50  0.25  0.39  0.18  0.54  0.24  0.24  0.24  0.11  -0.06  
91876  0.41  0.21  0.16  0.30  0.10  0.28  0.23  0.58  0.33  0.42  0.50  0.19  0.02  0.17  0.22  0.36  
91877  0.42  0.41  0.14  0.36  0.14  0.28  0.41  0.43  0.39  0.51  0.43  0.26  0.10  0.29  0.19  0.14  
91878  0.34  0.16  0.42  0.05  0.02  0.58  0.38  0.28  0.24  0.50  0.51  0.24  0.08  0.15  0.07  -0.05  
91879  0.15  0.33  0.01  0.31  0.33  0.04  0.20  0.29  0.45  0.49  0.66  0.13  0.19  0.05  0.36  0.25  
91880  0.42  0.25  0.22  0.27  0.11  0.34  0.31  0.27  0.34  0.24  0.46  0.25  -0.10  0.34  0.42  0.22  
91881  0.18  0.22  0.27  0.38  0.42  0.12  0.39  0.23  0.44  0.70  0.23  0.16  -0.01  0.31  0.09  0.25  
91882  0.34  0.08  0.43  0.38  0.20  0.20  0.27  0.54  0.45  0.38  0.39  0.26  0.24  0.40  0.20  0.35  
91883  0.31  0.20  0.33  0.19  0.27  0.19  0.23  0.24  0.47  0.70  0.40  0.08  0.20  0.26  0.17  0.05  
91884  0.54  0.13  0.23  0.21  0.09  0.35  0.35  0.35  0.32  0.70  0.33  0.24  0.05  0.08  0.09  -0.09  
91886  0.34  0.26  0.13  0.35  0.18  0.30  0.18  0.35  0.35  0.49  0.36  0.21  -0.04  0.30  0.04  0.17  
91887  0.41  0.22  0.20  0.40  0.08  0.30  0.48  0.42  0.22  0.59  0.29  0.38  0.01  0.23  0.21  0.13  
91888  0.38  0.23  0.10  0.24  0.13  0.30  0.21  0.09  0.28  0.65  0.42  0.26  0.21  0.35  0.28  0.16  
91890  0.37  0.38  0.32  0.17  0.05  0.26  0.38  0.48  0.28  0.37  0.32  0.19  0.12  0.22  0.21  0.09  
91893  0.58  0.28  0.31  0.33  0.05  0.35  0.26  0.69  0.35  0.35  0.31  0.31  -0.01  0.25  0.45  -0.03  
91894  0.35  -0.04  0.23  0.06  0.17  0.33  0.26  0.55  0.39  0.72  0.45  0.38  0.11  0.37  0.20  0.08  
91895  0.28  0.18  0.28  0.10  0.09  0.38  0.20  0.59  0.37  0.33  0.73  0.02  0.05  0.34  0.24  0.24  
91896  0.39  0.15  0.19  0.22  0.25  0.02  0.23  0.53  0.26  0.64  0.22  0.27  -0.09  0.41  0.07  0.29  
91897  0.47  0.32  0.27  0.25  0.57  0.30  0.13  0.47  -0.01  0.58  0.25  0.33  0.16  0.25  0.25  0.08  
91899  0.24  0.06  0.16  0.11  0.09  0.25  0.14  0.41  0.16  0.28  0.09  0.23  0.15  0.27  0.10  0.11  
91900  0.37  0.33  0.32  0.12  0.11  0.18  0.35  0.56  0.22  0.40  0.33  0.16  -0.00  0.29  0.36  0.09  
91901  0.30  0.18  0.38  0.07  0.24  0.20  0.30  0.40  0.02  0.41  0.22  0.21  -0.04  0.19  0.33  0.21  
91903  0.25  0.18  0.33  0.21  0.40  0.27  0.33  0.21  0.34  0.45  0.35  0.30  0.14  0.27  0.16  0.05  
91904  0.33  0.29  0.45  0.22  0.08  0.28  0.24  0.27  0.22  0.41  0.55  0.30  -0.03  0.25  0.43  -0.01  
91905  0.30  0.36  0.18  0.18  0.25  0.23  0.31  0.41  0.35  0.54  0.25  0.33  -0.11  0.49  0.09  0.24  
91906  0.54  0.21  0.24  0.36  0.06  0.20  0.51  0.56  0.37  0.62  0.50  0.31  0.13  0.13  0.08  -0.06  
91907  0.26  0.50  0.33  0.35  0.27  0.31  0.18  0.31  0.26  0.41  0.31  0.17  0.18  0.32  0.12  -0.24  
91908  0.24  0.43  0.09  0.16  0.29  0.07  0.25  0.36  0.29  0.59  0.36  0.21  -0.02  0.13  0.12  0.22  
91911  0.16  0.00  0.17  0.44  0.20  0.22  0.21  0.25  0.38  0.31  0.30  0.09  0.07  0.36  0.05  -0.06  
91914  0.28  -0.09  0.15  0.20  0.16  0.12  0.14  0.30  0.23  0.24  0.08  0.12  0.12  0.28  0.08  0.11  
91917  0.30  0.27  0.23  0.27  0.34  0.24  0.32  0.27  0.25  0.56  0.26  0.30  0.00  0.28  0.03  0.11  
91918  0.33  0.36  0.23  0.13  0.27  0.29  0.23  0.59  0.48  0.49  0.35  0.36  0.04  0.17  0.14  -0.00  
91919  0.27  0.24  0.17  0.30  0.27  0.34  0.27  0.54  0.47  0.61  0.44  0.24  0.06  0.26  0.29  0.18  
91920  0.26  0.27  0.14  0.37  0.25  0.33  0.33  0.47  0.47  0.31  0.57  0.31  -0.01  0.27  0.43  0.08  
91921  0.36  0.20  0.43  0.21  0.25  0.39  0.21  0.27  0.42  0.44  0.25  0.24  0.10  0.39  0.08  -0.09  
91922  0.46  0.09  0.42  0.19  0.17  0.28  0.29  0.49  0.33  0.59  0.28  0.26  0.14  0.40  0.15  0.22  
91923  0.32  0.46  0.31  0.37  0.17  0.36  0.25  0.39  0.52  0.45  0.32  0.24  0.02  0.14  0.29  0.20  
91924  0.48  0.26  0.34  0.17  0.10  0.43  0.29  0.66  0.34  0.50  0.35  0.28  0.06  0.26  -0.07  0.26  
91925  0.27  0.31  0.35  0.18  0.09  0.35  0.33  0.54  0.52  0.66  0.41  0.27  0.15  0.20  0.21  0.00  
91926  0.59  0.22  0.46  0.16  0.38  0.18  0.44  0.49  0.25  0.26  0.37  0.23  0.23  0.41  0.44  0.06  
91927  0.35  0.36  0.36  -0.01  0.09  0.20  0.36  0.51  0.51  0.54  0.48  0.35  0.15  0.29  0.08  0.26  
91928  0.27  0.49  0.30  0.13  0.13  0.28  0.53  0.50  0.38  0.49  0.25  0.35  0.07  0.20  0.13  0.20  
91929  0.34  0.30  0.29  0.01  0.42  0.09  0.19  0.49  0.35  0.53  0.65  0.19  0.13  0.25  0.13  0.08  
91930  0.35  0.19  0.20  0.15  0.32  0.18  0.27  0.48  0.35  0.56  0.34  0.33  0.01  0.26  0.26  0.33  
91931  0.22  0.24  0.50  0.19  0.33  0.24  0.27  0.24  0.35  0.50  0.23  0.22  -0.06  0.44  0.23  -0.04  
91932  0.21  0.31  0.41  0.29  0.03  0.45  0.28  0.34  0.44  0.38  0.48  0.21  0.18  0.23  0.25  -0.10  
91933  0.34  0.31  0.40  0.29  0.29  0.06  0.41  0.37  0.29  0.55  0.40  0.33  -0.05  0.26  0.37  0.22  
91934  0.24  0.13  0.26  0.32  0.29  0.20  0.18  0.47  0.34  0.44  0.46  0.15  -0.05  0.49  0.06  0.04  
91935  0.21  0.35  0.18  0.10  0.25  0.33  0.38  0.34  0.48  0.61  0.40  0.20  0.23  0.38  0.41  0.24  
91936  0.47  0.21  0.20  0.03  0.46  0.23  0.31  0.33  0.27  0.42  0.24  0.17  0.05  0.35  0.09  0.20  
91937  0.34  0.27  0.23  0.14  0.40  0.15  0.41  0.61  0.55  0.37  0.31  0.33  0.23  0.31  0.09  0.15  
91938  0.36  0.10  0.30  -0.02  0.27  0.03  0.34  0.49  0.38  0.58  0.25  0.36  0.21  0.27  0.26  0.22  
91940  0.29  0.20  0.38  0.26  0.11  0.35  0.40  0.39  0.48  0.59  0.39  0.32  0.03  0.45  0.22  0.28  
91942  0.31  0.09  0.08  0.12  0.16  0.30  0.04  0.30  0.13  0.20  0.11  -0.00  0.11  0.34  0.10  0.12  
91943  0.31  0.29  0.09  0.02  0.17  0.30  0.17  0.84  0.40  0.57  0.25  0.08  0.16  0.30  0.34  0.34  
91944  0.39  0.04  0.43  0.38  0.24  0.18  0.40  0.56  0.42  0.48  0.32  0.29  -0.01  0.53  0.19  0.14  
91945  0.34  0.10  0.35  0.13  0.14  0.20  0.28  0.37  0.43  0.31  0.21  0.19  -0.05  0.25  0.41  0.20  
91946  0.38  0.31  0.35  0.29  -0.01  0.37  0.50  0.35  0.37  0.55  0.29  0.18  -0.21  0.24  0.20  0.03  
91947  0.34  0.21  0.50  0.22  0.39  0.39  0.08  0.54  0.26  0.58  0.43  0.23  0.04  0.19  0.17  0.39  
91948  0.29  0.37  0.32  0.12  0.15  0.25  0.43  0.55  0.35  0.54  0.20  0.12  -0.01  0.16  0.14  0.38  
91949  0.27  0.31  0.47  0.34  0.24  0.31  0.42  0.20  0.29  0.57  0.35  0.03  0.15  0.17  0.18  0.01  
91950  0.55  0.33  0.23  0.24  0.01  0.15  0.29  0.46  0.43  0.53  0.56  0.20  -0.02  0.24  0.20  0.21  
91951  0.36  0.25  0.26  0.13  0.24  0.29  0.28  0.43  0.35  0.45  0.30  0.15  0.13  0.21  0.32  0.35  
91952  0.24  0.31  0.23  0.35  0.29  0.24  0.42  0.61  0.13  0.57  0.56  0.27  0.18  0.27  0.17  0.15  
91953  0.40  0.55  0.38  0.37  0.16  0.43  0.35  0.34  0.43  0.41  0.45  0.10  0.26  0.28  0.29  0.24  
91954  0.49  0.19  0.26  -0.18  0.18  0.04  0.60  0.33  0.46  0.61  0.22  0.18  0.18  0.26  0.34  -0.13  
91956  0.39  0.18  0.19  0.17  0.29  0.16  0.31  0.38  0.37  0.57  0.52  0.36  0.17  0.34  0.20  0.16  
91957  0.46  0.20  0.30  0.30  0.26  0.21  0.32  0.52  0.43  0.53  0.24  0.19  0.04  0.24  0.13  0.22  
91958  0.18  0.51  0.36  0.01  0.29  0.20  0.24  0.48  0.21  0.40  0.36  0.24  0.17  0.30  0.25  0.23  
91959  0.42  0.23  0.42  0.15  0.14  0.34  0.30  0.50  0.32  0.21  0.63  0.52  -0.06  0.56  0.31  0.01  
91960  0.07  0.16  0.19  0.33  0.18  0.40  0.29  0.41  0.66  0.44  0.34  0.30  0.04  0.34  0.40  0.04  
91961  0.23  0.24  0.20  0.04  0.28  0.33  0.34  0.46  0.30  0.51  0.53  0.27  -0.01  0.23  0.34  0.17  
91962  0.21  0.17  0.26  0.11  -0.08  0.24  0.33  0.46  0.31  0.66  0.41  0.20  0.14  0.37  0.18  0.03  
91963  0.44  0.28  0.52  0.37  0.03  0.26  0.26  0.33  0.52  0.51  0.31  0.20  -0.02  0.19  0.20  0.13  
91964  0.48  0.34  0.15  0.33  0.19  0.33  0.44  0.54  0.22  0.50  0.35  0.35  0.15  0.41  0.12  0.06  
91965  0.27  0.26  0.30  0.24  0.20  0.17  0.35  0.29  0.44  0.57  0.42  0.12  -0.12  0.23  0.14  0.10  
91966  0.25  0.24  0.24  0.24  0.24  0.05  0.32  0.22  0.48  0.24  0.32  0.33  0.05  0.24  0.30  0.00  
91967  0.35  0.59  0.16  0.19  0.16  0.31  0.12  0.46  0.53  0.37  0.51  0.32  0.19  0.35  0.26  0.02  
91968  0.25  0.40  0.30  0.12  0.26  0.20  0.23  0.47  0.44  0.50  0.27  0.27  0.05  0.33  0.23  0.22  
91969  0.36  0.16  0.16  0.13  0.15  0.21  -0.03  0.41  0.46  0.32  0.30  0.44  -0.08  0.46  0.05  0.06  
91971  0.10  0.14  0.32  0.16  0.38  0.24  0.25  0.67  0.45  0.29  0.58  0.16  -0.17  0.38  -0.20  0.10  
91972  0.29  0.41  0.25  0.09  0.26  0.25  0.11  0.38  0.41  0.51  0.44  0.32  0.06  0.30  0.24  0.11  
91973  0.18  0.39  0.51  0.16  0.28  0.29  0.21  0.41  0.55  0.40  0.36  0.08  0.07  0.31  0.16  0.03  
91975  0.35  0.29  0.20  0.01  0.27  0.33  0.17  0.37  0.21  0.49  0.43  0.01  0.14  0.28  0.12  0.28  
91976  0.37  0.31  0.19  0.14  0.30  0.23  0.29  0.50  0.45  0.28  0.22  0.29  0.20  0.26  0.22  -0.08  
91978  0.48  0.50  0.25  0.01  0.35  0.31  0.14  0.43  0.54  0.59  0.59  0.23  0.21  0.26  0.20  0.25  
91979  0.52  0.29  0.28  0.07  0.26  0.23  0.19  0.25  0.28  0.40  0.20  0.29  0.12  0.29  0.11  -0.09  
91980  0.49  0.25  0.33  0.10  0.31  -0.03  0.05  0.53  0.29  0.48  0.45  0.30  0.04  0.22  0.23  0.20  
91981  0.40  0.29  0.30  0.21  0.31  0.37  0.24  0.33  0.35  0.64  0.24  0.21  -0.02  0.11  0.29  0.14  
91982  0.41  0.23  0.35  0.15  0.15  0.23  0.20  0.44  0.25  0.67  0.14  0.15  0.07  0.09  0.13  0.02  
91985  0.21  0.09  0.23  0.24  -0.01  0.28  -0.05  0.22  0.18  0.35  0.16  0.20  0.04  0.21  0.13  0.12  
91986  0.52  0.42  0.39  0.28  0.20  0.41  0.24  0.46  0.35  0.51  0.47  0.31  -0.03  0.18  0.25  0.07  
91988  0.30  0.44  0.24  0.21  0.33  0.23  0.26  0.47  0.43  0.36  0.28  0.29  0.07  0.30  0.19  0.08  
91990  0.48  0.44  0.30  0.30  0.33  0.23  0.39  0.40  0.31  0.38  0.51  0.31  0.17  0.18  0.20  -0.02  
91991  0.29  0.34  0.16  0.25  0.05  0.26  0.25  0.36  0.55  0.49  0.23  0.25  0.06  0.31  0.12  0.20  
91992  0.34  0.27  0.15  0.23  0.22  0.31  0.36  0.46  0.20  0.46  0.29  0.06  0.02  0.19  0.12  -0.01  
91993  0.35  0.12  0.48  0.12  0.25  0.19  0.29  0.43  0.51  0.26  0.39  0.11  0.13  0.25  0.08  -0.04  
91994  0.43  0.22  0.16  0.25  0.46  0.28  0.41  0.47  0.25  0.43  0.58  0.45  0.02  0.39  0.05  0.14  
91997  0.63  0.39  0.26  0.21  0.38  0.22  0.29  0.50  0.28  0.59  0.28  0.21  -0.03  0.15  0.31  0.15  
91998  0.67  0.16  0.51  0.30  -0.01  0.43  0.34  0.15  0.40  0.47  0.17  0.17  0.08  0.27  0.02  0.10  
91999  0.50  0.34  0.21  -0.10  0.23  0.48  0.19  0.28  0.27  0.44  0.47  0.16  0.08  -0.00  0.39  0.28  
92000  0.31  0.38  0.35  0.40  0.11  0.17  0.32  0.37  0.33  0.59  0.59  0.39  0.17  0.32  0.33  0.13  
92001  0.39  0.24  0.41  0.28  0.14  0.34  0.22  0.58  0.41  0.48  0.28  0.12  0.18  0.21  0.11  0.12  
92002  0.52  0.52  0.08  0.28  -0.09  0.10  0.12  0.39  0.41  0.23  0.21  0.37  -0.16  0.26  0.33  0.27  
92004  0.51  0.02  0.06  0.22  0.22  0.21  0.21  0.34  0.13  0.19  0.26  0.16  0.11  0.23  0.16  0.11  
92005  0.42  0.24  0.30  0.42  0.18  0.17  0.29  0.39  0.36  0.51  0.39  0.18  0.17  0.30  0.31  0.19  
92006  0.38  0.35  0.13  0.12  0.35  0.35  0.34  0.43  0.30  0.55  0.30  0.17  0.20  0.15  0.18  0.33  
92007  0.39  0.19  0.30  0.19  0.25  0.30  0.34  0.44  0.47  0.47  0.36  0.19  0.19  0.40  0.27  0.12  
92008  0.34  0.22  0.13  0.31  0.40  0.22  -0.08  0.66  0.27  0.75  0.39  0.13  0.11  0.31  0.18  0.11  
92009  0.49  0.39  0.23  0.10  0.06  0.09  0.17  0.51  0.43  0.66  0.56  0.07  0.22  0.39  0.33  0.32  
92010  0.65  0.34  -0.00  0.34  0.29  0.31  0.05  0.43  0.34  0.23  0.29  0.15  0.11  0.15  0.43  0.15  
92012  0.43  0.23  0.28  0.34  0.62  0.29  -0.26  0.12  0.47  0.39  0.48  0.17  0.22  0.17  0.24  0.36  
92013  0.40  0.05  0.16  0.36  0.25  0.38  0.28  0.30  0.31  0.41  0.39  0.41  0.04  0.21  0.43  0.15  
92014  0.44  0.41  0.40  0.07  0.42  0.28  0.32  0.51  0.40  0.49  0.41  0.15  -0.07  0.23  0.22  0.19  
92015  0.35  0.26  0.30  0.44  0.13  0.29  0.37  0.44  0.32  0.46  0.47  0.23  0.32  0.28  0.14  0.09  
92016  0.35  0.50  0.29  0.21  0.18  0.49  0.14  0.26  0.33  0.59  0.45  0.32  0.18  0.31  0.30  0.32  
92017  0.37  0.27  0.30  0.37  0.28  0.26  0.12  0.39  0.26  0.49  0.40  0.20  -0.02  0.28  0.31  0.09  
92018  0.37  0.31  0.29  0.17  0.21  0.34  0.14  0.45  0.42  0.44  0.33  0.09  0.15  0.27  0.11  -0.02  
92019  0.44  0.49  0.34  0.14  0.30  0.30  -0.04  0.58  0.36  0.34  0.52  0.27  0.04  0.52  0.36  0.38  
