90837  0.34  0.45  0.30  0.42  0.42  0.43  0.39  0.51  0.67  0.50  0.22  0.27  0.50  0.24  0.12  0.41  
90838  0.32  0.28  0.34  0.46  0.47  0.44  0.51  0.46  0.61  0.54  0.40  0.30  0.28  0.25  0.19  0.39  
90839  0.49  0.26  0.12  0.22  0.33  0.71  0.32  0.16  0.73  0.31  0.49  0.30  0.32  0.28  0.44  0.19  
90840  0.30  0.30  0.26  0.43  0.47  0.43  0.45  0.49  0.63  0.44  0.41  0.31  0.31  0.25  0.16  0.33  
90843  0.39  0.31  0.29  0.52  0.48  0.39  0.17  0.54  0.56  0.45  0.32  0.18  0.30  0.12  0.31  0.50  
90844  0.18  0.59  0.14  0.41  0.06  0.46  0.39  0.38  0.83  0.63  0.77  0.26  0.14  0.43  0.02  0.47  
90849  0.34  0.32  0.37  0.43  0.37  0.41  0.54  0.44  0.63  0.42  0.46  0.29  0.30  0.27  0.19  0.39  
90850  0.32  0.31  0.36  0.46  0.41  0.44  0.47  0.45  0.65  0.45  0.49  0.31  0.32  0.25  0.17  0.37  
90851  0.37  0.18  0.18  0.47  0.38  0.37  0.55  0.40  0.54  0.43  0.42  0.28  0.34  0.28  0.29  0.32  
90852  0.33  0.29  0.31  0.45  0.42  0.45  0.48  0.44  0.57  0.46  0.43  0.29  0.30  0.25  0.21  0.36  
90853  0.34  0.32  0.36  0.44  0.40  0.43  0.49  0.43  0.65  0.44  0.47  0.34  0.30  0.25  0.20  0.39  
90854  0.34  0.30  0.34  0.45  0.36  0.41  0.47  0.45  0.60  0.46  0.49  0.32  0.29  0.21  0.19  0.41  
90855  0.34  0.30  0.38  0.41  0.35  0.44  0.52  0.49  0.63  0.46  0.47  0.27  0.30  0.23  0.20  0.39  
90856  0.30  0.30  0.37  0.44  0.38  0.44  0.48  0.45  0.64  0.47  0.46  0.28  0.29  0.28  0.19  0.36  
90857  0.37  0.33  0.35  0.44  0.37  0.43  0.51  0.43  0.63  0.42  0.47  0.29  0.30  0.25  0.22  0.38  
90859  0.37  0.22  0.32  0.45  0.45  0.44  0.46  0.47  0.64  0.47  0.42  0.29  0.30  0.26  0.27  0.38  
90861  0.42  0.26  0.35  0.42  0.45  0.48  0.52  0.45  0.65  0.54  0.45  0.34  0.23  0.19  0.15  0.46  
90862  0.36  0.28  0.29  0.47  0.46  0.43  0.48  0.52  0.49  0.50  0.40  0.37  0.25  0.27  0.21  0.38  
90863  0.21  0.24  0.25  0.43  0.46  0.47  0.30  0.42  0.36  0.36  0.51  0.28  0.12  0.38  0.08  0.22  
90864  0.36  0.26  0.30  0.47  0.48  0.43  0.46  0.43  0.63  0.42  0.42  0.32  0.29  0.24  0.25  0.33  
90865  0.38  0.28  0.30  0.48  0.52  0.44  0.45  0.39  0.68  0.45  0.42  0.34  0.25  0.25  0.16  0.35  
90866  0.33  0.24  0.32  0.46  0.44  0.45  0.52  0.48  0.60  0.41  0.45  0.30  0.29  0.23  0.23  0.37  
90867  0.38  0.28  0.26  0.43  0.42  0.48  0.48  0.45  0.70  0.42  0.38  0.28  0.28  0.24  0.19  0.39  
90868  0.35  0.29  0.30  0.48  0.46  0.41  0.43  0.45  0.63  0.37  0.41  0.29  0.29  0.27  0.19  0.40  
90869  0.35  0.31  0.29  0.47  0.39  0.48  0.49  0.43  0.64  0.42  0.42  0.25  0.31  0.28  0.12  0.30  
90870  0.37  0.26  0.33  0.43  0.48  0.41  0.47  0.49  0.61  0.43  0.38  0.31  0.29  0.24  0.22  0.39  
90871  0.35  0.28  0.42  0.45  0.48  0.45  0.55  0.56  0.54  0.40  0.41  0.37  0.29  0.25  0.13  0.44  
90872  0.27  0.26  0.45  0.34  0.50  0.54  0.82  0.55  0.61  0.63  0.51  0.18  0.21  0.14  0.26  0.41  
90873  0.35  0.30  0.30  0.46  0.44  0.44  0.46  0.44  0.63  0.44  0.42  0.30  0.28  0.19  0.18  0.37  
90874  0.34  0.29  0.33  0.45  0.44  0.44  0.50  0.46  0.59  0.45  0.39  0.30  0.29  0.23  0.19  0.38  
90875  0.31  0.29  0.33  0.46  0.42  0.46  0.48  0.45  0.59  0.45  0.41  0.28  0.27  0.23  0.19  0.38  
90876  0.32  0.27  0.33  0.44  0.45  0.45  0.50  0.45  0.64  0.46  0.41  0.31  0.27  0.23  0.19  0.36  
90877  0.36  0.28  0.30  0.46  0.45  0.44  0.48  0.47  0.61  0.45  0.39  0.26  0.27  0.19  0.18  0.35  
90878  0.37  0.30  0.32  0.47  0.42  0.43  0.51  0.46  0.61  0.47  0.41  0.28  0.30  0.23  0.21  0.37  
90879  0.24  0.24  0.29  0.40  0.26  0.33  0.34  0.33  0.49  0.11  0.19  0.08  0.06  0.08  0.10  0.26  
90880  0.17  0.36  0.21  0.35  0.39  0.56  0.30  0.45  0.81  0.25  0.20  -0.02  0.17  0.20  0.24  0.20  
90883  0.06  0.49  0.43  0.37  0.04  -0.06  0.17  0.31  0.67  0.55  0.34  0.37  0.27  -0.00  0.17  0.14  
90884  0.40  0.31  0.28  0.28  0.41  0.39  0.40  0.20  0.73  0.45  0.26  0.18  0.14  0.29  0.15  0.49  
90885  0.42  0.31  0.20  0.40  0.29  0.48  0.40  0.49  0.56  0.49  0.11  0.18  0.11  -0.09  0.10  0.14  
90886  0.72  0.26  0.38  0.47  0.11  0.24  0.33  0.51  0.50  0.31  0.34  0.18  0.01  0.11  0.19  0.24  
90887  0.57  0.18  0.26  0.47  0.27  0.34  0.19  0.45  0.46  0.19  0.18  0.17  0.37  0.26  0.11  0.20  
90891  0.03  0.19  0.40  0.21  0.66  0.24  0.42  0.22  0.50  0.36  0.30  -0.08  0.01  0.00  -0.19  0.22  
90895  0.24  0.43  0.40  0.35  0.23  0.36  0.17  0.45  0.34  0.32  0.11  0.24  0.29  0.01  0.15  0.18  
90896  0.30  0.11  0.45  0.47  0.38  0.36  0.60  0.23  0.36  0.29  0.24  0.12  0.10  0.01  0.02  0.42  
90898  0.38  0.54  0.45  0.32  0.19  0.48  0.43  0.38  0.54  0.12  0.42  0.26  0.23  -0.02  0.17  0.14  
90899  0.53  0.07  0.61  0.39  0.56  0.19  0.08  0.61  0.20  0.45  0.14  0.23  0.02  0.19  0.25  0.28  
90900  0.58  0.46  0.51  0.70  0.10  0.27  0.37  0.42  0.33  0.38  0.12  0.08  0.05  0.16  0.22  0.30  
90901  0.36  0.36  0.16  0.29  0.21  0.40  0.38  0.34  0.37  0.19  0.23  0.40  0.05  0.21  0.17  0.21  
90902  0.16  0.17  0.42  0.27  0.31  0.29  0.59  0.37  0.20  0.24  0.41  0.33  0.17  0.21  0.14  0.15  
90903  0.35  0.26  0.22  0.37  0.49  0.13  0.45  0.44  0.40  0.34  0.07  0.09  0.09  0.25  0.32  0.18  
90904  0.26  0.24  0.25  0.43  0.16  0.14  0.35  0.36  0.31  0.23  0.41  0.14  0.21  0.13  0.25  0.51  
90905  0.29  0.43  0.15  0.54  0.31  0.27  0.49  0.27  0.30  0.43  0.37  0.27  0.63  -0.01  0.22  0.30  
90906  0.22  0.38  0.16  0.30  0.38  0.42  0.31  0.32  0.32  0.56  0.18  0.26  -0.08  -0.05  0.09  0.23  
90907  0.25  0.24  0.58  0.27  0.30  0.55  0.15  0.65  0.64  0.43  0.16  0.13  0.12  0.07  0.18  0.15  
90908  0.34  0.30  0.23  0.28  0.41  0.43  0.17  0.51  0.50  0.29  0.16  0.26  0.31  -0.20  0.10  0.15  
90909  0.35  0.11  0.16  0.39  0.23  0.42  0.39  0.39  0.43  0.30  0.24  0.19  0.13  0.19  0.08  0.38  
90910  0.15  0.39  0.46  0.31  0.37  0.51  0.68  0.50  0.42  0.32  0.25  0.24  0.33  0.14  0.13  0.27  
90911  0.48  0.15  0.25  0.36  0.37  0.35  0.45  0.34  0.46  0.18  0.23  0.13  0.19  0.27  0.18  0.33  
90912  0.31  0.21  0.14  0.23  0.30  0.39  0.15  0.39  0.50  0.48  0.14  0.17  0.06  0.21  0.14  0.18  
90913  0.29  0.14  0.36  0.16  0.14  0.33  0.55  0.40  0.54  0.12  0.34  0.10  0.32  0.06  0.08  0.32  
90914  0.39  0.28  0.35  0.49  0.55  0.40  0.37  0.26  0.59  0.37  0.32  0.27  0.26  -0.03  0.09  0.09  
90915  0.22  0.43  0.18  0.32  0.32  0.24  0.57  0.27  0.51  0.11  0.27  0.04  0.19  0.09  0.28  0.23  
90916  0.24  0.04  0.38  0.28  0.17  0.44  0.39  0.21  0.45  0.14  0.12  0.43  0.42  0.22  0.07  0.44  
90919  0.41  0.18  0.40  0.39  0.49  0.35  0.46  0.40  0.67  0.32  0.27  0.39  0.11  0.02  0.06  0.25  
90920  0.23  0.30  0.52  0.44  0.17  0.58  0.16  0.43  0.40  0.40  0.37  0.29  0.21  0.01  -0.07  0.03  
90921  0.48  0.38  0.19  0.39  0.52  0.39  0.02  0.27  0.36  0.35  0.15  0.50  0.04  0.03  0.14  0.37  
90922  0.63  0.38  0.17  0.40  0.30  0.25  0.13  0.53  0.68  0.31  0.11  0.30  0.39  0.10  -0.15  0.18  
90923  0.24  0.16  0.54  0.40  0.18  0.02  0.38  0.22  0.20  0.43  0.46  0.18  0.13  -0.03  0.04  0.59  
90924  0.19  0.30  0.29  0.49  0.42  0.52  0.09  0.21  0.58  0.22  0.22  0.40  0.15  0.01  -0.05  0.07  
90925  0.38  0.30  0.21  0.16  0.25  0.43  0.24  0.33  0.39  0.37  0.28  0.36  0.26  -0.14  -0.15  0.24  
90926  0.34  0.39  0.22  0.47  0.32  0.30  0.26  0.39  0.46  0.23  0.35  0.41  0.28  -0.07  0.08  0.23  
90930  0.34  0.26  0.14  0.30  0.45  0.14  0.45  0.26  0.40  0.21  0.25  0.28  0.10  0.21  -0.08  0.36  
90931  0.28  0.24  0.22  0.35  0.36  0.31  0.38  0.40  0.44  0.32  0.07  0.15  0.17  0.09  0.17  0.44  
90932  0.21  0.42  -0.19  0.22  0.35  0.49  0.49  0.39  0.58  0.33  0.42  0.47  0.32  -0.13  -0.29  0.02  
90935  0.20  0.18  0.45  0.37  0.15  -0.00  0.47  0.26  0.55  0.27  0.26  0.14  0.41  0.27  0.09  0.16  
90940  0.22  0.23  0.34  0.34  0.38  0.09  0.45  0.52  0.51  0.42  0.30  0.32  0.18  0.11  0.00  0.28  
90941  0.38  0.32  0.65  0.35  0.53  0.30  -0.02  0.52  0.72  0.44  0.23  0.11  0.28  0.11  0.14  0.38  
90943  0.38  0.25  0.25  0.14  0.35  0.46  0.43  0.56  0.52  0.20  0.08  0.33  0.35  0.18  -0.28  0.28  
90944  0.44  0.46  0.19  0.40  0.13  0.54  0.46  0.57  0.44  0.33  0.18  0.20  0.48  0.25  0.20  0.41  
90945  0.39  0.19  0.58  0.15  0.38  0.30  0.60  0.54  0.56  0.54  -0.10  0.40  0.35  -0.08  0.29  0.52  
90946  0.52  0.05  0.52  0.17  0.63  0.37  0.43  0.49  0.52  0.39  0.23  0.45  0.11  0.17  0.31  0.24  
90947  0.27  0.08  0.32  0.38  0.31  0.25  0.16  0.28  0.39  0.41  0.22  0.27  0.06  -0.17  0.16  0.08  
90948  0.38  0.35  0.20  0.41  0.35  0.27  0.21  0.28  0.51  0.45  0.33  0.19  -0.04  0.11  0.24  0.52  
90949  0.38  0.22  0.27  0.44  0.46  0.35  0.42  0.43  0.53  0.19  0.28  0.21  0.35  0.00  0.09  0.03  
90950  0.24  0.40  0.34  0.34  0.39  0.33  0.30  0.40  0.47  0.27  0.34  0.27  0.12  0.05  0.11  0.28  
90951  0.43  0.36  0.28  0.37  0.26  0.36  0.36  0.33  0.34  0.24  0.25  0.22  0.31  0.16  0.07  0.45  
90952  0.10  0.19  0.27  0.28  0.42  0.38  0.19  0.66  0.44  0.35  0.22  0.24  0.22  0.06  0.06  0.40  
90953  0.33  0.24  0.34  0.27  0.06  0.43  0.21  0.25  0.54  0.33  0.29  0.12  0.15  -0.03  0.19  0.45  
90955  0.52  0.25  0.49  0.41  0.43  0.16  0.43  0.28  0.73  0.45  0.38  0.39  0.16  0.13  0.05  0.34  
90956  0.27  0.38  0.26  0.46  0.54  0.33  0.40  0.42  0.58  0.37  0.13  0.22  0.40  0.20  0.10  0.39  
90957  0.15  0.26  0.16  0.44  0.35  0.54  0.19  0.37  0.39  0.41  0.13  0.34  0.44  0.22  -0.01  0.20  
90958  0.35  0.28  0.12  0.41  0.19  0.33  0.29  0.40  0.50  0.31  0.22  0.44  0.40  0.45  0.19  0.22  
90959  0.12  0.26  0.33  0.31  0.17  0.35  0.26  0.55  0.60  0.28  0.38  0.22  0.07  0.16  0.23  0.27  
90960  0.21  0.55  0.37  0.29  0.26  0.15  0.26  0.36  0.42  0.12  0.18  0.30  0.21  0.12  -0.02  0.25  
90961  0.18  0.05  0.45  0.21  0.21  0.24  0.49  0.40  0.47  0.32  0.11  0.26  0.19  -0.18  0.18  0.33  
90962  0.37  0.17  0.21  0.06  0.28  0.29  0.33  0.26  0.53  0.48  0.30  0.13  0.09  0.01  0.15  0.36  
90967  0.27  0.15  0.50  0.29  0.29  0.27  0.39  0.49  0.32  0.24  0.09  0.31  0.29  0.08  0.07  0.38  
90968  0.32  0.26  0.48  0.21  0.46  0.30  0.32  0.41  0.36  0.48  0.18  0.32  0.48  0.22  0.11  0.46  
90969  0.22  0.36  0.09  0.38  0.23  0.43  0.28  0.41  0.50  0.40  0.19  0.19  0.26  0.17  -0.17  0.29  
90970  0.27  0.23  0.30  0.50  0.24  0.21  0.43  0.30  0.36  0.54  0.25  0.16  0.26  0.04  0.11  0.44  
90971  0.27  0.28  0.23  0.25  0.25  0.40  0.42  0.39  0.55  0.27  0.24  0.18  0.12  0.23  0.05  0.26  
90972  0.31  0.14  0.15  0.31  0.22  0.40  0.49  0.34  0.31  0.26  0.30  0.19  0.37  -0.05  0.40  0.36  
90973  0.22  0.19  0.62  0.48  0.16  0.61  0.51  0.23  0.48  0.74  0.29  0.20  0.25  0.07  -0.14  -0.03  
90974  0.17  0.34  0.24  0.38  0.18  0.48  0.30  0.62  0.38  0.29  0.14  0.20  0.23  -0.07  0.11  0.40  
90975  0.35  0.39  0.49  0.59  0.29  0.36  0.30  0.51  0.60  0.67  0.64  0.21  0.27  0.11  0.02  0.20  
90976  0.34  0.36  0.27  0.39  0.18  0.08  0.33  0.39  0.56  0.40  0.27  0.25  0.37  -0.07  0.20  0.18  
90977  0.28  0.37  0.18  0.20  0.24  0.37  0.26  0.36  0.29  0.31  0.25  0.04  0.28  -0.14  0.29  0.24  
90979  0.36  0.46  0.27  0.35  0.25  0.23  0.14  0.36  0.62  0.14  0.19  0.08  0.20  0.14  0.06  0.21  
90981  0.21  0.39  0.25  0.14  0.16  0.30  0.29  0.54  0.42  0.42  0.26  0.25  0.37  0.15  0.31  0.44  
90982  0.34  0.12  0.58  0.37  0.04  0.12  0.28  0.44  0.47  0.46  0.26  0.21  0.28  0.02  0.04  0.37  
90983  0.16  0.51  0.23  0.32  0.18  0.23  0.43  0.39  0.33  0.25  0.22  0.25  0.13  0.06  0.06  0.22  
90984  0.38  0.26  0.43  0.33  0.11  0.43  0.19  0.34  0.46  0.49  0.41  0.08  0.22  0.08  0.24  0.24  
90985  0.30  0.25  0.46  0.26  0.42  0.41  0.27  0.45  0.43  0.27  0.38  0.32  0.20  0.03  0.28  0.31  
90988  0.26  0.21  0.41  0.30  0.22  0.23  0.34  0.25  0.41  0.58  0.20  0.06  0.28  0.08  0.12  0.27  
90989  0.43  0.35  0.24  0.29  0.22  0.29  0.41  0.54  0.39  0.22  0.14  0.27  0.33  0.29  0.11  0.18  
90990  0.22  0.26  0.39  0.21  0.12  0.44  0.22  0.34  0.40  0.33  0.15  0.20  0.12  0.20  0.27  0.19  
90991  0.35  0.26  0.34  0.16  0.33  0.15  0.32  0.32  0.61  0.09  0.24  0.41  0.24  0.01  0.15  0.33  
90992  0.21  0.27  0.36  0.26  0.35  0.31  0.37  0.41  0.73  0.44  0.42  0.23  0.20  0.10  0.06  0.39  
90993  0.35  0.32  0.31  0.33  0.25  0.32  0.37  0.52  0.50  0.32  0.27  0.25  0.14  0.10  0.03  0.34  
90995  0.37  0.13  0.21  0.39  0.53  0.17  0.51  0.46  0.46  0.25  0.27  0.09  0.25  -0.11  -0.04  0.26  
90999  0.38  0.18  0.33  0.36  0.11  0.45  0.41  0.34  0.48  0.33  0.12  0.18  0.18  0.12  0.16  0.28  
91000  0.43  0.15  0.25  0.39  0.15  0.16  0.43  0.02  0.34  0.35  0.20  0.36  0.08  0.19  0.26  0.35  
91001  0.10  0.15  0.33  0.21  0.21  0.24  0.42  0.30  0.58  0.23  0.47  0.25  0.09  0.11  0.07  0.26  
91002  0.33  0.13  0.28  0.39  0.43  0.19  0.38  0.37  0.75  0.44  0.11  0.09  0.05  -0.01  0.18  0.31  
91003  0.32  0.33  0.48  0.35  0.31  0.24  0.46  0.38  0.26  0.47  0.22  0.18  0.06  0.18  -0.06  0.43  
91004  0.19  0.26  0.62  0.20  0.20  0.29  0.03  0.48  0.59  0.24  0.15  -0.01  0.19  0.10  0.12  0.23  
91005  0.37  0.26  0.33  0.37  0.30  0.35  0.59  0.54  0.53  0.36  0.02  0.14  0.20  0.04  0.14  0.42  
91006  0.46  0.25  0.39  0.24  0.04  0.43  0.26  0.28  0.39  0.52  0.06  0.03  0.19  0.28  0.27  0.46  
91007  0.33  0.32  0.41  0.35  0.42  0.22  0.33  0.34  0.36  0.36  0.30  0.22  0.21  -0.11  0.29  0.18  
91008  0.29  0.03  0.33  0.33  0.11  0.25  0.21  0.61  0.32  0.37  0.20  0.22  0.02  0.32  -0.01  0.30  
91009  0.37  0.56  0.17  0.17  0.31  0.17  0.25  0.03  0.40  0.25  0.02  0.28  0.36  0.09  0.22  0.22  
91010  0.39  0.31  0.35  0.34  0.44  0.14  0.43  0.49  0.41  0.47  0.20  0.12  0.29  0.25  -0.08  0.32  
91011  0.29  0.19  0.23  0.22  0.44  0.25  0.46  0.35  0.33  0.32  0.31  0.35  0.25  0.14  0.47  0.32  
91012  0.36  0.28  0.27  0.39  0.64  0.20  0.14  0.25  0.19  0.30  0.20  -0.00  0.19  0.17  0.17  0.29  
91013  0.13  0.35  0.39  0.37  0.32  0.22  0.45  0.52  0.56  0.20  0.01  0.36  0.23  0.12  0.01  0.22  
91014  0.43  0.12  0.17  0.19  0.29  0.39  0.23  0.43  0.66  0.47  0.28  0.25  0.06  0.11  0.20  0.15  
91015  0.48  0.42  0.38  0.30  0.32  0.30  0.36  0.41  0.41  0.38  0.20  0.02  0.42  0.25  0.05  0.36  
91017  0.34  0.23  0.46  0.52  0.32  0.12  0.19  0.23  0.51  0.26  0.16  0.37  0.17  0.18  0.23  0.16  
91018  0.30  0.54  0.33  0.49  0.47  0.27  0.42  0.28  0.22  0.33  0.04  0.12  0.29  0.01  0.21  0.15  
91019  0.35  0.29  0.39  0.25  0.34  0.10  0.24  0.51  0.45  0.14  0.20  0.44  0.39  0.13  0.34  0.47  
91021  0.27  0.33  0.29  0.43  0.14  0.28  0.38  0.19  0.28  0.31  0.32  0.46  0.34  -0.02  0.25  0.25  
91025  0.21  0.50  0.17  0.49  0.35  0.37  0.33  0.59  0.36  0.23  0.32  0.27  0.20  0.34  0.14  0.33  
91026  0.32  0.36  0.51  0.25  0.10  0.40  0.34  0.24  0.46  0.33  0.21  0.23  0.03  0.12  0.13  0.19  
91027  0.30  0.27  0.31  0.31  0.39  0.39  0.40  0.29  0.44  0.17  0.09  0.23  0.12  0.11  0.18  0.36  
91028  0.28  0.32  0.24  0.35  0.37  0.33  0.45  0.50  0.56  0.24  0.28  0.36  0.24  0.25  0.02  0.23  
91029  0.36  0.31  0.05  0.33  0.22  0.32  0.37  0.45  0.30  0.30  0.22  0.21  0.21  0.15  0.20  0.26  
91030  0.41  0.01  0.28  0.35  0.24  0.16  0.24  0.40  0.36  0.24  0.30  0.17  0.53  0.29  0.09  0.30  
91031  0.17  0.42  0.05  0.37  0.37  0.33  0.33  0.29  0.42  0.23  0.45  0.22  0.16  0.21  0.08  0.37  
91032  0.02  0.03  0.03  0.35  0.11  0.62  0.39  0.42  0.28  0.31  0.02  0.36  0.12  0.02  0.13  -0.04  
91033  0.24  0.22  0.37  0.42  0.31  0.33  0.49  0.14  0.60  0.41  0.46  0.31  0.07  0.09  0.07  0.27  
91034  0.12  0.14  0.32  0.30  0.47  0.29  0.35  0.32  0.46  0.24  0.16  0.14  0.19  -0.00  0.19  0.23  
91035  0.24  0.34  0.09  0.37  0.27  0.32  0.26  0.50  0.33  0.40  0.28  0.26  0.33  0.08  0.02  0.17  
91036  0.51  0.34  0.35  0.04  0.31  0.30  0.34  0.45  0.61  0.21  0.31  0.43  -0.01  0.13  0.16  0.42  
91037  0.23  0.22  0.18  0.57  0.27  0.27  0.24  0.31  0.57  0.33  0.06  0.17  0.15  -0.02  -0.02  0.09  
91038  0.22  0.23  0.09  0.40  0.34  0.28  0.45  0.43  0.64  0.15  0.39  0.18  0.03  0.34  0.13  0.18  
91039  0.22  0.22  0.38  0.39  0.30  0.31  0.10  0.20  0.36  0.32  0.11  0.23  0.29  -0.05  0.23  0.30  
91042  0.30  0.29  0.36  0.58  0.37  0.12  0.43  0.29  0.33  0.15  0.22  0.33  0.15  0.44  0.40  0.36  
91043  0.42  0.09  0.34  0.44  0.34  0.45  0.32  0.14  0.47  0.32  0.19  0.24  0.03  0.31  0.14  0.20  
91056  0.30  0.26  0.20  0.47  0.26  0.25  0.31  0.34  0.43  0.17  0.12  0.18  0.16  0.30  -0.12  0.37  
91058  0.14  -0.02  0.35  0.21  0.23  0.37  -0.03  0.05  0.73  0.31  0.23  -0.06  0.69  0.09  0.05  0.30  
91059  0.22  0.29  0.31  0.36  0.47  0.21  0.40  0.14  0.34  0.12  0.02  0.17  -0.04  0.19  0.13  0.20  
91060  0.36  0.30  0.25  0.22  0.20  0.36  0.35  0.26  0.54  0.39  0.22  0.36  0.30  0.18  -0.21  0.33  
91061  0.44  0.27  0.39  0.31  -0.00  0.23  0.45  0.41  0.48  0.26  0.35  0.09  0.31  0.14  0.05  0.30  
91062  0.42  0.00  0.29  0.45  0.18  0.25  0.35  0.55  0.15  0.38  0.26  0.21  0.34  0.20  0.25  0.15  
91063  0.20  0.20  0.49  0.15  0.06  0.14  0.16  0.14  0.32  0.30  0.13  0.04  0.34  -0.11  -0.10  0.37  
91064  0.52  0.02  0.24  0.34  0.31  0.29  0.31  0.26  0.31  0.45  0.12  0.13  0.09  0.16  0.06  0.37  
91065  0.26  0.26  0.16  0.24  0.20  0.22  0.24  0.37  0.32  0.39  0.12  0.07  0.21  0.18  0.13  0.41  
91066  0.31  0.21  0.42  0.32  0.59  0.27  0.48  0.40  0.49  0.17  -0.11  0.24  0.05  0.10  0.02  0.22  
91067  0.33  0.45  0.09  0.39  0.23  0.36  0.52  0.33  0.31  0.25  0.11  0.28  0.21  -0.02  0.11  0.35  
91068  0.28  0.39  0.22  0.30  0.30  0.37  0.32  0.26  0.51  0.29  0.20  0.30  0.11  0.12  -0.06  0.17  
91069  0.27  0.01  0.30  0.32  0.22  0.43  0.20  0.26  0.53  0.20  0.21  0.23  0.00  0.19  -0.02  0.14  
91070  0.63  0.16  0.21  0.25  0.19  0.43  0.44  0.47  0.38  0.38  0.11  0.32  0.04  0.13  -0.03  0.22  
91071  0.38  0.28  0.35  0.39  0.20  0.26  0.31  0.29  0.35  0.31  0.37  0.35  0.06  0.14  -0.13  0.18  
91072  0.15  0.14  0.15  0.26  0.31  0.21  0.30  0.24  0.43  0.24  0.43  0.14  0.28  -0.11  0.05  0.41  
91073  0.33  0.02  0.28  0.17  0.25  0.27  0.18  0.60  0.60  -0.02  0.26  0.00  0.28  0.26  -0.04  0.22  
91074  0.16  0.13  0.15  0.21  0.40  0.27  0.33  0.28  0.30  0.39  0.38  0.05  0.25  -0.04  0.07  0.31  
91075  0.38  0.26  0.10  0.47  0.26  0.13  0.22  0.15  0.46  0.22  0.01  0.22  0.02  0.07  0.25  0.22  
91076  0.22  0.26  0.22  0.35  0.23  0.44  0.17  0.40  0.12  0.24  0.25  0.03  0.18  0.03  0.03  0.17  
91077  0.37  0.24  -0.01  0.33  0.30  0.42  0.18  0.37  0.48  0.24  0.33  0.11  0.07  0.14  0.12  0.21  
91078  0.44  0.36  0.21  0.28  0.48  0.50  0.47  0.30  0.52  0.28  0.39  0.21  0.28  0.17  0.16  0.14  
91079  0.19  0.32  0.37  0.38  0.23  0.37  0.35  0.41  0.64  0.55  0.38  0.29  0.31  0.14  0.21  0.28  
91080  0.27  0.33  0.27  0.40  0.25  0.47  0.42  0.28  0.39  0.21  0.21  -0.05  0.10  0.19  0.16  0.11  
91081  0.47  0.28  0.22  0.36  0.18  0.38  0.20  0.38  0.42  0.21  0.18  0.31  0.16  0.25  0.19  0.28  
91082  0.30  0.21  0.25  0.32  0.22  0.21  0.33  0.21  0.33  0.31  0.16  0.21  0.36  0.12  0.22  0.31  
91083  0.28  0.05  0.30  0.35  0.30  0.24  0.18  0.32  0.58  0.57  0.19  0.11  0.14  0.29  0.13  0.22  
91084  0.28  0.13  0.19  0.45  0.34  0.43  0.24  0.29  0.62  0.29  0.16  0.23  0.25  0.10  0.08  0.32  
91085  0.50  0.21  0.25  0.28  0.31  0.54  0.34  0.31  0.56  0.14  0.32  0.20  0.10  0.09  0.21  0.29  
91086  0.23  0.15  0.44  0.43  0.39  0.17  0.43  0.44  0.56  0.47  0.19  0.18  0.06  0.25  -0.02  0.31  
91087  0.33  0.26  0.30  0.39  0.12  0.47  0.33  0.33  0.68  0.51  0.20  0.27  0.38  0.29  -0.02  0.30  
91088  0.29  0.19  0.24  0.37  0.20  0.39  0.39  0.22  0.41  0.30  0.05  0.12  0.10  0.04  -0.01  0.25  
91089  0.40  0.37  0.29  0.43  0.61  0.23  0.38  0.18  0.33  0.41  0.23  0.23  0.19  0.13  0.03  0.36  
91091  0.19  0.04  0.51  0.28  0.20  0.44  0.17  0.31  0.49  0.26  0.36  0.32  0.13  0.01  0.10  0.27  
91093  0.40  0.22  0.28  0.20  0.34  0.09  0.36  0.70  0.39  0.51  0.38  0.15  0.44  0.20  0.18  0.17  
91094  0.21  0.19  0.27  0.37  0.27  0.15  0.33  0.69  0.41  0.27  0.20  0.07  0.34  0.11  0.02  0.28  
91095  0.35  0.20  0.31  0.35  0.17  0.26  0.27  0.47  0.45  0.31  0.36  0.09  0.23  -0.04  -0.14  0.37  
91096  0.24  0.09  0.15  0.47  0.35  0.30  0.42  0.31  0.55  0.33  0.03  0.46  0.23  -0.08  0.11  0.35  
91097  0.13  0.19  0.19  0.38  0.12  0.35  0.47  0.03  0.44  0.22  0.13  0.17  0.01  -0.01  -0.01  0.26  
91098  0.16  0.47  0.27  0.42  0.33  0.44  0.26  0.35  0.41  0.29  0.28  0.16  0.14  0.05  0.16  0.43  
91099  0.21  0.21  0.40  0.40  0.23  0.29  0.20  0.55  0.42  0.23  0.20  0.30  0.35  0.11  0.03  0.40  
91100  0.26  0.19  0.26  0.54  0.19  0.18  0.58  0.33  0.35  0.09  0.39  0.32  0.24  0.16  0.00  0.18  
91102  0.07  0.58  0.15  0.22  0.31  0.46  0.25  0.53  0.37  0.49  0.24  -0.06  0.05  0.24  0.11  0.10  
91103  0.37  0.30  0.31  0.40  0.08  0.31  0.36  0.30  0.34  0.37  0.32  0.20  0.24  0.13  0.03  0.39  
91104  0.22  0.11  0.32  0.42  0.01  0.39  0.26  0.26  0.48  0.31  0.24  0.14  0.28  0.21  0.02  0.19  
91105  0.32  0.34  0.24  0.18  0.33  0.63  0.37  0.44  0.58  0.33  0.49  0.30  0.25  0.27  0.20  0.15  
91106  0.38  0.25  0.23  0.39  0.16  0.40  0.44  0.23  0.43  0.12  0.29  0.13  -0.12  0.05  0.11  0.24  
91110  0.38  0.31  0.23  0.29  0.14  0.16  0.39  0.47  0.41  0.45  0.29  0.27  0.26  0.06  -0.04  0.22  
91111  0.32  0.26  0.14  0.31  0.28  0.33  0.44  0.46  0.43  0.42  0.31  0.26  0.28  0.07  0.02  0.39  
91113  0.42  0.32  0.02  0.32  0.14  0.36  0.31  0.50  0.42  0.28  0.17  -0.01  0.27  0.11  0.37  0.12  
91114  0.31  0.14  0.16  0.31  0.32  0.18  0.23  0.34  0.16  0.41  0.43  0.21  0.35  0.17  0.21  0.43  
91115  0.42  0.30  0.25  0.34  0.27  0.25  0.26  0.25  0.68  0.36  0.21  0.25  0.12  0.10  0.05  0.14  
91116  0.38  0.36  0.38  0.33  0.27  0.50  0.14  0.19  0.60  0.40  0.29  0.30  0.15  0.13  0.30  0.25  
91118  0.48  0.36  0.31  0.40  0.26  0.27  0.33  0.54  0.35  0.26  0.53  0.21  0.22  0.02  0.26  0.39  
91120  0.24  0.24  0.25  0.35  0.13  0.22  0.30  0.44  0.60  0.38  0.12  0.16  0.27  -0.03  -0.15  0.21  
91122  0.52  0.46  0.21  0.27  0.23  0.05  0.39  0.24  0.39  0.19  0.22  0.05  0.21  0.36  0.08  0.33  
91124  0.10  0.51  -0.00  0.04  0.30  0.38  0.20  0.45  0.51  -0.04  0.11  0.56  0.08  0.27  -0.12  0.23  
91126  0.43  0.21  0.44  0.30  0.14  0.38  0.28  0.48  0.65  0.10  0.18  0.25  0.07  0.17  0.17  0.33  
91127  0.12  0.31  0.22  0.27  -0.05  0.41  0.22  0.47  0.44  0.05  0.29  0.27  0.03  0.22  -0.03  -0.09  
91130  0.27  0.20  0.18  0.41  0.28  0.24  0.48  0.43  0.52  0.28  0.21  0.26  0.26  0.22  -0.08  0.17  
91131  0.35  0.17  0.21  0.25  0.35  0.31  0.14  0.27  0.33  0.45  0.07  0.07  0.16  -0.08  0.20  0.31  
91132  0.43  0.22  0.07  0.25  0.33  0.29  0.22  0.35  0.58  0.33  0.20  0.41  0.28  0.08  0.06  0.30  
91134  0.32  0.32  0.15  0.45  0.39  0.37  0.15  0.28  0.41  0.36  -0.05  0.02  0.17  0.18  0.39  0.21  
91135  0.34  0.21  0.27  0.44  0.28  0.23  0.29  0.28  0.43  0.28  0.19  0.21  0.24  0.09  0.04  0.37  
91137  0.17  0.18  0.22  0.43  0.17  0.56  0.34  0.47  0.44  0.38  0.21  0.25  0.24  0.17  0.24  0.22  
91140  0.68  0.28  0.56  0.43  0.05  0.24  0.50  0.17  0.50  0.34  0.24  0.17  -0.01  0.08  0.23  0.23  
91142  0.26  0.43  0.36  0.47  0.22  0.22  0.17  0.37  0.37  0.41  0.25  0.28  0.10  0.29  0.19  0.63  
91143  0.47  0.15  0.30  0.61  0.43  0.37  -0.08  0.34  0.30  0.00  0.31  0.14  0.19  0.54  0.19  0.31  
91144  0.04  0.25  0.12  0.37  0.38  0.28  0.05  0.38  0.42  0.24  0.10  0.06  0.33  0.24  -0.00  0.24  
91146  0.41  0.23  0.31  0.26  0.60  0.38  0.21  0.59  0.52  0.09  0.27  0.29  0.37  0.19  0.15  0.33  
91147  0.27  0.31  0.30  0.26  0.40  0.48  0.17  0.34  0.49  0.31  0.14  0.15  0.24  0.12  0.08  0.20  
91151  0.43  0.37  0.21  0.33  0.29  0.36  0.07  0.37  0.60  0.28  0.33  0.17  0.42  -0.10  -0.05  0.42  
91152  0.56  0.15  0.20  0.42  0.52  0.39  0.70  0.51  0.53  0.32  0.03  0.22  0.05  0.26  0.18  0.36  
91163  0.36  0.35  0.18  0.23  0.30  0.29  0.29  0.33  0.49  0.31  0.17  0.10  0.10  -0.04  0.17  0.36  
91164  0.34  0.21  0.19  0.46  0.39  0.29  0.52  0.35  0.61  0.46  0.33  0.27  0.11  -0.02  0.25  0.20  
91165  0.47  0.28  0.20  0.28  0.41  0.12  0.44  0.26  0.42  0.37  0.17  0.31  0.39  0.19  0.20  0.20  
91166  0.57  0.28  0.16  0.30  0.28  0.29  0.24  0.42  0.66  0.21  0.17  0.25  0.11  0.25  0.10  0.37  
91167  0.29  0.09  0.33  0.23  0.19  0.31  0.42  0.54  0.64  0.32  0.24  0.27  0.12  0.12  0.34  0.28  
91168  0.80  0.16  0.28  0.59  0.41  0.34  0.15  0.37  0.57  0.33  0.49  0.04  0.12  0.41  0.29  0.39  
91169  0.39  0.35  0.18  0.40  0.20  0.26  0.22  0.47  0.48  0.38  0.23  0.14  0.12  0.23  0.12  0.37  
91170  0.27  0.28  0.36  0.40  0.33  0.38  0.26  0.42  0.33  0.27  0.23  0.21  0.37  0.18  0.20  0.32  
91171  0.21  0.48  0.46  0.39  0.29  0.28  0.30  0.39  0.50  0.22  0.19  0.27  0.18  0.11  0.11  0.44  
91172  0.29  -0.11  0.45  0.22  -0.21  0.21  0.44  0.33  0.39  0.29  0.33  -0.06  0.06  0.15  -0.01  0.06  
91173  0.23  0.26  0.31  0.29  0.36  0.50  0.43  0.40  0.27  0.35  0.18  0.20  0.09  0.22  0.18  0.35  
91174  0.12  0.38  0.40  0.32  0.33  0.31  0.27  0.20  0.55  0.26  -0.05  0.20  0.29  -0.02  0.14  0.29  
91177  0.20  0.28  0.33  0.36  0.31  0.28  0.47  0.53  0.51  0.47  0.12  0.08  0.16  0.26  0.27  0.32  
91178  0.39  0.27  0.31  0.20  0.54  -0.13  0.58  0.51  0.38  0.27  0.21  0.18  0.27  0.06  0.23  -0.09  
91179  0.30  0.23  0.46  0.23  0.33  0.35  0.51  0.37  0.51  0.50  0.53  0.24  -0.05  0.19  0.21  0.48  
91182  0.47  0.37  0.18  0.36  0.28  0.37  0.40  0.37  0.55  0.24  0.13  0.33  0.22  0.34  0.20  0.34  
91183  0.28  0.26  0.27  0.27  0.17  0.34  0.31  0.36  0.66  0.35  0.08  -0.01  0.17  -0.02  0.10  0.24  
91184  0.28  0.27  0.49  0.35  0.48  0.24  0.31  0.27  0.22  0.16  0.13  0.28  0.18  0.27  0.19  0.37  
91185  0.31  0.15  0.22  0.50  0.31  0.18  0.26  0.06  0.40  0.22  0.18  0.24  0.24  -0.08  0.14  0.23  
91193  0.22  0.40  0.43  0.17  0.20  0.20  0.35  0.40  0.48  0.32  0.09  0.32  0.23  0.19  0.09  0.29  
91194  0.25  0.11  0.29  0.26  0.43  0.22  0.09  0.45  0.48  0.42  0.18  0.20  0.04  0.15  0.04  0.43  
91195  0.32  0.27  0.21  0.32  0.26  0.19  0.36  0.32  0.31  0.32  0.38  0.15  0.16  0.14  0.06  0.27  
91196  0.02  0.10  0.20  0.53  0.14  0.45  0.40  0.31  0.66  0.26  0.20  0.30  0.01  0.60  0.23  -0.01  
91197  0.23  0.45  0.26  0.25  0.28  0.32  0.22  0.56  0.39  0.43  0.19  0.09  0.20  0.15  0.25  0.43  
91198  0.18  0.30  0.56  0.39  0.25  0.12  0.33  0.32  0.52  0.36  0.12  0.28  0.24  0.08  0.08  0.23  
91199  0.47  0.13  0.25  0.32  0.29  0.23  0.21  0.14  0.50  0.17  0.33  0.20  0.08  0.31  0.06  0.23  
91200  0.01  0.30  0.39  0.34  0.16  0.31  0.10  0.41  0.49  0.37  0.32  0.19  0.16  0.03  -0.09  0.10  
91208  0.30  0.18  0.23  0.43  0.29  0.37  0.33  0.11  0.52  0.31  0.13  0.16  0.05  0.10  0.25  0.14  
91209  0.26  0.26  0.35  0.35  0.23  0.20  0.32  0.21  0.53  0.24  0.24  0.15  0.07  0.18  0.11  0.31  
91210  0.18  0.21  0.27  0.33  0.17  0.35  0.28  0.25  0.41  0.30  0.22  -0.04  0.13  0.05  0.03  0.34  
91211  0.26  0.20  0.22  0.29  0.27  0.11  0.28  0.37  0.55  0.24  0.15  0.09  0.12  0.23  0.11  0.29  
91212  0.07  0.32  0.57  0.33  0.19  0.30  0.32  0.41  0.33  0.31  0.24  0.14  0.30  0.01  0.09  0.23  
91213  0.25  0.36  0.19  0.39  0.44  0.31  0.34  0.39  0.31  0.30  0.18  -0.00  0.38  0.05  -0.05  0.30  
91218  0.34  0.13  0.24  0.42  0.33  0.25  0.27  0.70  0.35  0.49  0.28  0.15  0.16  0.02  0.06  0.24  
91219  0.23  0.24  0.17  0.46  0.45  0.47  0.32  0.35  0.12  0.56  0.43  0.10  0.19  -0.17  0.12  0.20  
91220  0.31  0.38  0.44  0.27  0.36  0.40  0.36  0.41  0.53  0.25  0.09  0.16  0.30  0.20  0.08  0.24  
91221  0.53  0.17  0.22  0.47  0.36  0.43  0.12  0.30  0.43  0.33  0.12  0.19  0.11  0.21  -0.00  0.28  
91222  0.12  0.09  -0.03  0.22  0.34  0.30  0.49  0.40  0.31  0.32  0.11  -0.00  0.14  0.09  0.19  0.32  
91223  0.40  0.32  0.23  0.33  0.43  0.23  0.18  0.29  0.64  0.45  0.12  0.01  0.18  0.28  0.34  0.13  
91224  0.20  0.29  0.20  0.40  0.41  0.31  0.21  0.07  0.38  0.40  0.25  0.12  0.38  0.27  0.07  0.24  
91225  0.26  0.21  0.25  0.20  0.27  0.38  0.29  0.43  0.65  0.36  0.35  0.09  0.13  0.15  0.03  0.36  
91226  0.27  0.17  0.14  0.31  0.59  0.17  0.34  0.32  0.61  0.29  0.20  0.17  0.29  0.07  0.19  0.15  
91227  0.44  0.22  0.12  0.23  0.40  0.32  0.31  0.39  0.69  0.50  0.17  0.16  0.16  0.32  0.22  0.30  
91228  0.49  0.32  0.33  0.27  0.09  0.30  0.23  0.17  0.56  0.40  0.25  0.21  0.32  0.14  0.03  0.30  
91229  0.19  0.22  0.23  0.38  0.14  0.14  0.43  0.34  0.55  0.32  0.43  0.40  -0.05  0.30  0.18  0.44  
91230  0.19  0.52  0.32  0.20  0.27  0.29  0.18  0.23  0.46  0.30  0.35  0.34  0.22  0.31  0.35  0.20  
91231  0.41  0.44  0.41  0.12  0.20  0.83  0.41  0.17  0.33  0.30  0.57  -0.01  0.23  -0.42  -0.49  0.26  
91232  0.23  0.36  0.10  0.51  0.35  0.35  0.31  0.32  0.36  0.24  0.08  0.20  0.17  0.00  0.16  0.31  
91233  0.31  0.41  0.24  0.53  0.27  0.66  0.45  0.22  0.47  0.31  0.17  0.28  -0.09  -0.03  0.23  0.41  
91234  0.17  0.45  0.32  0.36  0.27  0.30  0.18  0.32  0.44  0.27  0.16  0.08  0.39  0.34  0.07  0.27  
91235  0.46  0.64  0.13  0.39  0.29  0.19  0.34  0.47  0.49  0.23  0.07  0.24  0.15  0.33  0.11  0.28  
91236  0.43  0.26  0.24  0.36  0.41  0.35  0.19  0.45  0.58  0.43  0.16  0.28  0.32  0.18  0.05  0.33  
91237  0.38  0.17  0.19  0.30  0.13  0.27  0.23  0.30  0.56  0.39  0.30  0.10  0.24  0.23  0.05  0.24  
91238  0.38  0.45  0.32  0.39  0.37  0.35  0.22  0.12  0.71  0.20  0.34  0.04  0.12  0.06  0.03  0.32  
91239  0.20  0.26  0.15  0.39  0.23  0.18  0.36  0.45  0.29  0.22  0.12  0.05  0.22  0.06  0.28  0.33  
91240  0.41  0.21  0.49  0.25  0.45  0.18  0.35  0.09  0.64  0.24  0.25  0.14  0.23  0.14  0.05  0.29  
91241  0.16  0.08  0.26  0.29  0.34  0.44  0.38  0.52  0.55  0.41  0.08  0.23  0.12  0.03  -0.02  0.25  
91242  0.41  0.37  0.29  0.42  0.36  0.42  0.26  0.19  0.30  0.34  0.17  0.08  0.39  0.13  0.03  0.18  
91244  0.27  0.24  0.47  0.44  0.48  0.45  0.70  0.22  0.46  0.33  0.57  0.13  0.52  0.21  0.10  0.19  
91245  -0.02  0.09  0.34  0.45  0.28  0.23  0.23  0.45  0.51  0.56  0.38  0.29  0.46  0.13  0.05  0.26  
91246  0.27  0.42  0.02  0.28  0.20  0.30  0.17  0.22  0.51  0.33  0.30  0.28  0.31  0.15  0.25  0.65  
91247  0.37  0.36  0.41  0.37  0.53  0.35  0.36  0.41  0.50  0.26  0.25  0.22  0.41  0.00  0.21  0.30  
91248  0.45  0.41  0.53  0.48  0.42  0.22  0.36  0.45  0.38  0.42  0.35  0.06  0.02  -0.03  -0.05  0.26  
91249  0.53  0.55  0.54  0.49  0.40  0.38  0.23  0.53  0.37  0.15  0.07  0.07  0.48  0.17  0.09  0.21  
91250  0.39  0.36  0.17  0.34  0.35  0.46  0.46  0.06  0.46  0.41  0.16  0.14  0.19  0.21  0.16  0.34  
91251  0.20  0.43  0.26  0.30  0.21  0.46  0.18  0.43  0.36  0.34  0.16  0.29  0.36  0.16  0.20  0.41  
91252  0.37  0.47  0.20  0.25  0.36  0.41  0.23  0.48  0.58  0.29  0.15  0.10  0.33  0.26  0.02  0.33  
91253  0.40  0.13  0.35  0.09  0.47  0.44  0.19  0.48  0.61  0.39  0.14  0.38  0.21  0.20  0.04  0.25  
91254  0.18  0.19  0.17  0.22  0.22  0.51  0.39  0.13  0.54  0.50  0.11  0.06  0.15  0.12  0.13  0.40  
91255  0.25  0.26  0.21  0.35  0.22  0.34  0.37  0.27  0.59  0.31  0.13  0.32  0.30  0.17  0.15  0.23  
91256  0.32  0.11  0.09  0.32  0.06  0.44  0.34  0.17  0.34  0.39  0.23  0.12  0.13  0.17  0.12  0.30  
91258  0.29  0.45  0.25  0.40  0.41  0.31  0.19  -0.00  0.40  0.12  0.43  0.19  -0.08  0.14  0.16  0.22  
91260  0.06  0.56  0.39  0.47  -0.06  0.52  0.13  0.37  0.06  0.29  0.25  0.09  0.36  0.30  0.01  0.13  
91261  0.20  0.28  0.34  0.18  0.36  0.29  0.33  0.33  0.45  0.56  0.36  0.19  0.35  0.03  0.21  0.30  
91263  0.20  0.19  0.38  0.31  0.07  0.20  0.31  0.34  0.49  0.25  0.26  0.23  0.07  0.16  0.16  0.24  
91264  0.37  0.18  0.18  0.32  0.42  0.36  0.36  0.80  0.37  0.10  0.01  0.28  0.22  0.13  -0.01  0.11  
91265  0.29  0.32  0.14  0.80  0.26  0.44  0.28  0.42  0.33  0.33  0.21  0.25  0.16  0.02  0.09  0.26  
91266  0.44  0.57  0.17  0.43  0.32  0.33  0.38  0.13  0.49  0.22  0.14  0.13  0.06  0.09  0.34  0.26  
91267  0.15  0.18  0.42  0.17  0.27  0.46  0.36  0.34  0.52  0.31  0.23  0.32  0.19  0.12  0.30  0.23  
91268  0.44  0.23  0.46  0.07  0.25  0.35  0.39  0.23  0.29  0.38  0.28  -0.07  0.25  0.11  0.14  0.22  
91269  0.33  0.23  0.30  0.08  0.08  0.28  0.39  0.61  0.54  0.33  0.25  0.23  0.19  0.17  0.04  0.34  
91270  0.27  0.55  0.13  0.40  0.39  0.33  0.40  0.12  0.30  0.27  0.15  0.19  0.35  0.21  0.07  0.29  
91271  0.13  0.19  0.32  0.40  0.32  0.32  0.43  0.17  0.61  0.50  0.43  0.19  0.32  0.13  -0.15  0.26  
91275  0.45  0.23  0.38  0.42  0.31  0.32  0.55  0.33  0.30  0.37  0.20  0.04  0.17  0.10  0.02  0.06  
91277  0.15  0.28  0.12  0.48  -0.02  0.43  0.28  0.01  0.65  0.28  0.30  0.26  0.25  0.34  0.07  0.43  
91278  0.54  0.13  0.20  0.43  0.23  0.45  0.60  0.23  0.54  0.39  0.07  0.34  0.36  0.18  -0.09  0.21  
91279  0.26  0.31  0.10  0.39  0.27  0.52  0.53  0.06  0.31  0.49  0.08  0.38  0.31  -0.10  0.14  0.31  
91280  0.34  0.36  0.36  0.26  0.29  0.13  0.36  0.29  0.69  0.16  0.26  0.33  0.09  0.12  0.02  0.28  
91283  0.25  0.06  0.44  0.37  0.62  0.22  0.14  0.20  0.41  0.23  0.19  0.29  0.17  0.19  0.33  0.26  
91284  0.29  0.18  0.37  0.33  0.29  0.27  0.56  0.42  0.44  0.40  -0.10  0.24  0.07  0.01  0.06  0.33  
91285  0.23  0.17  0.13  0.29  0.44  0.26  0.20  0.32  0.29  0.25  0.37  0.26  0.19  0.23  0.16  0.36  
91286  0.32  0.27  0.10  0.30  0.14  0.34  0.49  0.39  0.54  0.54  0.26  0.23  0.21  0.38  0.05  0.23  
91287  0.38  0.13  0.34  0.20  0.66  -0.02  0.49  0.14  0.13  0.18  0.40  -0.14  0.20  0.04  0.27  0.10  
91288  0.35  0.33  0.26  0.56  0.31  0.13  0.34  0.52  0.44  0.34  0.26  0.23  0.17  0.04  -0.04  0.08  
91289  0.37  0.24  0.21  0.38  0.32  0.39  0.32  0.50  0.46  0.25  0.37  0.08  0.23  0.20  -0.10  0.39  
91290  0.55  0.38  0.27  0.36  0.23  0.35  0.46  0.36  0.59  0.25  0.37  0.24  0.32  0.03  0.03  0.35  
91291  0.43  0.17  0.41  0.25  0.17  0.25  0.49  0.41  0.33  0.43  0.30  0.22  0.25  0.19  -0.02  0.43  
91292  0.39  0.28  0.25  0.30  0.32  0.21  0.26  0.42  0.43  0.03  0.28  0.26  0.32  0.20  0.25  0.33  
91293  0.37  0.34  0.27  0.26  0.41  0.26  0.40  0.21  0.31  0.35  0.16  0.32  0.15  0.05  0.22  0.18  
91294  0.25  0.35  0.18  0.28  0.23  0.13  0.29  0.26  0.55  0.30  0.21  0.08  0.15  0.15  0.26  0.48  
91295  0.19  0.04  0.62  0.41  0.43  0.48  0.68  0.35  0.55  0.13  0.26  0.43  0.35  0.14  0.04  0.29  
91296  0.28  0.09  0.18  0.35  0.18  0.20  0.27  0.57  0.65  0.31  0.30  0.23  0.18  0.04  0.14  0.30  
91297  0.30  0.13  0.25  0.37  0.21  0.45  0.15  0.45  0.41  0.21  0.03  0.06  0.14  0.04  -0.00  0.20  
91298  0.24  0.31  0.28  0.39  0.53  0.47  0.66  0.40  0.26  0.18  0.13  0.36  0.19  0.27  -0.15  0.39  
91299  0.13  0.35  0.43  0.32  0.23  0.52  0.35  0.39  0.17  0.35  0.10  0.17  0.29  0.14  -0.04  0.21  
91300  0.35  0.37  0.30  0.36  0.10  0.28  0.07  0.12  0.42  0.51  0.18  0.01  0.22  0.26  0.10  0.12  
91302  0.26  0.25  0.07  0.29  0.40  0.32  0.17  0.16  0.52  0.35  0.21  0.11  0.22  0.12  0.07  0.21  
91303  0.46  0.17  0.25  0.66  0.20  0.27  0.32  0.18  0.47  0.15  0.37  0.22  0.39  0.17  0.34  0.23  
91304  0.37  0.46  0.38  0.29  0.20  0.26  0.14  0.49  0.34  0.37  0.16  0.06  0.06  0.22  0.13  0.15  
91305  0.25  0.36  0.21  0.34  0.31  0.57  0.26  0.38  0.59  0.54  0.32  0.21  0.39  0.20  0.04  0.10  
91306  0.29  0.31  0.34  0.23  0.24  0.29  0.21  0.34  0.66  0.22  0.20  0.38  0.41  0.06  0.24  0.31  
91307  0.07  0.26  0.22  0.37  0.26  0.30  0.19  -0.05  0.48  0.40  0.09  0.21  0.18  0.10  0.06  0.22  
91308  0.45  0.38  0.27  0.44  0.38  0.46  0.24  0.42  0.33  0.33  0.31  0.24  0.24  0.04  -0.00  0.38  
91309  0.25  0.36  0.13  0.57  0.20  0.29  0.31  0.32  0.39  0.28  0.58  0.13  0.42  0.29  0.18  0.14  
91310  0.43  0.19  0.25  0.38  0.29  0.35  0.17  0.37  0.64  0.26  0.59  0.35  0.16  0.04  0.07  0.18  
91311  0.43  0.14  0.17  0.55  0.23  0.26  0.25  0.08  0.39  0.21  0.08  0.07  0.52  0.17  0.05  -0.27  
91313  0.35  0.33  0.07  0.21  0.47  0.40  0.37  0.52  0.40  0.33  0.10  -0.03  0.05  -0.01  0.29  0.26  
91314  0.22  0.20  0.16  0.50  0.01  0.29  0.12  0.50  0.63  0.41  0.15  0.11  0.28  0.27  0.23  0.48  
91315  0.13  0.24  0.33  0.34  0.27  0.29  0.30  0.17  0.48  0.26  0.03  0.16  0.41  0.17  0.13  0.24  
91316  0.32  0.26  0.26  0.46  0.32  0.05  0.37  0.21  0.37  0.18  0.14  0.16  0.17  0.23  0.23  0.28  
91317  0.39  0.21  0.14  0.28  0.19  0.40  0.37  0.46  0.40  0.42  0.05  0.18  0.14  0.15  0.20  -0.02  
91318  0.18  0.19  0.27  0.24  0.34  0.37  0.37  0.35  0.45  0.25  0.33  0.23  0.34  0.21  -0.07  0.32  
91319  0.35  0.08  -0.02  0.17  0.33  0.23  0.17  0.28  0.35  0.41  0.24  0.23  0.32  0.15  0.02  0.34  
91320  0.38  0.20  0.32  0.31  0.33  0.25  0.38  0.36  0.46  0.44  0.15  0.26  0.30  0.17  -0.06  0.32  
91321  0.31  0.12  0.26  0.36  0.37  0.35  0.49  0.32  0.54  0.33  0.10  0.21  0.21  0.25  0.13  0.25  
91322  0.26  0.25  0.57  0.16  0.32  0.53  0.56  0.41  0.73  0.35  0.24  0.06  0.24  -0.02  0.27  0.40  
91323  0.34  0.20  0.19  0.53  0.15  0.25  0.26  0.24  0.32  0.19  0.31  0.12  0.21  0.38  0.09  -0.02  
91324  0.29  0.28  0.57  0.31  0.05  0.22  0.48  0.33  0.34  0.35  0.13  0.24  0.22  0.22  -0.00  0.46  
91325  0.36  0.20  0.15  0.47  0.13  0.44  0.50  0.44  0.52  0.58  0.23  0.26  0.19  0.16  0.07  0.47  
91326  0.32  0.35  0.50  0.27  0.54  -0.12  0.30  0.30  0.47  0.39  0.32  0.39  0.06  0.47  0.25  0.29  
91327  0.25  0.20  0.28  0.40  0.38  0.31  0.10  0.33  0.46  0.35  0.12  0.14  0.17  0.28  0.19  0.24  
91328  0.31  0.37  0.07  0.18  0.06  0.24  0.39  0.45  0.58  0.43  0.34  0.33  0.03  0.25  -0.05  0.22  
91330  0.21  0.57  0.52  0.56  0.59  0.29  0.44  -0.07  0.48  0.12  0.35  0.51  0.04  0.12  0.01  0.36  
91331  0.34  0.45  0.10  0.34  0.19  0.20  0.39  0.42  0.43  0.31  0.23  0.18  0.29  0.16  -0.03  0.27  
91332  0.39  0.17  0.41  0.39  0.29  0.11  0.19  0.45  0.37  0.37  0.33  0.13  0.28  0.18  0.12  0.08  
91333  0.33  0.25  0.40  0.70  0.13  0.11  0.30  0.66  0.48  0.44  0.16  -0.04  0.12  0.07  0.21  0.46  
91334  0.13  0.13  0.44  0.21  0.40  0.47  0.08  0.46  0.41  0.37  0.07  0.15  0.34  0.37  0.21  0.23  
91335  0.25  0.26  0.23  0.48  0.16  0.08  0.29  0.31  0.58  0.27  0.32  0.20  0.48  0.32  0.15  0.23  
91338  0.08  0.06  0.47  0.70  0.41  0.38  0.17  0.39  0.52  0.28  0.01  -0.02  0.29  0.18  0.05  0.46  
91341  0.09  0.46  0.09  0.35  0.46  0.41  0.46  0.13  0.44  0.22  0.24  0.39  0.32  0.08  0.03  0.47  
91342  0.44  0.22  0.42  0.28  0.34  0.36  0.35  0.30  0.58  0.27  0.36  0.07  0.11  0.09  0.12  0.22  
91343  0.25  0.26  0.24  0.41  0.12  0.36  0.14  0.40  0.54  0.37  0.08  0.10  0.13  0.02  0.14  0.34  
91344  0.36  0.27  0.20  0.58  0.15  0.26  0.21  0.29  0.38  0.31  0.10  0.08  0.19  0.12  0.09  0.31  
91345  0.35  0.29  0.28  0.38  0.20  0.31  0.55  0.17  0.39  0.27  0.03  0.15  0.33  0.21  0.03  0.19  
91346  0.21  0.33  0.58  0.44  0.36  0.20  0.28  0.38  0.54  0.44  -0.03  0.36  0.34  0.26  -0.21  0.17  
91347  0.34  0.34  0.44  0.35  0.40  0.21  0.38  0.42  0.35  0.05  0.15  0.11  0.22  0.25  -0.05  0.29  
91348  0.40  0.31  0.05  0.30  0.37  0.28  0.29  0.30  0.66  0.39  0.17  0.31  0.26  0.22  0.14  0.33  
91355  0.41  0.36  0.20  0.15  0.53  0.34  0.28  0.19  0.68  0.43  0.15  0.20  0.06  0.16  0.07  0.25  
91356  0.34  0.35  0.28  0.35  0.33  0.30  0.28  0.39  0.50  0.29  0.22  0.27  0.30  0.31  0.16  0.43  
91357  0.57  0.31  0.25  0.43  0.15  0.37  0.41  0.22  0.65  0.16  0.17  -0.13  0.29  0.21  0.08  0.35  
91358  0.38  0.21  -0.00  0.09  0.18  0.27  0.48  0.52  0.42  0.48  0.34  0.37  0.54  0.40  -0.18  0.23  
91359  0.22  0.51  0.17  0.13  0.26  0.44  -0.21  0.57  0.58  0.30  0.42  0.07  0.13  0.20  0.14  0.58  
91360  0.29  0.27  0.48  0.36  0.25  0.29  0.23  0.48  0.36  0.17  0.20  0.01  0.20  0.11  0.09  0.26  
91361  0.19  0.17  0.40  0.35  0.23  0.34  0.24  0.26  0.37  0.38  0.27  0.16  0.39  0.35  0.39  0.36  
91362  0.04  0.39  0.22  0.22  0.16  0.32  0.29  0.40  0.37  0.38  0.14  0.36  0.32  0.38  0.45  0.08  
91363  0.28  0.11  0.27  0.27  0.42  0.35  0.48  0.32  0.38  0.34  0.30  0.05  0.21  0.33  0.12  0.23  
91364  0.08  0.33  0.20  0.60  0.35  0.33  0.45  0.12  0.30  0.59  0.08  0.26  0.19  0.18  0.03  0.60  
91365  0.32  0.30  0.30  0.28  0.09  0.42  0.14  0.36  0.38  0.36  0.07  0.18  0.13  0.19  0.13  0.31  
91366  0.17  0.29  0.49  0.31  0.39  0.05  0.36  0.48  0.31  0.36  0.25  0.21  0.13  0.15  -0.04  0.16  
91367  0.21  0.31  0.21  0.35  0.15  0.62  0.22  0.38  0.27  0.36  0.21  0.28  0.09  0.22  0.16  0.30  
91368  0.41  0.18  0.21  0.13  0.19  0.44  0.42  0.41  0.36  0.27  0.17  0.11  0.18  0.12  0.17  0.34  
91369  0.29  0.28  0.29  0.19  0.35  0.43  0.42  0.34  0.57  0.48  0.20  0.15  0.28  0.35  0.26  0.16  
91370  0.47  0.52  0.29  0.41  0.23  0.31  0.36  0.37  0.69  0.33  0.13  0.21  0.25  0.17  0.35  0.25  
91371  0.46  0.22  0.35  0.31  0.20  0.22  0.40  0.48  0.53  0.23  0.21  0.29  0.30  0.15  0.02  0.50  
91372  0.14  0.06  0.21  0.27  0.40  0.35  0.07  0.44  0.54  0.28  0.34  0.08  0.32  0.21  0.16  0.07  
91373  0.36  0.30  0.28  0.51  0.26  0.24  0.41  0.48  0.31  0.23  0.28  0.29  -0.07  0.39  0.23  0.36  
91374  0.39  0.32  0.07  0.39  0.41  0.44  0.41  0.48  0.44  0.29  0.30  0.17  0.20  0.09  0.12  0.13  
91375  0.28  0.15  0.55  0.27  0.28  0.39  0.28  0.48  0.53  0.12  0.17  0.08  0.19  0.17  0.23  0.16  
91376  0.24  0.10  0.51  0.19  0.25  0.53  0.23  0.34  0.33  0.31  0.20  0.15  0.24  0.12  -0.12  0.21  
91377  0.10  0.27  0.22  0.48  0.33  0.51  0.47  0.42  0.35  0.29  0.38  0.07  0.19  0.18  0.27  0.33  
91379  0.37  0.25  0.21  0.40  0.45  0.30  0.32  0.52  0.51  0.23  0.14  0.09  0.22  0.11  0.08  0.23  
91380  0.23  0.07  0.32  0.32  0.38  0.10  0.28  0.35  0.56  0.30  0.16  0.11  0.16  0.22  0.11  0.13  
91381  0.24  0.13  0.42  0.39  0.33  0.39  0.38  0.39  0.32  0.53  0.18  0.33  0.21  0.02  0.08  0.39  
91382  0.31  0.31  0.18  0.45  0.33  0.56  0.47  0.03  0.34  0.33  0.37  0.13  0.17  0.33  0.18  0.17  
91383  0.17  0.00  0.24  0.32  0.25  0.29  0.40  0.38  0.65  0.47  0.22  -0.10  0.15  0.29  0.19  0.38  
91384  0.21  0.37  0.24  0.36  0.46  0.41  0.33  0.33  0.51  0.25  0.27  0.10  0.20  0.17  0.13  0.38  
91385  0.13  0.11  0.24  0.36  0.24  0.28  0.36  0.51  0.53  0.31  0.39  0.17  0.31  0.25  0.03  0.35  
91386  0.33  0.38  0.20  0.33  0.42  0.30  0.13  0.12  0.49  0.44  0.18  0.33  0.28  0.25  0.16  0.30  
91387  0.34  0.13  0.40  0.35  0.22  0.21  0.53  0.35  0.50  0.34  0.36  0.12  0.29  -0.05  0.06  0.24  
91388  0.40  0.20  0.20  0.53  0.19  0.36  0.42  0.46  0.49  0.22  0.32  0.21  0.03  0.30  0.17  0.23  
91389  0.44  0.36  0.28  0.47  0.17  0.20  0.45  0.23  0.51  0.41  0.39  0.19  0.23  0.22  0.18  0.04  
91390  0.28  0.33  0.41  0.29  0.20  0.24  0.36  0.37  0.58  0.46  0.01  0.05  0.26  0.20  -0.03  0.32  
91391  0.28  0.43  0.35  0.33  0.48  0.35  0.47  0.23  0.58  0.34  0.08  0.26  0.41  0.28  0.32  0.27  
91392  0.31  0.11  0.21  0.28  0.25  0.29  0.47  0.29  0.51  0.31  0.29  0.23  0.13  0.06  0.16  0.47  
91393  0.40  0.33  0.28  0.20  0.32  0.34  0.13  0.26  0.66  0.40  0.35  0.09  0.28  0.05  0.04  0.36  
91394  0.42  0.38  0.28  0.46  0.26  -0.08  0.41  0.47  0.59  0.36  0.13  0.24  0.29  0.16  0.09  0.10  
91395  0.47  0.29  0.30  0.35  0.21  0.47  0.20  0.38  0.55  0.37  0.29  0.14  0.26  0.12  -0.08  0.47  
91396  0.42  0.15  0.30  0.35  0.37  0.44  0.32  0.41  0.36  0.25  0.20  0.26  0.14  0.16  -0.02  0.43  
91397  0.21  0.30  0.47  0.32  0.08  0.22  0.15  0.41  0.55  0.32  0.15  0.17  0.18  0.29  0.16  0.20  
91399  0.37  0.20  0.33  0.40  0.23  0.44  0.46  0.19  0.45  0.33  0.32  0.31  0.30  0.26  0.07  0.29  
91400  0.27  0.36  0.54  0.40  0.37  0.43  0.33  0.36  0.54  0.53  0.21  0.25  0.38  0.20  -0.02  0.31  
91401  0.05  0.16  0.45  0.38  0.37  0.32  0.36  0.49  0.69  0.23  0.16  0.23  0.29  0.26  0.05  0.54  
91402  0.32  0.24  0.58  0.44  0.31  0.17  0.19  0.33  0.67  0.29  0.15  0.24  -0.09  -0.02  0.27  0.37  
91403  0.16  0.30  0.39  0.42  0.22  0.24  0.35  0.07  0.45  0.39  0.52  0.23  0.24  0.17  0.12  0.18  
91404  0.41  0.09  0.02  0.30  0.29  0.38  0.34  0.13  0.65  0.45  0.18  0.16  0.25  0.02  0.06  0.23  
91405  0.33  0.31  0.16  0.35  0.22  0.18  0.50  0.32  0.79  0.25  0.27  0.10  0.19  0.11  0.13  0.10  
91406  0.21  0.06  0.39  0.47  0.41  0.17  0.15  0.42  0.32  0.47  0.12  -0.05  0.53  -0.05  0.07  0.56  
91408  0.43  0.40  0.32  0.43  0.18  0.35  0.29  0.54  0.76  0.37  0.19  0.24  0.13  0.08  0.10  0.25  
91409  0.15  0.24  0.26  0.29  0.16  0.40  0.37  0.32  0.56  0.37  0.19  0.40  0.26  0.13  0.21  0.32  
91410  0.20  0.26  0.28  0.26  0.22  0.20  0.35  0.19  0.55  0.28  -0.19  0.23  0.33  -0.01  0.19  0.43  
91411  0.13  0.24  0.21  0.34  0.27  0.45  0.15  0.40  0.38  0.62  0.27  0.20  0.32  0.37  0.04  0.27  
91412  0.27  0.22  0.24  0.33  0.35  0.43  0.16  0.06  0.45  0.27  0.21  0.36  0.49  0.03  0.17  0.30  
91413  0.33  0.12  0.49  0.35  0.40  0.25  0.28  0.32  0.64  0.40  0.23  0.12  0.17  0.34  0.21  0.30  
91414  0.28  0.11  0.47  0.24  0.20  0.12  0.39  0.07  0.52  0.02  0.16  0.31  0.18  0.02  0.41  0.14  
91415  0.28  0.27  0.23  0.42  0.34  0.15  0.17  0.22  0.44  0.48  0.23  0.42  0.17  0.17  0.22  0.36  
91416  0.32  0.16  0.14  0.29  0.34  0.23  0.39  0.57  0.51  0.37  0.29  0.13  0.23  0.16  0.25  0.31  
91417  0.50  0.45  0.22  0.27  0.56  0.28  0.40  0.51  0.56  0.33  0.29  0.10  0.57  0.18  -0.01  0.25  
91418  0.21  0.23  0.40  0.33  0.44  0.31  0.24  0.15  0.50  0.31  0.23  0.06  0.26  0.07  -0.02  0.33  
91419  0.30  0.16  0.19  0.26  0.25  0.30  0.23  0.32  0.28  0.59  0.31  0.11  0.29  0.10  0.05  0.42  
91420  0.27  0.23  0.12  0.27  0.51  0.54  0.09  0.32  0.55  0.40  0.14  -0.03  0.21  0.47  0.22  0.31  
91421  0.42  0.42  0.46  0.36  0.34  0.20  0.36  0.19  0.59  0.23  0.14  0.07  0.48  0.23  0.28  0.47  
91422  0.21  0.20  0.36  0.32  0.48  0.01  0.39  0.35  0.55  0.28  0.34  0.12  0.29  0.10  -0.21  0.41  
91423  0.33  0.19  0.36  0.29  0.21  0.36  0.28  0.31  0.37  0.32  0.04  0.16  0.31  0.20  0.07  0.27  
91424  0.30  0.34  0.36  0.60  0.19  0.29  0.23  0.03  0.37  0.29  0.24  0.11  0.33  0.21  -0.01  0.40  
91425  0.33  0.44  0.19  0.24  0.47  0.43  0.14  0.31  0.36  0.14  0.03  0.36  0.27  0.17  0.20  0.23  
91426  0.24  0.30  0.23  0.24  0.35  0.22  0.21  0.25  0.55  0.36  0.53  -0.02  0.18  0.31  -0.05  0.42  
91427  0.46  0.25  0.59  0.40  0.35  0.10  0.40  0.37  0.57  0.41  0.07  0.25  0.07  0.36  0.08  0.05  
91428  0.23  0.13  0.39  0.32  0.42  0.26  0.24  0.25  0.47  0.47  0.19  0.18  0.32  0.21  0.13  0.16  
91429  0.50  0.32  0.49  0.21  0.22  0.20  0.19  0.44  0.54  0.22  0.34  0.18  0.19  0.15  0.06  0.29  
91430  0.46  0.27  0.17  0.40  0.57  0.26  0.21  0.17  0.45  0.30  0.24  0.05  0.17  0.43  -0.02  0.30  
91431  0.35  0.38  0.16  0.39  0.14  0.35  0.21  0.29  0.40  0.23  0.34  0.16  0.24  0.25  0.23  0.28  
91432  0.30  0.37  0.53  0.35  0.54  0.21  0.02  0.22  0.61  0.36  0.48  0.27  -0.17  0.28  0.23  0.36  
91433  0.19  0.34  0.10  0.56  0.13  0.19  0.41  0.52  0.41  0.27  0.38  0.07  0.24  0.18  0.18  0.14  
91434  0.47  0.50  0.35  0.30  0.06  0.17  0.51  0.53  0.32  0.40  0.12  0.22  0.27  0.25  -0.10  0.36  
91435  0.24  0.33  0.14  0.37  0.38  0.47  0.33  0.34  0.41  0.13  0.29  0.36  0.43  0.38  0.06  0.29  
91436  0.47  0.34  0.55  0.45  0.24  0.42  -0.02  0.09  0.41  0.35  0.17  0.21  0.17  0.35  0.11  0.38  
91437  0.40  0.34  0.22  0.37  0.23  0.38  0.25  0.43  0.53  0.24  0.22  -0.07  0.11  0.06  0.18  0.41  
91438  0.24  0.28  0.32  0.28  0.18  0.49  0.27  0.44  0.52  0.17  0.14  0.20  0.15  0.14  0.07  0.12  
91439  0.22  0.07  0.36  0.38  0.26  0.14  0.51  0.34  0.43  0.30  0.31  0.38  0.20  0.11  0.06  0.17  
91440  0.18  0.43  0.18  0.43  0.49  0.42  0.50  0.58  0.54  0.44  0.44  0.20  0.27  0.15  0.22  0.28  
91441  0.31  0.29  0.20  0.25  0.45  0.37  0.43  0.42  0.49  0.47  0.17  0.32  0.24  0.27  -0.07  0.26  
91442  0.33  0.32  0.18  0.38  0.31  0.31  0.14  0.28  0.31  0.54  0.32  0.26  0.27  0.26  0.12  0.35  
91443  0.35  0.30  0.29  0.39  0.36  0.35  0.33  0.38  0.38  0.39  0.36  0.06  0.23  0.18  0.19  0.32  
91444  0.16  0.40  0.44  0.45  0.31  0.28  0.36  0.43  0.57  0.43  0.32  0.26  0.20  0.35  0.08  0.20  
91445  0.37  0.21  0.09  0.21  0.50  0.38  0.27  0.40  0.59  0.13  0.31  0.23  0.26  0.26  0.00  0.15  
91446  0.25  0.25  0.26  0.29  0.35  0.33  0.19  0.44  0.54  0.41  0.52  -0.01  0.32  0.19  -0.08  0.26  
91447  0.23  0.28  0.30  0.34  0.10  0.43  0.30  0.57  0.75  0.43  0.32  0.23  0.13  0.26  0.22  0.25  
91448  0.32  0.28  0.34  0.29  0.10  0.42  0.32  0.26  0.47  0.26  0.37  0.29  0.22  0.38  0.18  0.29  
91449  0.31  0.19  0.11  0.34  0.39  0.28  0.22  0.46  0.31  0.22  0.39  0.21  0.49  0.18  -0.05  0.28  
91450  0.51  0.19  0.25  0.28  0.32  0.36  0.20  0.36  0.39  0.36  0.29  0.34  0.32  0.29  0.10  0.18  
91451  0.21  0.30  0.17  0.27  0.45  0.61  0.26  0.32  0.57  0.17  0.44  0.25  0.34  0.17  -0.12  0.39  
91452  0.24  0.30  0.39  0.35  0.40  0.21  0.33  0.48  0.40  0.37  0.18  0.11  0.18  0.31  0.28  0.33  
91453  0.31  0.30  0.25  0.49  0.27  0.56  0.29  0.36  0.55  0.53  0.31  0.19  0.14  0.26  0.24  0.38  
91454  0.29  0.32  0.41  0.32  0.35  0.20  0.50  0.38  0.42  0.33  0.06  0.16  0.14  0.23  0.13  0.17  
91455  0.59  0.32  0.18  0.30  0.50  0.22  0.31  0.24  0.54  0.34  0.18  0.04  0.32  0.22  0.02  0.37  
91456  0.22  0.21  0.39  0.26  0.12  0.29  0.41  0.16  0.48  0.30  0.19  0.35  0.29  0.39  -0.01  0.48  
91457  0.62  0.43  0.23  0.23  0.41  0.47  0.22  0.52  0.63  0.48  -0.00  0.10  0.30  0.18  0.21  0.31  
91458  0.29  0.32  0.19  0.41  0.40  0.35  0.13  0.26  0.44  0.24  0.24  0.34  0.28  0.32  0.12  0.38  
91459  0.33  0.30  0.27  0.34  0.28  0.23  0.28  0.48  0.49  0.40  0.45  0.27  0.20  0.32  -0.01  0.24  
91460  0.42  0.38  0.18  0.28  0.24  0.38  0.34  0.49  0.25  0.41  0.23  0.34  0.33  0.16  0.31  -0.03  
91461  0.34  0.34  0.37  0.33  0.35  0.31  0.20  0.24  0.50  0.05  0.28  0.26  0.36  0.05  0.10  0.30  
91462  0.39  0.41  0.32  0.27  0.49  0.27  0.30  0.55  0.40  0.52  0.07  0.17  0.31  0.17  0.11  0.32  
91463  -0.13  0.55  0.38  0.48  0.07  0.22  0.46  0.50  0.50  0.28  0.27  0.19  0.40  0.23  -0.01  0.16  
91467  0.19  0.34  0.00  0.31  0.26  0.36  0.31  0.32  0.24  0.38  0.38  0.24  0.25  0.23  -0.00  0.12  
91468  0.38  0.19  0.41  0.34  0.29  0.36  0.19  0.43  0.65  0.27  0.35  0.12  0.28  0.43  0.17  0.25  
91469  0.31  0.15  0.44  0.21  0.51  0.26  0.43  0.30  0.33  0.45  0.32  0.07  0.26  0.28  0.12  0.42  
91470  0.22  0.22  0.24  0.32  0.40  0.07  0.25  0.46  0.47  0.26  0.31  0.03  0.28  0.11  0.10  0.17  
91471  0.29  0.25  0.11  0.27  0.36  0.44  0.34  0.41  0.63  0.50  0.18  0.22  0.27  0.03  0.36  0.38  
91472  0.15  0.35  0.18  0.26  0.30  0.27  0.45  0.33  0.49  0.23  0.29  0.23  0.28  0.26  0.11  0.06  
91473  0.34  0.21  0.34  0.39  0.29  0.40  0.33  0.39  0.48  0.27  0.21  0.15  0.27  0.11  0.10  0.06  
91474  0.18  0.25  0.34  0.43  0.37  0.22  0.31  0.16  0.58  0.38  0.21  0.32  0.29  0.28  0.08  0.39  
91475  0.32  0.30  0.51  0.42  0.52  0.29  0.23  0.43  0.28  0.29  0.32  0.33  0.32  0.25  -0.01  0.33  
91476  0.26  0.01  0.08  0.47  0.20  0.46  0.44  0.35  0.60  0.28  0.36  0.31  0.18  0.21  0.27  0.09  
91477  0.26  0.26  0.34  0.29  0.40  0.36  0.45  0.25  0.56  0.45  0.47  0.13  0.14  0.15  0.18  0.34  
91478  0.30  0.32  -0.10  0.40  0.30  0.37  0.26  0.09  0.61  0.53  0.30  0.30  0.36  0.08  0.03  0.35  
91479  0.38  0.06  0.25  0.35  0.44  0.51  0.33  0.30  0.51  0.19  0.27  0.10  0.16  0.27  0.06  0.12  
91480  0.47  0.34  0.02  0.31  0.07  0.52  0.47  0.30  0.54  0.47  0.23  0.20  0.33  0.11  0.12  0.32  
91481  0.21  0.29  0.04  0.33  0.22  0.25  0.46  0.31  0.32  0.28  0.34  0.02  0.18  0.24  0.06  0.34  
91482  0.33  0.35  0.08  0.26  0.22  0.48  0.23  0.23  0.30  0.32  0.22  0.15  0.33  0.09  0.11  0.37  
91483  0.26  0.39  0.14  0.30  0.30  0.20  0.32  0.30  0.51  0.42  0.26  0.42  0.08  0.29  0.25  0.41  
91484  0.34  0.21  0.24  0.32  0.37  0.26  0.32  0.32  0.61  0.30  0.16  0.31  0.32  0.22  0.21  0.04  
91485  0.61  0.19  0.30  0.26  0.46  0.42  0.29  0.17  0.51  0.22  0.23  0.16  0.27  0.13  0.14  0.04  
91486  0.36  0.33  0.57  0.49  0.28  0.23  0.41  0.14  0.02  0.21  0.27  -0.34  -0.11  0.19  0.24  0.45  
91487  0.28  0.01  0.35  0.21  0.36  0.37  0.43  0.53  0.46  0.34  0.17  0.40  0.22  0.17  0.24  0.12  
91488  0.33  0.24  0.42  0.24  0.34  0.18  0.34  0.10  0.52  0.33  0.29  0.31  0.34  0.10  0.10  0.39  
91489  0.22  0.15  0.31  0.44  0.34  0.23  0.25  0.27  0.66  0.45  0.31  0.01  0.33  0.30  0.11  0.20  
91490  0.09  0.30  0.30  0.41  0.21  0.26  0.30  0.25  0.44  0.11  0.11  0.17  -0.01  0.12  0.06  0.29  
91491  0.16  0.34  0.50  0.41  0.51  0.43  0.34  0.28  0.39  0.28  0.32  0.28  0.27  0.16  -0.02  0.41  
91492  0.31  0.33  0.22  0.25  0.28  0.24  0.31  0.42  0.55  0.30  0.30  0.21  0.31  0.10  -0.01  0.19  
91493  0.18  0.25  0.15  0.38  0.46  0.35  0.29  0.20  0.56  0.18  0.40  0.43  0.37  0.08  0.09  0.15  
91494  0.35  0.22  0.19  0.24  0.36  0.16  0.21  0.22  0.47  0.40  0.34  0.12  0.33  0.18  0.12  0.36  
91495  0.48  0.34  0.15  0.27  0.38  0.38  0.30  0.25  0.37  0.34  0.24  0.20  0.32  0.39  0.02  0.41  
91496  0.50  0.27  0.35  0.48  0.20  0.17  0.45  0.25  0.71  0.22  0.25  0.10  0.29  0.25  0.19  0.32  
91497  0.13  0.34  0.17  0.46  0.36  0.29  0.32  0.38  0.68  0.31  0.10  0.24  0.12  0.31  0.03  0.35  
91498  0.24  -0.03  0.35  0.25  0.37  0.38  0.46  0.07  0.59  0.44  0.21  0.00  0.15  0.18  0.14  0.37  
91499  0.26  0.23  0.33  0.22  0.11  0.17  0.47  0.06  0.60  0.36  0.25  0.21  0.42  0.04  0.25  0.41  
91500  0.26  0.30  0.12  0.48  0.22  0.17  0.46  0.39  0.32  0.31  0.08  0.22  0.13  0.13  0.20  0.34  
91501  0.04  0.23  0.15  0.40  0.22  0.53  0.47  0.41  0.53  -0.01  0.18  0.42  0.24  0.02  0.08  0.29  
91502  0.31  0.33  0.14  0.44  0.30  0.23  0.54  0.26  0.39  0.34  0.11  0.24  0.19  0.10  -0.09  0.22  
91503  0.24  0.29  0.29  0.50  0.37  0.16  0.43  0.32  0.52  0.32  0.30  0.11  0.18  0.21  0.20  0.32  
91504  0.34  0.41  0.29  0.34  0.27  0.05  0.31  0.24  0.16  0.32  0.20  0.21  0.15  0.22  0.09  0.06  
91505  0.18  0.47  0.08  0.45  0.50  0.17  0.22  0.46  0.40  0.27  0.09  0.10  0.10  0.21  0.02  0.27  
91507  0.30  0.41  0.34  0.38  0.17  0.31  0.41  0.24  0.37  0.27  0.29  0.31  0.19  0.26  -0.05  0.30  
91508  0.28  0.13  0.35  0.18  0.20  0.40  0.25  0.39  0.44  0.44  0.08  0.37  0.18  0.06  -0.24  0.02  
91509  0.27  0.32  0.36  0.30  0.40  0.40  0.37  0.30  0.46  0.36  0.14  0.10  0.27  0.27  0.05  0.23  
91510  0.25  0.12  0.41  0.43  0.45  0.44  0.43  0.56  0.53  0.31  0.13  0.28  0.15  0.35  0.07  0.09  
91511  0.29  0.35  0.43  0.21  0.44  0.27  0.29  0.45  0.52  0.15  0.04  0.18  0.13  0.08  0.13  0.26  
91512  0.15  0.12  0.34  0.40  0.30  0.27  0.50  0.52  0.66  0.38  0.39  0.03  0.28  0.22  0.06  0.22  
91513  0.25  0.31  0.24  0.30  0.37  0.40  0.24  0.30  0.64  0.24  0.15  0.24  0.10  0.24  0.09  0.32  
91514  0.23  0.33  0.26  0.41  0.20  0.40  0.29  0.47  0.53  0.32  0.13  0.28  0.26  0.22  0.17  0.25  
91515  0.42  0.48  0.41  0.42  0.31  0.39  0.25  0.30  0.44  0.12  0.24  0.22  0.20  0.21  0.01  0.20  
91516  0.16  0.16  0.13  0.44  0.22  0.29  0.43  0.49  0.50  0.20  0.14  0.19  0.28  0.28  0.20  0.29  
91517  0.34  0.21  0.05  0.25  0.20  0.40  0.14  0.37  0.47  0.51  0.17  0.29  0.29  -0.09  0.10  0.26  
91518  0.45  0.17  0.17  0.38  0.50  0.25  0.53  0.37  0.45  0.45  0.06  0.25  0.36  0.13  0.11  0.37  
91519  0.16  0.44  0.21  0.29  0.30  0.29  0.31  0.24  0.48  0.39  0.10  0.21  0.04  0.09  0.06  0.12  
91520  0.07  0.44  0.14  0.40  0.34  0.02  0.41  0.30  0.47  0.12  0.25  0.32  0.18  -0.07  0.09  0.46  
91521  0.21  0.23  0.28  0.34  0.33  0.29  0.33  0.41  0.44  0.18  0.19  0.41  0.28  0.21  0.05  0.33  
91522  0.21  0.34  0.29  0.46  0.19  0.43  0.38  0.18  0.49  0.53  0.13  0.23  0.23  0.14  0.27  0.34  
91523  0.27  0.29  0.35  0.34  0.46  0.28  0.22  0.38  0.35  0.31  0.07  0.27  0.18  0.08  -0.01  0.34  
91524  0.21  0.41  0.31  0.43  0.32  0.35  0.36  0.34  0.33  0.31  0.21  0.25  0.10  0.11  0.20  0.21  
91525  0.15  0.23  0.56  0.36  0.32  0.38  0.15  0.48  0.61  0.44  0.16  0.17  0.21  -0.08  0.01  0.35  
91526  0.49  0.41  0.30  0.37  0.30  0.30  0.29  0.31  0.43  0.31  0.02  0.20  0.18  -0.12  -0.05  0.24  
91527  0.26  0.35  0.16  0.42  0.21  0.30  0.12  0.39  0.43  0.21  0.22  0.21  0.14  0.06  0.08  0.37  
91531  0.35  0.43  0.21  0.56  0.39  0.42  0.46  0.39  0.38  0.20  0.25  0.25  0.26  0.01  0.10  0.20  
91532  0.38  0.17  0.38  0.30  0.18  0.23  0.12  0.28  0.30  0.32  0.37  0.48  0.28  0.28  0.18  0.35  
91533  0.19  0.32  0.11  0.10  0.25  0.45  0.43  0.47  0.40  0.21  0.17  -0.03  0.19  0.16  -0.11  0.32  
91534  0.14  0.17  0.23  0.33  0.36  0.23  0.29  0.30  0.48  0.38  0.14  0.10  0.29  0.26  -0.14  0.02  
91535  0.31  0.40  0.40  0.35  0.20  0.32  0.35  0.35  0.44  0.43  0.11  0.37  0.27  0.02  0.15  0.05  
91536  0.47  0.20  0.12  0.20  0.28  0.34  0.51  0.30  0.56  0.26  0.21  0.18  0.28  0.07  0.02  0.12  
91537  0.21  0.21  0.20  0.40  0.42  0.34  0.02  0.48  0.40  0.33  0.34  0.23  0.28  0.14  0.13  0.31  
91538  0.30  0.24  0.38  0.34  0.07  0.20  0.29  0.28  0.38  0.27  0.17  0.20  0.03  0.20  0.27  0.08  
91539  0.27  0.26  0.33  0.29  0.25  0.05  0.26  0.49  0.55  0.27  0.16  0.22  0.09  0.16  0.08  0.45  
91540  0.14  0.22  0.26  0.42  0.51  0.31  0.30  0.33  0.49  0.29  0.26  0.43  0.36  -0.04  0.29  0.38  
91541  0.21  0.29  0.16  0.38  0.37  0.25  0.52  0.18  0.40  0.40  0.12  0.17  0.28  -0.03  0.25  0.35  
91542  0.13  0.36  0.26  0.32  0.52  0.36  0.46  0.33  0.53  0.23  0.38  0.08  0.32  0.17  0.18  0.40  
91543  0.33  0.26  0.01  0.57  0.24  0.42  -0.10  0.52  0.57  0.10  0.29  0.33  0.18  0.48  0.04  0.60  
91544  0.16  0.29  0.18  0.38  0.16  0.43  0.48  0.44  0.55  0.30  0.33  0.36  0.18  0.39  0.11  0.05  
91546  0.26  0.26  0.33  0.48  0.26  0.35  0.22  0.12  0.43  0.49  0.04  0.18  0.24  0.41  0.26  0.08  
91547  0.32  0.41  0.27  0.39  0.25  0.51  0.11  0.44  0.52  0.26  0.22  0.33  0.33  0.17  0.10  0.29  
91548  0.34  0.54  0.24  0.40  0.32  0.35  0.09  0.31  0.55  0.33  0.18  0.25  0.19  0.26  0.08  0.33  
91549  0.12  0.07  0.45  0.37  0.39  0.28  0.25  0.31  0.41  0.22  0.36  0.26  0.29  -0.00  0.25  0.14  
91550  0.42  0.09  0.33  0.28  0.32  0.34  0.31  0.32  0.38  0.30  0.38  0.12  0.15  0.08  0.08  0.32  
91551  0.04  0.26  0.33  0.30  0.55  0.32  0.20  0.25  0.38  0.36  0.35  0.26  0.28  0.11  0.08  0.10  
91552  0.22  0.23  0.14  0.59  0.49  0.28  0.23  0.36  0.57  0.44  0.21  0.41  0.24  0.30  0.01  0.36  
91554  0.02  0.36  0.34  0.37  0.38  0.27  0.39  0.31  0.42  0.29  0.16  0.36  0.15  0.23  0.03  0.33  
91555  0.18  0.35  0.23  0.25  0.26  0.12  0.15  0.36  0.43  0.31  0.36  0.18  0.28  0.12  0.16  0.40  
91556  0.29  0.34  0.21  0.35  0.29  0.40  0.35  0.43  0.33  0.40  0.30  0.23  0.42  0.16  -0.01  0.31  
91557  0.18  0.24  0.32  0.41  0.43  0.38  -0.03  0.26  0.47  0.40  0.28  0.22  0.25  0.07  -0.10  0.27  
91558  0.29  0.32  0.20  0.13  0.41  0.45  -0.02  0.09  0.39  0.26  0.23  0.32  0.39  0.15  -0.05  0.18  
91559  0.16  0.23  0.37  0.28  0.17  0.33  0.41  0.48  0.51  0.33  0.18  0.06  0.12  -0.01  0.06  0.29  
91561  0.29  0.46  0.27  0.48  0.24  0.30  0.13  0.46  0.52  0.26  0.38  0.16  0.24  0.07  0.11  0.14  
91562  0.21  0.41  0.21  0.40  0.29  0.22  0.18  0.44  0.56  0.35  0.24  0.50  0.13  0.25  0.25  0.21  
91563  0.41  0.22  0.31  0.39  0.41  0.39  0.38  0.36  0.41  0.37  0.26  0.23  0.18  0.27  0.06  0.27  
91564  0.38  0.40  0.33  0.38  0.30  0.37  0.29  0.56  0.47  0.25  0.16  0.26  0.28  0.14  0.12  0.42  
91565  0.43  0.37  0.25  0.25  0.25  0.45  0.33  0.43  0.61  0.33  0.13  0.25  0.33  0.09  0.04  0.04  
91566  0.39  0.52  0.27  0.34  0.32  0.38  0.52  0.31  0.49  0.37  0.19  0.23  0.01  0.10  0.25  0.17  
91567  0.40  0.26  0.23  0.37  0.28  0.55  0.35  0.40  0.41  0.27  0.15  0.20  0.11  0.17  -0.05  -0.03  
91568  0.18  0.12  0.14  0.39  0.53  0.51  0.41  0.35  0.46  0.37  0.07  0.28  0.46  0.11  0.21  0.16  
91569  0.36  0.28  0.20  0.26  0.63  0.14  0.35  0.32  0.37  0.25  0.12  -0.26  0.26  0.30  0.19  0.28  
91570  0.14  0.17  0.41  0.45  0.39  0.28  0.18  0.40  0.46  0.21  0.48  0.20  -0.02  0.09  -0.01  0.21  
91571  0.53  0.31  0.35  0.42  0.24  0.43  0.41  0.26  0.52  0.57  0.23  0.59  0.15  0.22  0.02  0.33  
91572  0.60  0.36  0.25  0.40  0.14  0.32  0.43  0.23  0.29  0.32  0.28  0.20  0.14  0.19  0.04  0.51  
91573  0.26  -0.07  0.47  0.27  0.30  0.32  0.38  0.27  0.48  0.22  0.20  0.26  0.26  0.26  0.26  0.12  
91574  0.32  0.34  0.24  0.39  0.44  0.37  0.42  0.50  0.54  0.64  0.22  0.38  0.28  0.31  0.13  0.43  
91575  0.10  0.27  0.47  0.31  0.44  0.32  0.26  0.48  0.56  0.18  0.19  0.56  0.35  0.02  0.22  0.00  
91576  0.28  0.03  0.14  0.46  0.05  0.34  0.20  0.40  0.45  0.13  0.20  0.27  0.17  0.20  0.17  0.35  
91577  0.40  0.35  0.53  0.59  0.01  0.37  0.59  0.69  0.62  0.39  -0.07  0.67  0.17  0.32  0.14  0.20  
91578  0.27  0.30  0.35  0.27  0.59  0.36  0.44  0.41  0.20  0.48  0.04  0.26  0.36  -0.02  0.30  0.09  
91579  0.38  0.35  0.46  0.46  0.29  0.49  0.39  0.48  0.36  0.28  0.30  0.31  0.21  0.11  0.19  0.37  
91590  0.25  0.49  0.32  0.45  0.36  0.37  0.46  0.36  0.51  0.40  0.31  0.37  0.29  0.22  0.22  0.36  
91593  0.17  0.16  0.30  0.24  0.07  0.13  0.26  0.05  0.48  0.53  0.34  0.42  0.29  0.50  0.11  0.19  
91594  0.32  0.70  0.10  0.25  0.34  0.33  -0.11  0.21  0.20  0.39  0.37  0.18  0.19  -0.06  -0.07  0.43  
91595  0.38  0.23  0.29  0.24  0.39  0.39  0.36  0.06  0.42  0.61  0.28  0.40  0.20  0.26  0.17  0.39  
91596  0.12  0.22  0.23  0.43  0.46  0.15  0.33  0.24  0.42  0.36  0.21  0.30  0.37  -0.06  0.13  0.41  
91601  0.29  0.05  0.38  0.45  0.22  0.27  -0.12  0.30  0.48  0.50  0.12  0.13  0.13  0.27  -0.25  0.32  
91602  0.28  0.49  0.18  0.20  0.43  0.07  0.47  0.00  0.38  0.05  0.16  0.15  0.44  -0.10  0.02  0.48  
91603  0.19  0.58  0.46  0.36  0.54  0.44  0.14  0.18  0.58  0.48  0.26  0.38  0.18  0.28  0.25  0.24  
91604  0.01  0.58  0.36  0.64  0.50  0.43  0.32  0.36  0.26  0.22  0.21  0.41  0.05  0.35  -0.08  0.19  
91605  0.49  0.62  0.14  0.52  0.61  0.28  0.42  0.34  0.47  0.22  0.19  0.13  -0.01  0.15  -0.01  0.16  
91606  0.17  0.34  0.40  0.34  0.27  0.41  0.14  0.46  0.35  0.43  0.06  0.06  0.29  0.03  0.16  0.21  
91607  0.59  0.58  0.27  0.35  0.30  0.19  0.26  0.09  0.46  0.15  0.02  0.21  -0.24  -0.08  -0.25  0.26  
91608  0.33  0.21  0.57  0.37  0.43  0.18  0.38  0.07  0.50  0.48  -0.11  -0.02  0.45  0.20  0.10  0.17  
91609  0.27  0.40  0.33  0.20  0.26  0.26  0.34  0.51  0.20  0.26  0.23  0.26  0.07  -0.08  0.28  0.38  
91610  0.05  0.33  0.34  0.17  0.29  -0.10  0.57  0.19  0.33  0.49  0.07  0.35  0.42  0.41  -0.23  0.34  
91611  0.35  0.58  0.20  0.43  0.33  0.13  0.18  0.27  0.61  0.24  0.36  0.30  -0.04  -0.01  -0.50  0.09  
91612  0.32  0.13  0.60  0.32  0.39  0.18  -0.07  0.14  0.75  0.35  0.21  0.32  0.22  -0.07  -0.12  0.33  
91614  0.28  0.41  0.38  0.42  0.26  0.27  0.26  0.31  0.42  0.26  0.29  0.30  0.05  0.12  0.11  0.31  
91615  0.43  0.26  0.35  0.33  0.30  0.29  0.34  0.15  0.30  0.20  0.29  0.33  0.23  0.08  0.07  0.26  
91616  0.34  0.64  0.68  0.14  0.31  0.58  0.40  0.10  0.35  0.77  -0.11  0.52  0.12  -0.02  -0.04  -0.06  
91617  0.25  0.33  0.35  0.38  0.33  0.31  0.36  0.22  0.38  0.41  0.29  0.29  0.25  0.26  0.11  0.37  
91618  0.21  0.31  0.32  0.37  0.35  0.32  0.36  0.23  0.37  0.39  0.29  0.30  0.25  0.28  0.11  0.34  
91619  0.20  0.29  0.31  0.37  0.32  0.29  0.40  0.27  0.41  0.38  0.30  0.33  0.24  0.28  0.11  0.31  
91620  0.20  0.29  0.34  0.38  0.34  0.31  0.38  0.25  0.40  0.39  0.31  0.31  0.24  0.28  0.10  0.35  
91621  0.21  0.32  0.36  0.35  0.31  0.31  0.38  0.24  0.43  0.41  0.31  0.34  0.25  0.29  0.14  0.37  
91622  0.18  0.28  0.33  0.38  0.31  0.31  0.37  0.27  0.36  0.38  0.32  0.31  0.22  0.28  0.10  0.33  
91623  0.21  0.30  0.36  0.33  0.35  0.28  0.39  0.24  0.38  0.38  0.28  0.29  0.24  0.29  0.16  0.35  
91624  0.22  0.29  0.35  0.35  0.30  0.31  0.34  0.27  0.41  0.41  0.29  0.24  0.25  0.34  0.09  0.37  
91625  0.25  0.22  0.31  0.32  0.34  0.37  0.46  0.29  0.49  0.34  0.34  0.39  0.28  0.29  0.09  0.31  
91626  0.31  0.51  0.31  0.41  0.44  0.36  0.44  0.29  0.50  0.48  0.40  0.29  0.22  0.43  0.13  0.38  
91627  0.32  0.32  0.41  0.39  0.35  0.27  0.41  0.26  0.40  0.32  0.31  0.26  0.27  0.24  0.10  0.38  
91628  0.21  0.30  0.38  0.42  0.42  0.31  0.44  0.27  0.42  0.41  0.32  0.22  0.26  0.31  0.12  0.34  
91629  0.28  0.30  0.37  0.36  0.38  0.28  0.42  0.27  0.40  0.42  0.32  0.33  0.29  0.34  0.11  0.34  
91630  0.23  0.35  0.33  0.33  0.42  0.23  0.43  0.21  0.36  0.39  0.26  0.30  0.23  0.31  0.07  0.35  
91631  0.19  0.33  0.36  0.37  0.33  0.31  0.33  0.24  0.37  0.38  0.32  0.25  0.23  0.34  0.07  0.38  
91632  0.24  0.34  0.35  0.42  0.37  0.25  0.38  0.34  0.35  0.41  0.28  0.26  0.20  0.31  0.03  0.38  
91633  0.21  0.26  0.27  0.46  0.27  0.35  0.52  0.29  0.46  0.20  0.41  0.14  0.20  0.35  0.02  0.23  
91634  0.28  0.29  0.33  0.40  0.35  0.32  0.35  0.27  0.43  0.39  0.33  0.29  0.25  0.37  0.11  0.32  
91635  0.25  0.35  0.34  0.39  0.34  0.30  0.39  0.28  0.41  0.42  0.33  0.28  0.24  0.28  0.07  0.32  
91636  0.24  0.30  0.36  0.42  0.34  0.33  0.39  0.25  0.42  0.42  0.34  0.31  0.28  0.31  0.09  0.33  
91637  0.26  0.29  0.37  0.37  0.38  0.32  0.37  0.27  0.42  0.40  0.32  0.27  0.22  0.34  0.14  0.36  
91638  0.20  0.34  0.38  0.40  0.34  0.28  0.47  0.21  0.44  0.42  0.37  0.33  0.24  0.34  0.11  0.33  
91639  0.18  0.17  0.30  0.23  0.28  0.28  0.23  0.18  0.24  0.26  0.18  0.15  0.12  0.16  0.08  0.21  
91640  0.23  0.19  0.25  0.21  0.28  0.30  0.17  0.15  0.14  0.23  0.10  0.11  0.29  0.28  0.09  0.22  
91641  0.22  0.23  0.25  0.19  0.25  0.24  0.19  0.12  0.23  0.29  0.13  0.15  0.23  0.20  0.12  0.22  
91642  0.21  0.17  0.27  0.23  0.18  0.20  0.22  0.08  0.25  0.24  0.12  0.14  0.21  0.20  0.10  0.19  
91645  0.29  0.22  0.23  0.24  0.17  0.24  0.17  0.08  0.21  0.28  0.09  0.13  0.23  0.13  0.05  0.26  
91646  0.23  0.20  0.29  0.19  0.18  0.28  0.19  0.05  0.16  0.24  0.14  0.15  0.23  0.19  0.14  0.26  
91647  0.17  0.25  0.28  0.18  0.17  0.20  0.28  0.13  0.25  0.27  0.09  0.14  0.16  0.20  0.06  0.27  
91648  0.20  0.25  0.36  0.35  0.28  0.28  0.40  0.26  0.43  0.42  0.32  0.42  0.23  0.31  0.10  0.34  
91649  0.17  0.23  0.42  0.49  0.37  0.30  0.52  0.26  0.34  0.40  0.42  0.41  0.26  0.35  -0.07  0.31  
91650  0.18  0.34  0.35  0.36  0.36  0.33  0.32  0.23  0.39  0.41  0.29  0.26  0.23  0.32  0.14  0.34  
91651  0.25  0.30  0.37  0.36  0.46  0.34  0.41  0.27  0.33  0.38  0.35  0.25  0.21  0.36  0.12  0.30  
91655  0.20  0.39  0.24  0.33  0.19  0.11  0.32  0.26  0.45  0.30  0.20  0.04  0.23  0.03  0.04  0.27  
91656  0.23  0.14  0.39  0.46  -0.02  0.43  0.10  0.37  0.40  0.21  0.27  0.11  0.19  0.25  0.09  0.10  
91657  -0.07  0.19  0.36  0.49  -0.02  0.37  0.29  0.34  0.28  0.09  0.18  0.56  0.34  0.16  -0.02  0.28  
91658  0.08  0.24  0.18  0.29  0.21  0.14  0.60  0.12  0.42  0.41  0.19  0.04  0.01  0.17  0.08  0.21  
91659  0.27  0.20  0.24  0.40  0.51  0.30  0.43  0.38  0.52  0.44  0.28  0.27  0.21  0.25  0.08  0.35  
91662  0.24  0.45  0.39  0.35  0.46  0.31  0.26  0.30  0.32  0.20  0.53  0.08  0.17  0.33  -0.03  0.46  
91663  0.33  0.32  0.35  0.51  0.57  0.32  0.19  0.29  0.45  0.20  0.29  0.32  0.29  0.21  -0.01  0.27  
91664  0.31  0.15  0.23  0.52  0.32  0.36  0.38  0.28  0.35  0.29  0.17  0.27  0.10  0.16  0.21  0.37  
91665  0.25  0.46  0.27  0.26  0.14  0.35  0.52  0.27  0.62  0.28  0.44  0.24  0.31  0.39  0.01  0.33  
91666  0.07  0.21  0.22  0.26  0.31  -0.02  0.46  0.14  0.17  0.46  0.43  0.31  0.14  0.32  0.04  0.42  
91667  0.29  0.44  0.31  0.37  0.34  0.29  0.08  0.46  0.21  0.44  0.35  0.30  0.15  0.31  0.03  0.15  
91668  0.29  0.29  0.28  0.29  0.25  0.31  0.24  0.23  0.44  0.25  0.30  0.38  0.13  0.23  0.15  0.23  
91671  0.36  0.07  0.42  0.50  0.25  0.49  0.01  0.24  0.38  0.38  0.19  0.24  -0.01  0.18  0.01  0.15  
91675  0.34  0.18  0.50  0.27  0.06  0.49  0.32  0.20  0.47  0.44  0.12  -0.05  0.32  -0.09  0.24  0.08  
91676  0.39  0.09  0.25  0.41  0.24  0.13  0.53  0.37  0.38  0.27  0.18  0.40  0.18  0.41  0.24  -0.03  
91677  0.12  0.19  0.48  0.42  -0.06  0.19  0.19  -0.04  0.42  0.36  -0.08  0.35  -0.02  0.21  -0.18  0.26  
91680  0.13  0.51  0.28  0.17  0.31  0.45  0.38  0.05  0.19  0.38  0.40  0.20  0.23  0.12  0.07  0.33  
91681  0.37  0.27  0.28  0.49  0.05  0.37  0.15  0.11  0.46  0.37  -0.10  0.06  0.38  -0.12  -0.06  0.15  
91682  0.19  0.60  0.39  0.31  0.22  0.21  0.03  0.34  0.55  0.15  0.12  0.05  0.17  -0.04  0.14  0.28  
91683  0.21  0.48  0.55  0.47  0.20  0.18  0.22  -0.15  0.37  0.62  0.15  0.31  0.15  0.57  0.28  0.46  
91684  0.29  0.29  0.62  0.41  0.15  0.31  0.25  0.34  0.52  0.34  0.21  -0.07  0.25  0.20  0.21  0.15  
91685  0.43  0.45  0.54  0.59  0.31  0.46  0.21  0.24  0.35  0.33  0.22  0.20  0.40  0.09  0.15  0.42  
91686  0.19  0.38  0.35  0.31  0.35  0.40  0.29  0.40  0.54  0.37  0.24  0.32  0.12  0.14  0.20  0.08  
91687  0.40  0.39  0.47  0.35  0.23  0.31  0.17  0.29  0.38  0.32  0.19  0.24  0.06  0.10  0.17  0.15  
91688  0.49  0.47  0.34  0.40  0.18  0.30  0.25  0.22  0.47  0.37  0.20  0.13  0.19  0.12  0.13  0.17  
91689  0.25  0.23  0.35  0.49  0.34  0.38  0.31  0.28  0.54  0.39  0.25  0.41  0.13  0.25  0.02  0.27  
91690  0.24  0.27  0.34  0.29  0.26  0.41  0.44  0.45  0.29  0.43  0.20  0.16  0.15  0.04  -0.11  0.22  
91691  0.31  0.22  0.26  0.61  0.23  0.20  0.44  0.30  0.28  0.37  0.16  0.01  0.19  -0.06  0.26  0.38  
91692  0.20  0.35  0.17  0.37  0.25  0.31  0.23  0.24  0.38  0.29  0.22  0.18  0.29  0.22  0.02  0.32  
91693  0.18  0.10  0.52  0.42  0.27  0.33  0.35  0.15  0.48  0.36  0.23  0.22  0.26  0.11  -0.01  0.31  
91694  0.16  0.54  0.39  0.22  0.21  0.02  0.38  0.30  0.50  -0.05  0.04  0.46  0.21  -0.13  -0.15  0.33  
91695  0.23  0.31  0.52  0.39  0.47  0.10  0.31  0.17  0.29  0.35  0.25  0.43  0.12  0.28  0.26  0.27  
91712  0.02  0.04  0.21  0.30  0.19  0.38  0.57  0.13  0.31  0.48  0.21  0.01  0.86  0.13  0.18  -0.19  
91713  0.28  0.25  0.54  0.44  0.25  0.14  0.46  -0.06  0.17  0.45  0.14  0.16  0.16  0.14  0.13  0.16  
91726  0.19  0.12  0.45  0.46  0.29  0.63  0.66  0.42  0.39  0.55  0.08  0.09  0.16  0.14  0.25  0.09  
91727  0.46  0.34  0.48  0.07  0.32  0.41  0.37  0.01  0.38  0.22  0.51  0.43  0.24  0.33  0.09  0.34  
91737  0.26  0.21  0.42  0.49  -0.01  0.39  0.61  0.09  0.25  0.33  0.20  -0.20  0.23  0.34  0.29  0.21  
91748  0.06  0.24  0.24  0.27  0.23  0.59  0.09  0.31  0.37  0.61  0.47  0.16  0.22  -0.02  0.12  0.21  
91751  0.34  0.22  0.67  0.45  0.14  0.26  0.30  0.28  0.39  0.28  0.22  0.08  0.24  0.13  0.03  0.19  
91752  0.39  0.47  0.21  0.46  0.08  0.14  0.54  0.40  0.38  0.18  0.18  0.14  0.26  -0.08  -0.04  -0.03  
91756  0.55  0.17  0.35  0.15  0.15  0.33  0.20  0.24  0.37  0.30  0.36  0.59  0.20  -0.09  -0.12  0.24  
91759  0.47  0.28  0.83  0.30  0.30  0.34  0.65  0.48  0.54  0.42  0.34  0.19  -0.00  -0.18  0.13  0.42  
91760  0.61  0.25  0.36  0.28  0.12  0.02  -0.07  0.20  0.58  0.35  0.01  -0.16  0.44  0.31  -0.16  0.26  
91774  0.17  0.45  0.53  0.40  0.05  0.46  0.14  0.32  0.42  0.34  0.29  0.40  0.00  0.20  -0.28  0.17  
91775  0.35  0.38  0.35  0.47  0.28  0.14  0.30  0.18  0.47  0.54  0.23  0.29  0.24  0.02  0.06  0.21  
91777  0.33  0.37  0.27  0.32  0.21  0.30  0.16  0.19  0.36  0.34  0.23  0.31  0.29  0.08  0.10  0.26  
91779  0.50  0.04  0.63  0.46  0.25  -0.15  0.13  0.49  0.44  0.29  0.37  0.39  0.37  0.15  -0.13  0.14  
91780  0.12  0.19  0.30  0.14  0.40  0.56  0.41  0.34  0.54  0.24  0.27  0.38  0.25  0.19  0.13  0.10  
91786  0.17  0.52  0.30  0.45  0.01  0.49  0.35  0.40  0.42  0.35  0.32  0.36  0.57  -0.02  0.20  0.34  
91787  0.28  0.13  0.45  0.33  0.23  0.32  0.05  0.30  0.43  0.39  0.31  0.12  -0.01  0.11  0.04  0.34  
91788  0.26  0.38  0.33  0.37  0.30  0.24  0.30  0.22  0.41  0.44  0.26  0.19  0.07  0.21  0.07  0.05  
91789  0.42  0.38  0.34  0.23  0.28  0.15  0.44  0.33  0.43  0.38  0.20  0.34  0.40  0.03  0.17  0.15  
91790  0.34  0.43  0.25  0.31  0.35  0.28  0.41  0.35  0.45  0.22  0.22  0.36  0.21  0.15  -0.01  0.25  
91791  0.40  0.22  0.23  0.19  0.30  0.32  0.39  0.32  0.50  0.54  0.18  0.27  0.12  0.13  0.10  0.19  
91792  0.35  0.34  0.23  0.17  0.27  0.42  0.35  0.18  0.60  0.31  0.44  0.01  0.28  -0.11  0.35  0.17  
91793  0.66  0.36  0.28  0.39  0.58  0.50  0.70  0.08  -0.09  0.30  0.43  -0.14  0.29  0.03  0.23  0.08  
91794  0.31  0.22  0.47  0.27  0.34  0.15  0.34  0.35  0.51  0.34  0.12  0.31  0.34  0.04  -0.02  0.34  
91795  0.34  0.30  0.43  0.38  0.22  0.21  0.14  0.32  0.42  0.20  0.45  0.09  0.37  0.18  0.05  0.10  
91796  0.37  0.24  0.57  0.47  0.37  0.11  0.30  0.38  0.37  0.49  0.12  0.27  0.44  -0.13  -0.13  0.08  
91798  0.31  0.46  0.22  0.47  0.31  0.12  0.40  0.52  0.24  0.44  0.31  0.22  0.45  -0.00  -0.05  0.14  
91799  0.32  0.31  0.31  0.37  0.30  0.08  0.17  0.34  0.38  0.35  0.32  0.09  0.18  0.26  0.14  0.14  
91800  0.47  0.11  0.36  0.47  0.43  0.33  0.49  0.20  0.67  0.44  0.33  0.51  0.48  0.17  -0.15  0.37  
91801  0.46  0.35  0.16  0.37  0.08  0.35  0.46  0.11  0.48  0.12  0.36  0.20  0.34  0.12  0.13  0.02  
91803  0.22  0.17  0.30  0.42  0.08  0.43  0.22  0.30  0.48  0.43  0.17  0.33  -0.04  -0.07  -0.40  0.33  
91804  0.29  0.33  0.30  0.36  0.29  0.42  0.20  0.28  0.48  0.47  0.20  -0.04  0.13  0.07  -0.05  0.16  
91805  0.34  0.42  0.54  0.48  0.06  0.30  0.27  0.63  0.26  0.31  0.38  -0.08  0.29  0.23  0.19  0.32  
91806  0.50  0.14  0.47  0.30  0.56  0.32  0.49  0.28  0.44  0.43  0.15  0.13  0.41  0.08  -0.09  0.31  
91813  0.62  0.15  0.38  0.24  0.50  0.35  0.17  0.30  0.50  0.33  0.13  0.05  0.53  0.04  0.17  -0.02  
91814  0.21  0.10  0.38  0.62  0.40  0.44  0.26  0.35  0.54  0.21  0.41  0.32  0.35  0.08  0.18  0.24  
91815  0.48  0.39  0.45  0.26  0.37  -0.10  0.51  0.40  0.58  0.50  0.23  0.13  0.21  0.26  -0.05  0.19  
91816  0.45  0.54  0.26  0.47  0.42  0.25  0.54  0.24  0.37  0.42  0.48  0.23  0.30  0.25  0.02  0.08  
91817  0.46  0.36  0.52  0.69  0.25  0.04  0.40  0.36  0.46  0.28  0.22  0.23  0.21  -0.06  0.36  0.16  
91818  0.13  0.50  0.48  0.19  0.27  0.23  0.41  0.20  0.51  0.44  0.10  0.13  -0.03  0.14  0.02  0.17  
91819  0.39  0.40  0.23  0.46  0.27  0.03  0.33  0.34  0.38  0.40  0.24  0.06  0.10  0.07  0.30  0.33  
91820  0.14  0.17  0.24  0.31  0.29  0.41  0.24  0.18  0.22  0.42  0.13  0.09  0.10  0.11  0.10  0.33  
91821  0.26  0.31  0.17  0.37  0.26  0.42  0.30  0.38  0.41  0.50  0.24  0.01  0.25  0.30  0.11  0.02  
91822  0.33  0.31  0.27  0.29  0.35  0.29  0.06  0.43  0.49  0.30  0.35  0.10  0.20  0.37  0.25  0.03  
91823  0.55  0.20  0.39  0.63  0.38  0.43  -0.05  0.48  0.70  0.28  0.44  0.13  0.03  0.20  0.17  0.13  
91824  0.28  0.52  0.40  0.35  0.36  0.26  0.31  0.35  0.52  0.36  0.20  0.14  0.22  0.11  0.03  0.29  
91825  0.28  0.39  0.40  0.21  0.42  0.36  0.39  0.35  0.58  0.39  0.60  0.30  0.33  0.21  0.29  0.39  
91830  0.34  0.45  0.22  0.47  0.23  0.25  0.29  0.39  0.29  0.18  0.20  0.25  0.23  0.12  0.12  0.19  
91831  0.37  0.28  0.33  0.49  0.20  0.22  -0.12  0.26  0.42  0.52  0.27  0.19  0.39  -0.04  0.16  0.36  
91832  0.12  0.34  0.29  0.39  0.37  0.42  0.32  0.12  0.31  0.47  0.17  0.09  0.18  0.09  0.24  0.50  
91833  0.41  0.39  0.16  0.25  0.39  0.34  0.45  0.33  0.46  0.23  0.16  0.13  0.01  0.41  0.08  0.36  
91834  0.17  0.40  0.27  0.33  0.19  0.29  0.34  0.32  0.36  0.33  0.33  0.10  0.29  -0.08  -0.01  0.12  
91835  0.22  0.20  0.26  0.35  0.41  0.35  0.24  0.21  0.46  0.32  0.29  0.23  0.18  0.10  -0.06  0.18  
91836  0.44  0.26  0.17  0.40  0.30  0.32  0.39  0.38  0.63  0.43  0.04  0.19  0.22  0.18  0.23  0.07  
91837  0.22  0.21  0.46  0.53  0.47  0.27  0.34  0.22  0.35  0.53  0.21  0.44  0.02  -0.06  0.06  0.35  
91838  0.31  0.33  0.42  0.38  0.39  0.24  0.40  0.16  0.51  0.26  0.04  0.00  0.29  0.04  0.37  0.24  
91841  0.20  0.23  0.38  0.42  0.37  0.42  0.25  0.31  0.50  0.34  0.34  0.04  0.26  0.03  0.07  0.28  
91843  0.30  0.21  0.58  0.22  0.66  0.11  0.48  0.12  0.98  0.58  0.45  0.01  0.25  -0.02  0.44  0.25  
91844  0.13  0.07  0.37  0.36  0.18  0.38  0.22  0.35  0.61  0.36  0.45  0.46  0.15  -0.12  -0.23  0.28  
91845  0.53  0.07  0.51  0.32  0.21  0.40  0.36  0.24  0.62  0.39  0.26  0.41  0.34  0.10  0.02  0.31  
91846  0.09  0.07  0.57  0.42  0.27  0.43  0.40  0.52  0.61  0.30  0.05  0.20  0.45  0.20  0.14  0.24  
91847  0.25  0.31  0.56  0.22  0.32  0.28  0.24  0.27  0.54  0.47  0.26  0.32  0.17  0.18  0.12  0.18  
91848  0.28  0.22  0.42  0.30  0.31  0.34  0.37  0.42  0.61  0.27  0.20  0.18  0.28  -0.02  0.45  0.13  
91849  0.33  0.49  0.49  0.48  0.44  0.23  0.36  0.38  0.49  0.38  0.44  0.28  0.18  0.14  0.15  0.22  
91850  0.12  0.13  0.29  0.44  0.20  0.34  0.37  0.01  0.17  0.62  0.15  0.44  0.09  0.02  0.25  0.15  
91851  0.12  0.16  0.56  0.34  0.43  0.50  0.41  0.35  0.56  0.39  0.01  0.18  0.09  0.06  -0.06  0.20  
91852  0.34  0.39  0.54  0.26  0.30  0.24  0.38  0.42  0.15  0.36  0.28  0.03  0.29  0.08  -0.09  -0.09  
91855  0.63  0.58  0.21  0.15  0.49  0.41  0.16  0.22  0.36  0.16  0.14  0.29  0.67  -0.08  0.05  0.02  
91856  0.33  0.11  0.43  0.39  0.16  0.52  0.22  0.53  0.34  0.23  0.40  0.40  0.26  0.18  -0.08  0.21  
91860  0.31  0.47  0.41  0.44  0.01  0.08  -0.05  0.26  0.46  -0.05  0.45  0.11  -0.08  -0.02  0.12  0.04  
91867  0.32  0.15  0.40  0.41  0.48  0.29  0.19  0.37  0.56  0.30  0.48  0.29  0.46  -0.15  0.03  0.27  
91868  0.46  0.15  0.51  0.41  0.45  0.30  0.37  0.36  0.25  0.26  0.20  0.11  0.45  0.20  0.20  0.49  
91869  0.34  0.25  0.58  0.37  0.25  0.33  0.29  0.33  0.42  0.29  0.23  0.10  0.34  -0.07  0.08  0.12  
91871  0.45  0.17  0.41  0.38  0.30  0.53  0.31  0.36  0.47  0.21  0.33  0.13  0.23  -0.00  -0.02  -0.03  
91872  0.32  0.17  0.36  0.16  0.40  0.54  0.47  0.39  0.57  0.21  0.29  0.14  0.31  -0.06  0.21  -0.09  
91873  0.42  0.27  0.31  0.33  0.34  0.27  0.29  0.37  0.59  0.34  0.33  -0.01  0.33  -0.08  -0.00  0.25  
91874  0.16  0.18  0.35  0.36  0.43  0.22  0.28  0.49  0.51  -0.05  0.40  0.24  0.16  0.15  0.26  0.19  
91875  0.24  0.02  0.64  0.35  0.26  0.42  0.17  0.48  0.40  0.30  0.11  0.03  0.13  0.12  -0.21  -0.03  
91876  0.20  0.26  0.54  0.37  0.32  0.21  0.50  0.44  0.57  0.18  0.31  0.11  0.10  0.19  0.17  0.12  
91877  0.15  0.29  0.39  0.32  0.10  0.36  0.38  0.33  0.52  0.34  0.24  0.19  0.31  -0.06  0.19  0.09  
91878  0.23  0.34  0.33  0.24  0.49  0.51  0.58  0.41  0.61  0.27  0.21  0.20  0.24  0.05  0.10  0.39  
91879  -0.09  0.16  0.71  0.82  0.51  0.48  0.29  0.20  0.65  0.33  0.23  -0.03  0.02  0.22  0.03  0.19  
91880  0.17  0.38  0.37  0.32  0.42  0.12  0.08  0.38  0.50  0.29  0.24  0.21  0.26  0.38  -0.11  0.33  
91881  0.46  0.26  0.51  0.18  0.40  0.30  0.46  0.54  0.44  0.34  0.24  0.09  0.34  -0.01  0.08  0.33  
91882  0.43  0.39  0.38  0.37  0.08  0.34  0.52  0.45  0.54  0.45  0.43  0.18  0.22  0.06  0.10  -0.01  
91883  0.28  0.14  0.53  0.37  0.39  0.31  0.28  0.33  0.68  0.23  0.19  0.16  0.22  -0.00  0.34  0.36  
91884  0.17  0.26  0.47  0.33  0.00  0.36  0.05  0.51  0.52  0.54  0.40  0.03  0.14  0.01  0.10  0.23  
91886  0.22  0.19  0.37  0.30  0.23  0.24  0.27  0.17  0.57  0.27  0.28  0.23  0.40  0.19  0.16  0.15  
91887  0.46  0.26  0.36  0.41  0.31  0.14  0.23  0.24  0.16  0.43  0.48  0.10  0.25  0.09  0.02  0.17  
91888  0.23  0.20  0.27  0.30  0.40  0.32  0.33  0.16  0.41  0.33  0.16  0.13  0.10  0.06  0.04  0.30  
91890  0.36  0.22  0.43  0.28  0.38  0.32  0.32  0.42  0.50  0.35  0.20  0.26  0.12  0.09  -0.06  0.28  
91893  0.32  0.11  0.44  0.43  0.36  0.27  0.32  0.43  0.51  0.40  0.19  0.43  0.14  0.01  0.17  0.39  
91894  0.36  0.18  0.50  0.24  0.20  0.40  0.23  0.20  0.53  0.44  0.11  0.04  0.28  0.13  0.01  0.33  
91895  0.31  0.19  0.55  0.34  0.18  0.47  0.27  0.19  0.38  0.32  0.38  0.11  0.15  0.10  0.21  0.20  
91896  0.36  0.25  0.59  0.56  0.28  0.26  0.19  0.17  0.49  0.36  0.23  0.23  -0.01  0.12  0.08  0.11  
91897  0.19  0.12  0.06  0.47  0.24  0.46  0.47  0.20  0.57  0.31  0.33  0.05  0.29  -0.04  0.20  0.26  
91899  0.29  0.18  0.27  0.26  0.13  0.26  0.11  0.12  0.16  0.25  0.16  0.07  0.27  0.05  0.05  0.23  
91900  0.18  0.39  0.33  0.27  0.23  0.52  0.13  0.29  0.63  0.21  0.25  0.15  0.32  0.18  0.28  0.27  
91901  0.26  0.32  0.45  0.33  0.40  0.33  0.50  0.44  0.45  0.56  0.24  0.15  0.19  -0.08  0.17  0.32  
91903  0.23  0.23  0.50  0.60  0.39  0.28  0.27  0.36  0.65  0.38  0.39  0.17  0.20  0.02  0.23  0.39  
91904  0.48  0.27  0.35  0.33  0.38  0.38  0.27  0.37  0.47  0.33  0.18  0.26  0.33  0.14  0.30  0.12  
91905  0.04  0.32  0.27  0.37  0.27  0.60  0.25  0.34  0.40  0.42  0.28  0.15  0.10  0.11  0.10  0.34  
91906  0.19  0.26  0.36  0.35  0.20  0.45  0.41  0.26  0.52  0.37  0.38  0.06  0.08  0.12  -0.10  0.25  
91907  0.26  0.36  0.23  0.49  0.13  0.38  0.24  0.25  0.59  0.32  0.29  0.31  0.32  0.06  0.11  0.30  
91908  0.36  0.49  0.29  0.41  0.33  0.35  0.25  0.47  0.39  0.30  0.45  -0.03  0.05  -0.04  -0.10  0.14  
91911  0.21  0.27  0.27  0.21  0.11  0.21  0.00  0.08  0.31  0.30  -0.00  0.09  0.28  0.14  -0.01  0.27  
91914  0.18  0.25  0.29  0.14  0.13  0.24  0.18  0.19  0.29  0.24  0.03  0.15  0.24  0.05  0.09  0.22  
91917  0.22  0.15  0.43  0.44  0.26  0.43  0.39  0.21  0.44  0.35  0.27  0.27  0.27  0.07  0.15  0.41  
91918  0.30  0.24  0.44  0.37  0.29  0.38  0.37  0.38  0.43  0.26  0.34  0.08  0.19  0.12  0.14  -0.03  
91919  0.08  0.19  0.46  0.18  0.36  0.37  0.26  0.49  0.33  0.32  0.16  0.22  0.44  0.11  0.16  0.28  
91920  0.22  0.05  0.36  0.32  0.34  0.32  0.15  0.23  0.47  0.44  0.22  0.26  0.14  0.17  0.10  0.31  
91921  0.27  0.30  0.35  0.41  0.30  0.43  0.34  0.39  0.46  0.22  0.39  0.34  0.07  -0.06  0.24  0.32  
91922  0.25  0.40  0.32  0.31  0.16  0.28  0.34  0.29  0.37  0.32  0.18  0.26  0.20  0.15  0.11  0.26  
91923  0.18  0.31  0.41  0.23  0.27  0.37  0.24  0.34  0.63  0.29  0.22  0.11  0.17  0.09  0.08  0.15  
91924  0.22  0.09  0.41  0.34  0.34  0.18  0.32  0.50  0.28  0.56  0.46  0.30  0.24  0.11  -0.03  0.20  
91925  0.36  0.45  0.44  0.27  0.29  0.24  0.45  0.20  0.42  0.57  0.25  0.15  0.27  0.19  0.15  0.10  
91926  0.19  0.22  0.14  0.33  0.47  0.31  0.20  0.48  0.20  0.48  0.09  -0.16  0.05  0.29  0.21  0.10  
91927  0.20  0.04  0.24  0.15  0.15  0.30  0.06  0.25  0.62  0.38  0.28  0.24  0.26  0.10  0.38  0.41  
91928  0.20  0.31  0.37  0.43  0.26  0.15  0.17  0.34  0.47  0.49  0.18  0.06  0.03  0.01  0.27  0.27  
91929  0.40  0.21  0.31  0.23  0.31  0.21  0.37  0.44  0.68  0.40  0.43  0.13  0.18  0.12  0.15  0.40  
91930  0.34  0.23  0.47  0.39  0.26  0.34  0.31  0.30  0.45  0.31  0.38  0.33  0.11  0.05  -0.07  0.14  
91931  0.34  0.35  0.42  0.48  0.02  0.38  0.16  0.33  0.42  0.36  0.06  0.17  0.12  0.19  0.13  0.29  
91932  0.44  0.41  0.26  0.40  0.17  0.43  0.24  0.36  0.42  0.15  0.39  -0.14  0.29  0.11  0.11  0.19  
91933  0.33  0.17  0.26  0.29  0.28  0.38  0.25  0.29  0.44  0.41  0.33  0.29  0.38  0.18  0.14  0.16  
91934  0.30  0.17  0.53  0.52  0.39  0.44  0.25  0.28  0.58  0.27  0.48  0.05  0.21  0.01  -0.05  0.30  
91935  0.35  0.37  0.36  0.29  0.25  0.39  0.21  0.38  0.47  0.29  0.37  0.23  0.29  0.07  0.16  0.14  
91936  0.31  0.16  0.46  0.29  0.27  0.39  0.10  0.38  0.57  0.36  0.17  0.40  0.19  0.19  0.07  0.39  
91937  0.42  0.09  0.16  0.52  0.23  0.33  0.28  0.33  0.52  0.28  0.74  0.04  0.20  0.12  -0.13  0.13  
91938  0.26  0.22  0.41  0.37  0.22  0.41  0.22  0.24  0.40  0.35  0.20  0.31  0.24  0.21  0.17  0.39  
91940  0.20  0.42  0.34  0.40  0.16  0.42  0.32  0.32  0.46  0.26  0.18  0.20  0.18  0.06  0.19  0.16  
91942  0.26  0.23  0.30  0.21  0.25  0.25  0.26  0.06  0.30  0.26  0.04  0.18  0.36  0.13  0.07  0.18  
91943  0.45  0.32  0.26  0.40  0.13  0.68  0.54  0.13  0.50  0.45  0.03  0.08  0.22  0.17  0.07  0.20  
91944  0.23  0.27  0.67  0.22  0.14  0.19  0.33  0.31  0.44  0.25  0.21  0.00  0.17  0.27  0.33  0.17  
91945  0.16  0.46  0.52  0.19  0.12  0.43  0.21  0.34  0.36  0.30  0.10  0.17  0.05  0.13  0.14  0.34  
91946  0.26  0.15  0.24  0.30  0.17  0.55  0.42  0.08  0.37  0.55  0.24  0.25  0.13  0.04  0.12  0.12  
91947  0.40  0.09  0.20  0.43  0.24  0.36  0.23  0.27  0.46  0.25  0.13  0.10  0.37  0.15  0.25  0.28  
91948  0.35  0.28  0.40  0.32  0.16  0.38  0.29  0.38  0.52  0.46  0.20  0.31  0.38  0.21  0.15  0.30  
91949  0.35  0.13  0.25  0.26  0.49  0.28  0.27  0.45  0.44  0.25  0.28  0.33  0.30  -0.04  0.08  0.17  
91950  0.24  0.16  0.32  0.37  0.40  0.17  0.31  0.43  0.56  0.25  0.22  0.19  0.01  0.14  0.08  0.08  
91951  0.27  0.29  0.51  0.35  0.27  0.37  0.16  0.28  0.43  0.27  0.42  0.18  0.30  0.09  0.40  0.56  
91952  0.38  0.20  0.33  0.32  0.48  0.45  0.16  0.36  0.36  0.35  0.24  0.35  0.48  0.36  0.07  0.22  
91953  0.31  0.13  0.35  0.32  0.27  0.31  0.25  0.14  0.12  0.47  0.16  0.10  0.45  0.20  -0.04  0.57  
91954  0.33  0.13  0.50  0.16  0.20  0.39  0.23  0.45  0.53  0.08  0.39  0.13  0.18  0.13  0.20  0.14  
91956  0.35  0.20  0.34  0.37  0.23  0.21  0.28  0.53  0.46  0.40  0.14  0.22  0.27  -0.01  0.14  0.32  
91957  0.44  0.49  0.55  0.24  0.36  0.44  0.28  0.52  0.60  0.29  0.13  0.30  -0.04  0.26  0.08  0.34  
91958  0.33  0.14  0.29  0.30  0.33  0.47  0.28  0.23  0.28  0.40  0.21  0.07  0.10  0.12  0.03  0.03  
91959  0.12  0.15  0.25  0.30  0.21  0.31  0.24  0.31  0.28  0.20  0.52  0.13  0.14  0.05  0.09  0.27  
91960  0.26  0.24  0.37  0.27  0.17  0.26  0.19  0.36  0.33  0.38  0.18  0.13  0.03  0.09  0.13  0.23  
91961  0.17  0.12  0.42  0.35  0.45  0.50  0.32  0.19  0.51  0.44  0.22  0.31  0.32  0.12  0.01  0.24  
91962  0.61  0.43  0.49  0.18  0.41  0.22  0.45  0.46  0.30  0.20  0.13  0.21  0.25  0.06  0.11  0.25  
91963  0.34  0.41  0.49  0.41  0.41  0.37  0.25  0.33  0.46  0.39  0.25  0.44  0.19  0.11  0.06  0.21  
91964  0.36  0.27  0.09  0.33  0.18  0.26  0.32  0.23  0.40  0.33  0.31  0.23  0.20  0.08  0.15  0.35  
91965  0.25  0.32  0.44  0.28  0.31  0.44  0.40  0.42  0.47  0.28  0.32  0.13  0.15  0.08  0.06  0.31  
91966  0.36  0.09  0.40  0.32  0.24  0.27  0.26  0.44  0.46  0.14  0.30  0.26  0.20  -0.05  0.14  0.11  
91967  0.43  0.13  0.41  0.27  0.32  0.41  0.34  0.25  0.41  0.51  0.09  0.03  0.36  0.15  0.11  0.16  
91968  0.19  0.18  0.47  0.29  0.38  0.33  0.23  0.33  0.48  0.46  0.36  0.10  0.15  0.01  0.10  0.20  
91969  0.44  0.38  0.38  0.33  0.17  0.52  0.56  0.34  0.21  0.28  0.14  0.31  0.34  0.03  0.11  -0.07  
91971  0.24  0.42  0.34  0.25  0.30  0.40  0.45  0.44  0.13  0.26  0.25  0.12  0.42  0.00  -0.01  0.33  
91972  0.40  0.41  0.34  0.38  0.39  0.55  0.07  0.39  0.30  0.28  0.07  0.15  0.29  0.33  -0.02  0.07  
91973  0.27  0.19  0.52  0.19  0.12  0.50  0.15  0.32  0.32  0.19  0.22  0.20  0.03  0.09  0.13  0.16  
91975  0.21  0.20  0.33  0.35  0.19  0.41  0.27  0.27  0.35  0.20  0.35  0.13  0.14  0.21  0.09  0.29  
91976  0.40  0.05  0.51  0.47  0.36  0.28  0.10  0.34  0.18  0.50  0.28  0.19  0.28  -0.19  -0.01  0.31  
91978  0.40  0.18  0.18  0.30  0.41  0.44  0.35  0.04  0.32  0.48  0.34  0.19  0.25  0.15  -0.09  0.30  
91979  0.35  0.20  0.41  0.47  0.40  0.17  0.37  0.31  0.26  0.18  0.40  0.07  0.26  0.13  0.26  0.36  
91980  0.33  0.24  0.49  0.26  0.31  0.28  0.04  0.23  0.52  0.42  0.40  0.02  0.42  0.28  0.11  0.21  
91981  0.43  0.18  0.31  0.30  0.10  0.38  0.16  0.41  0.41  0.23  0.15  -0.03  0.32  0.32  -0.03  0.09  
91982  0.19  0.36  0.43  0.30  0.19  0.31  0.28  0.49  0.60  0.40  0.35  -0.05  0.32  0.10  0.17  0.25  
91985  0.29  0.21  0.45  0.10  0.24  0.31  0.04  -0.01  0.33  0.18  0.13  0.09  0.22  0.02  0.19  0.29  
91986  0.48  -0.03  0.48  0.40  0.34  0.07  0.36  0.22  0.22  0.64  0.03  0.23  0.17  0.02  0.14  0.18  
91988  0.31  0.14  0.51  0.30  0.47  0.27  0.15  0.34  0.38  0.40  0.21  0.12  0.25  0.19  -0.06  0.26  
91990  0.22  0.15  0.61  0.25  0.08  0.42  0.42  0.51  0.56  0.34  0.49  0.29  0.10  0.35  -0.04  0.08  
91991  0.47  0.16  0.29  0.33  0.35  0.30  0.20  0.44  0.41  0.26  0.14  0.21  -0.07  0.17  -0.01  0.19  
91992  0.44  0.17  0.34  0.44  0.43  0.29  0.29  0.46  0.63  -0.07  0.31  0.32  0.43  0.09  0.30  -0.14  
91993  0.28  0.40  0.45  0.42  0.34  0.40  0.21  0.37  0.30  0.43  0.30  0.38  0.22  0.13  0.11  0.26  
91994  0.33  0.18  0.16  0.28  0.21  0.38  0.21  0.29  0.54  0.50  0.40  0.39  0.09  0.03  0.40  0.33  
91997  0.20  0.18  0.47  0.25  0.29  0.53  0.32  0.44  0.61  0.39  0.28  0.08  -0.03  0.16  0.14  0.37  
91998  0.23  0.46  0.29  0.01  0.49  0.21  0.69  0.34  0.56  0.32  0.32  0.19  0.20  0.17  -0.04  0.33  
91999  0.46  0.26  0.23  0.57  0.18  0.16  0.57  0.53  0.48  0.52  0.16  -0.01  0.29  0.21  0.14  0.14  
92000  0.15  0.17  0.41  0.42  0.22  0.35  0.43  0.39  0.43  0.35  0.40  0.10  0.17  0.14  0.07  0.21  
92001  0.35  0.21  0.39  0.36  0.33  0.19  0.37  0.37  0.62  0.31  0.33  0.16  0.31  0.04  0.15  0.14  
92002  0.15  0.24  0.66  0.33  0.25  0.36  0.41  0.05  0.19  0.40  0.22  0.16  0.24  0.13  -0.18  0.40  
92004  0.29  0.03  0.31  0.23  0.12  0.15  0.19  0.24  0.27  0.32  0.19  0.05  0.32  -0.00  0.06  0.22  
92005  0.49  0.23  0.29  0.24  0.36  0.35  0.24  0.29  0.70  0.39  0.25  0.36  0.17  0.05  -0.04  0.32  
92006  0.23  0.20  0.24  0.42  0.42  0.24  0.21  0.48  0.46  0.33  0.33  0.24  0.22  0.05  0.15  0.14  
92007  0.27  0.34  0.42  0.41  0.29  0.13  0.31  0.26  0.57  0.35  0.36  0.36  0.14  0.02  0.11  0.18  
92008  0.29  0.20  0.30  0.42  0.21  0.31  0.33  0.52  0.42  0.34  0.11  0.35  0.14  -0.11  0.17  0.09  
92009  0.35  0.19  0.38  0.26  0.32  0.19  0.57  0.35  0.55  0.38  0.09  0.26  0.37  0.15  0.13  0.27  
92010  0.31  0.31  0.41  0.26  0.35  0.14  0.45  0.31  0.59  0.32  0.33  0.63  0.04  0.11  -0.12  0.11  
92012  0.45  0.27  0.03  0.26  0.54  0.29  0.27  0.25  0.40  0.40  0.17  0.47  0.32  -0.01  -0.15  0.30  
92013  0.44  0.27  0.40  0.36  0.37  0.36  0.21  0.38  0.54  0.43  0.26  0.25  0.43  0.29  0.24  0.27  
92014  0.27  0.21  0.25  0.28  0.19  0.36  0.54  0.57  0.53  0.29  0.21  0.22  0.12  0.09  0.11  0.25  
92015  0.53  0.12  0.29  0.17  0.31  0.41  0.18  0.48  0.65  0.33  0.20  0.45  0.25  0.19  0.28  0.39  
92016  0.47  0.29  0.41  0.34  0.42  0.36  0.31  0.14  0.38  0.51  0.22  0.12  -0.03  0.01  0.12  0.41  
92017  0.24  0.37  0.14  0.40  0.33  0.47  0.32  0.30  0.63  0.43  0.20  0.29  0.32  0.09  0.06  0.26  
92018  0.17  0.09  0.52  0.58  0.10  0.33  0.25  0.38  0.51  0.36  0.29  0.24  0.26  0.16  0.20  0.30  
92019  0.33  0.29  0.50  0.38  0.54  0.38  0.28  0.45  0.44  0.46  0.25  0.40  0.14  0.10  0.15  0.22  
