kin    H1_pec   D2_pec   He_pec    H3_pec
0  0.00159466  4.6314e-05  0.00177287  3.1713e-05  0.0017143  3.93171e-05  0.00200029  4.66871e-05
1  0.00157581  4.07353e-05  0.00181323  3.44957e-05  0.00162701  4.86722e-05  0.00197265  3.91793e-05
2  0.00139194  4.12395e-05  0.00150225  3.71685e-05  0.00152562  4.7551e-05  0.00170418  7.08686e-05
3  0.00114689  4.84949e-05  0.0013548  3.99548e-05  0.00127328  5.41205e-05  0.0015505  5.64585e-05
4  0.000967441  4.4266e-05  0.00112023  3.72491e-05  0.00112647  5.74197e-05  0.00136522  5.78594e-05
5  0  0  0.00108164  4.53183e-05  0.00103516  6.18593e-05  0.00118995  6.74598e-05
7  0  0  0.000860092  5.84094e-05  0.000798487  8.0376e-05  0.00101223  8.54049e-05
9  0  0  0.000744375  3.56592e-05  0.000739018  5.40353e-05  0.000934695  5.95086e-05
11  0  0  0.000687983  5.66434e-05  0.000936139  8.99463e-05  0.000939804  7.54644e-05
13  0  0  0.00062488  3.15624e-05  0.000901742  6.03817e-05  0.00101414  5.92099e-05
15  0  0  0.000802466  3.16022e-05  0.00115125  5.99696e-05  0.00137535  5.50263e-05
16  0  0  0.00128004  4.827e-05  0.00183891  8.4608e-05  0.00256844  8.98429e-05
