1215
1216
1224
1225
1244
1245
1246
1247
1248
1267
1268
1271
1272
1273
1290
1291
1292
1293
1329
1331
1333
1334
1335
1336
1337
1338
1339
1348
1354
1355
1358
1359
1369
1370
1377
1378
1379
1389
1390
1403
1404
1413
1414
1415
1416
1417
1434
1435
1436
1437
1438
1456
1457
1458
1459
1465
1466
1488
1489
1490
1491
1492
1535
1536
1537
1538
1540
1541
1542
1543
1544
1545
1546
1547
1562
1563
1564
1565
1566
1584
1585
1586
1589
1590
1591
1592
1593
1608
1609
1610
1611
1612
1634
1635
1636
1637
1638
1652
1653
1654
1655
1665
1666
1667
1668
1669
1685
1686
1687
1688
1696
1697
1698
1699
1700
1702
1713
1714
1715
1716
1733
1734
1735
1736
1748
1749
1750
1751
1752
1759
1760
1761
1762
1776
1781
1783
1800
1801
1804
1807
1808
1809
1810
1858
1859
1860
1861
1877
1878
1879
1880
1881
1882
1918
1919
1920
1921
1922
1932
1933
1934
1935
1945
1946
1947
1948
1963
1964
1965
1966
1967
1974
1975
1976
1988
1989
1990
1991
2001
2002
2003
2004
2016
2017
2018
2019
2020
2047
2048
2049
2050
2051
2062
2063
2064
2065
2066
2074
2075
2076
2077
2088
2089
2090
2091
2092
2102
2103
2104
2105
2106
2121
2122
2123
2124
2125
2126
2134
2135
2136
2137
2146
2147
2148
2149
2157
2158
2159
2160
2174
2175
2176
2177
2187
2188
2189
2190
2199
2200
2201
2202
2203
2211
2212
2213
2214
2215
2226
2227
2228
2229
2238
2242
2243
2244
2245
2246
2261
2262
2263
2265
2266
2267
2273
2274
2275
2276
2282
2283
2284
2285
2286
2287
2288
2440
2441
2442
2443
2444
2453
2454
2455
2457
2458
2459
2460
2500
2501
2502
2503
2505
2506
2577
2578
2590
2591
2592
2605
2606
2616
2617
2618
2626
2627
2628
2629
2639
2640
2654
2655
2656
2677
2678
2679
2680
2681
2682
2683
2684
2685
2695
2696
2697
2698
2719
2720
2721
2722
2723
2735
2736
2737
2738
2739
2750
2751
2752
2764
2765
2766
2767
2781
2790
2791
2792
2793
2796
2811
2812
2813
2822
2823
2824
2825
