1210
1211
1212
1219
1220
1221
1236
1237
1238
1250
1258
1260
1261
1262
1282
1283
1284
1285
1296
1297
1298
1299
1347
1352
1353
1356
1367
1368
1373
1374
1375
1376
1383
1384
1386
1387
1388
1399
1402
1408
1409
1410
1411
1412
1427
1428
1429
1430
1431
1432
1433
1442
1445
1450
1451
1452
1453
1454
1455
1462
1463
1464
1478
1479
1480
1482
1483
1484
1485
1486
1487
1505
1506
1507
1530
1531
1532
1557
1558
1559
1560
1561
1569
1570
1571
1576
1579
1580
1581
1582
1583
1599
1600
1604
1605
1606
1613
1614
1615
1616
1617
1618
1619
1628
1629
1630
1631
1632
1633
1644
1645
1646
1647
1651
1659
1660
1661
1662
1664
1681
1682
1683
1684
1692
1693
1694
1695
1709
1710
1711
1712
1719
1720
1721
1722
1723
1724
1730
1731
1732
1743
1744
1745
1746
1747
1754
1755
1756
1757
1758
1771
1772
1773
1774
1775
1790
1791
1792
1793
1794
1795
1798
1799
1812
1813
1841
1842
1843
1844
1845
1846
1847
1849
1850
1857
1868
1870
1871
1872
1873
1874
1875
1876
1896
1897
1898
1899
1900
1917
1926
1927
1928
1929
1930
1938
1939
1940
1941
1942
1943
1944
1954
1955
1956
1957
1958
1959
1960
1961
1962
1983
1984
1985
1986
1987
1995
1996
1997
1998
1999
2000
2011
2012
2013
2014
2015
2033
2034
2045
2046
2054
2055
2058
2059
2060
2061
2069
2070
2071
2072
2073
2082
2083
2084
2085
2086
2087
2097
2098
2099
2100
2101
2116
2117
2118
2119
2120
2129
2130
2131
2132
2133
2141
2142
2143
2144
2145
2152
2153
2154
2155
2156
2164
2165
2166
2167
2168
2169
2181
2182
2183
2184
2185
2186
2193
2194
2195
2196
2197
2198
2206
2207
2208
2209
2210
2220
2221
2222
2223
2224
2225
2233
2234
2235
2236
2237
2255
2256
2257
2258
2259
2260
2268
2269
2270
2271
2272
2277
2278
2279
2280
2281
2427
2447
2525
2526
2527
2528
2529
2530
2531
2533
2534
2535
2536
2537
2538
2539
2540
2541
2542
2543
2545
2546
2547
2574
2575
2576
2585
2587
2588
2589
2603
2604
2613
2614
2615
2623
2624
2625
2636
2637
2638
2648
2649
2650
2651
2652
2653
2670
2671
2672
2673
2674
2675
2676
2689
2690
2691
2692
2693
2694
2705
2706
2707
2708
2709
2710
2711
2728
2729
2730
2731
2732
2733
2734
2753
2754
2755
2756
2768
2769
2770
2771
2772
2775
2776
2777
2778
2779
2780
2783
2784
2797
2798
2799
2800
2801
2802
2803
2804
2814
2815
2816
2817
2818
