90854
90855
90856
90888
90889
90894
90897
90898
90899
90900
90901
90915
90919
90920
90921
90930
90931
90932
90933
90934
90935
90944
90945
90946
90947
90948
90949
90960
90961
90962
90963
90967
90975
90976
90977
90978
90981
91000
91001
91002
91003
91011
91012
91013
91014
91030
91031
91032
91033
91040
91041
91042
91043
91044
91056
91057
91058
91069
91070
91071
91072
91073
91080
91081
91082
91083
91084
91096
91097
91098
91099
91100
91112
91113
91114
91115
91116
91117
91118
91119
91132
91133
91143
91144
91145
91146
91147
91148
91149
91150
91151
91171
91172
91173
91174
91175
91176
91177
91178
91179
91197
91198
91199
91200
91201
91229
91230
91231
91232
91233
91234
91241
91242
91244
91245
91246
91247
91258
91259
91260
91261
91262
91263
91264
91265
91285
91286
91287
91288
91289
91297
91298
91299
91300
91302
91303
91314
91315
91316
91317
91318
91362
91363
91364
91365
91366
91375
91376
91377
91378
91379
91380
91390
91391
91392
91393
91394
91408
91409
91410
91411
91412
91421
91422
91423
91424
91425
91433
91434
91435
91436
91437
91444
91445
91446
91447
91448
91456
91457
91458
91459
91460
91461
91470
91471
91472
91473
91474
91475
91482
91483
91484
91485
91486
91487
91495
91496
91497
91498
91499
91509
91510
91511
91512
91513
91514
91522
91523
91524
91525
91526
91544
91545
91546
91547
91548
91549
91557
91558
91559
91560
91561
91566
91567
91568
91569
91570
91667
91685
91686
91754
91755
91756
91757
91758
91759
91760
91762
91763
91764
91765
91766
91767
91768
91769
91770
91771
91772
91774
91775
91788
91793
91794
91803
91804
91813
91814
91815
91821
91822
91831
91832
91833
91842
91843
91844
91845
91846
91847
91866
91867
91868
91869
91870
91871
91872
91885
91886
91887
91888
91889
91890
91901
91902
91903
91904
91905
91906
91907
91908
91926
91927
91928
91929
91930
91931
91932
91951
91952
91953
91954
91966
91967
91968
91969
91970
91972
91973
91975
91976
91977
91980
91981
91991
91992
91993
91994
91995
91996
91997
91998
92008
92009
92010
92011
92012
