1  0.0112008  9.84653e-05
2  0.0112847  0.000103755
3  0.0112093  0.000115075
4  0.0116821  0.000145057
5  0.0113479  0.000194251
7  0.0117604  0.000204979
9  0.0118597  0.000233735
11  0.0123628  0.00031534
13  0.0128411  0.000338335
15  0.0131651  0.000359692
16  0.0215643  0.00057798
1  0.0115233  0.000108063
2  0.011457  0.000110903
3  0.0116492  0.000144934
4  0.0121116  0.000155801
5  0.0114341  0.000199818
7  0.0118039  0.000214162
9  0.0119292  0.000241444
11  0.0119643  0.000327206
13  0.0128684  0.000348748
15  0.0135387  0.000375847
16  0.0239977  0.000642167
