1  0.0113225  9.5306e-05
2  0.0113633  0.000100306
3  0.0113138  0.00011147
4  0.0118461  0.00014114
5  0.0113786  0.000188013
7  0.0120144  0.000200599
9  0.0125779  0.000233181
11  0.0136146  0.000294785
13  0.016561  0.000371725
15  0.022485  0.000451811
16  0.0852794  0.00101306
1  0.0116326  0.000104586
2  0.0115902  0.000107493
3  0.011751  0.000131538
4  0.0121998  0.000151023
5  0.0116028  0.000194482
7  0.012209  0.000210593
9  0.0127724  0.000241779
11  0.0133618  0.000300019
13  0.0169786  0.000386909
15  0.0252751  0.000490042
16  0.108905  0.00118416
