run No.    Charge     decay_time     fHi      Q*fHi
90884  61039.7  95  0.0211498  1290.98
90885  53914.9  95  0.0211498  1140.29
90886  71590.9  95  0.0211498  1514.13
90902  37540.5  95  0.0211498  793.973
90903  40887.3  95  0.0211498  864.757
90904  41138.1  95  0.0211498  870.063
90907  42138.9  95  0.0211498  891.229
90908  48393.7  95  0.0211498  1023.52
90909  43462.4  95  0.0211498  919.221
90910  75259.1  95  0.0211498  1591.71
90922  41784.2  96  0.0213673  892.816
90923  42914.1  96  0.0213673  916.957
90924  43018.7  96  0.0213673  919.192
90925  42532.8  96  0.0213673  908.811
90926  44420.9  96  0.0213673  949.154
90929  13504.7  96  0.0213673  288.559
90950  65771.4  97  0.0215847  1419.66
90951  58403.5  97  0.0215847  1260.62
90952  53332.5  97  0.0215847  1151.17
90953  56155.2  97  0.0215847  1212.1
90968  68726.2  97  0.0215847  1483.44
90983  73519  98  0.0218021  1602.87
90984  68224.6  98  0.0218021  1487.44
90985  68260.1  99  0.0220195  1503.05
90986  9386.14  99  0.0220195  206.678
91004  57580.5  99  0.0220195  1267.89
91005  60931.4  99  0.0220195  1341.68
91006  41275.7  99  0.0220195  908.869
91007  53154.8  99  0.0220195  1170.44
91015  40074  100  0.0222368  891.117
91017  77267.8  100  0.0222368  1718.19
91018  65349.4  100  0.0222368  1453.16
91019  28976.8  100  0.0222368  644.351
91020  18658.3  100  0.0222368  414.9
91021  35146.2  100  0.0222368  781.538
91034  61167.6  101  0.0224541  1373.46
91035  72512.2  101  0.0224541  1628.19
91036  68272.3  101  0.0224541  1532.99
91037  62070.3  101  0.0224541  1393.73
91059  70082.2  101  0.0224541  1573.63
91060  68675.8  101  0.0224541  1542.05
91061  68528.4  102  0.0226713  1553.62
91062  53361.3  102  0.0226713  1209.77
91074  59264.5  102  0.0226713  1343.6
91075  46366.2  102  0.0226713  1051.18
91076  33512.4  102  0.0226713  759.768
91077  63637.8  102  0.0226713  1442.75
91078  58411.6  102  0.0226713  1324.27
91085  68379.6  103  0.0228884  1565.1
91086  72028.2  103  0.0228884  1648.61
91087  46666.3  103  0.0228884  1068.12
91088  49404.3  103  0.0228884  1130.79
91101  607.816  103  0.0228884  13.912
91103  80420  104  0.0231055  1858.15
91104  105133  104  0.0231055  2429.15
91105  89899.1  104  0.0231055  2077.17
91120  64805.8  104  0.0231055  1497.37
91121  12357.3  104  0.0231055  285.522
91124  15488.3  105  0.0233226  361.227
91127  37054.7  105  0.0233226  864.213
91128  2237.98  105  0.0233226  52.1955
91129  8300.43  105  0.0233226  193.588
91130  63049.6  105  0.0233226  1470.48
91131  41344.6  105  0.0233226  964.264
91163  63493.9  107  0.0237566  1508.4
91164  79251.7  107  0.0237566  1882.75
91180  9983.11  107  0.0237566  237.165
91181  2788.97  107  0.0237566  66.2563
91182  69221.8  107  0.0237566  1644.47
91183  74299.1  107  0.0237566  1765.09
91184  77216.5  107  0.0237566  1834.4
91185  74374.2  108  0.0239735  1783.01
91222  31911.4  112  0.0248407  792.701
91223  61650.4  112  0.0248407  1531.44
91224  62597.7  112  0.0248407  1554.97
91225  63629.4  112  0.0248407  1580.6
91226  73286.4  113  0.0250574  1836.36
91235  76749.3  113  0.0250574  1923.14
91236  71135.6  113  0.0250574  1782.47
91237  56062.9  113  0.0250574  1404.79
91238  60925.2  113  0.0250574  1526.62
91248  41433.2  114  0.025274  1047.18
91249  59696.7  114  0.025274  1508.78
91250  59914.9  114  0.025274  1514.29
91251  69163.7  114  0.025274  1748.04
91266  48268.1  115  0.0254906  1230.38
91267  59948  115  0.0254906  1528.11
91268  58655.7  115  0.0254906  1495.17
91269  57876.7  115  0.0254906  1475.31
91270  27159.3  115  0.0254906  692.307
91277  14709.3  116  0.0257071  378.133
91278  22071.1  116  0.0257071  567.384
91279  14587.4  116  0.0257071  375
91290  74887.5  117  0.0259236  1941.35
91291  63578.5  117  0.0259236  1648.18
91292  69459.9  117  0.0259236  1800.65
91293  70651.7  117  0.0259236  1831.55
91304  53674.3  117  0.0259236  1391.43
91305  50494.5  117  0.0259236  1309
91306  38123.7  117  0.0259236  988.304
91307  65437.3  117  0.0259236  1696.37
91319  62650.8  118  0.02614  1637.69
91320  68310.8  118  0.02614  1785.65
91321  68238.6  118  0.02614  1783.76
91322  64870.2  118  0.02614  1695.71
91323  70606.6  118  0.02614  1845.66
91355  70818.7  120  0.0265728  1881.85
91356  60615.9  121  0.0267891  1623.84
91357  60709.2  121  0.0267891  1626.34
91358  41017  121  0.0267891  1098.81
91359  22302.5  121  0.0267891  597.463
91367  42876.4  121  0.0267891  1148.62
91368  62678.2  121  0.0267891  1679.09
91369  60613.3  121  0.0267891  1623.77
91370  59186.8  121  0.0267891  1585.56
91381  66524.4  122  0.0270053  1796.51
91382  27814.1  122  0.0270053  751.128
91383  46307.5  122  0.0270053  1250.55
91384  63656.5  122  0.0270053  1719.06
91385  65158.2  122  0.0270053  1759.62
91395  69488.3  123  0.0272215  1891.58
91396  95421.2  123  0.0272215  2597.51
91397  69113.9  123  0.0272215  1881.39
91399  77175.1  123  0.0272215  2100.82
91413  71630.6  124  0.0274377  1965.38
91414  21192.4  124  0.0274377  581.469
91415  55469.8  124  0.0274377  1521.96
91416  73234.7  124  0.0274377  2009.39
91417  63344.7  124  0.0274377  1738.03
91418  74395.2  124  0.0274377  2041.23
91427  71387.1  124  0.0274377  1958.7
91428  66321.5  124  0.0274377  1819.71
91429  63452.1  124  0.0274377  1740.98
91438  70254  125  0.0276538  1942.79
91439  64106.3  125  0.0276538  1772.78
91440  55886.7  125  0.0276538  1545.48
91441  76497.2  125  0.0276538  2115.43
91450  61294.5  125  0.0276538  1695.02
91451  46389.6  125  0.0276538  1282.85
91452  67184.2  125  0.0276538  1857.89
91476  67381.1  127  0.0280858  1892.45
91477  59660.4  127  0.0280858  1675.61
91478  75292.8  127  0.0280858  2114.66
91479  66399.3  127  0.0280858  1864.88
91488  63539.3  128  0.0283018  1798.27
91489  71401.7  128  0.0283018  2020.8
91490  66036.5  128  0.0283018  1868.95
91491  64893.2  128  0.0283018  1836.59
91492  82509.2  128  0.0283018  2335.15
91500  73874.5  128  0.0283018  2090.78
91501  22211.4  128  0.0283018  628.622
91502  56442  128  0.0283018  1597.41
91503  75763.7  128  0.0283018  2144.25
91504  67491.7  129  0.0285177  1924.71
91515  74214.7  129  0.0285177  2116.43
91516  67514.4  129  0.0285177  1925.35
91517  69541.3  129  0.0285177  1983.16
91518  60817.1  129  0.0285177  1734.36
91527  61595.6  130  0.0287335  1769.86
91531  54200.1  130  0.0287335  1557.36
91532  65310  130  0.0287335  1876.59
91533  69727  130  0.0287335  2003.5
91534  60682.2  130  0.0287335  1743.61
91535  63440.9  130  0.0287335  1822.88
91550  61146.4  131  0.0289493  1770.15
91551  69032.6  131  0.0289493  1998.45
91552  67225.5  131  0.0289493  1946.14
91554  86591.5  131  0.0289493  2506.77
91555  86022  131  0.0289493  2490.28
91556  79084.7  132  0.0291651  2306.52
91562  72983.6  132  0.0291651  2128.57
91563  68389.7  132  0.0291651  1994.59
91564  70727.6  132  0.0291651  2062.78
91565  77188.1  132  0.0291651  2251.2
91571  25362.5  132  0.0291651  739.701
91572  52331.8  132  0.0291651  1526.26
91573  55446  132  0.0291651  1617.09
91574  38845  132  0.0291651  1132.92
91575  59557.2  133  0.0293808  1749.84
91576  63815.4  133  0.0293808  1874.95
91577  18027.4  133  0.0293808  529.659
91678  318.41  155  0.0341145  10.8624
91679  8554.79  155  0.0341145  291.843
91680  27011.7  155  0.0341145  921.49
91681  24645.8  155  0.0341145  840.778
91682  27567.9  155  0.0341145  940.465
91691  22659.8  156  0.0343291  777.891
91692  72279.5  156  0.0343291  2481.29
91693  44253.8  156  0.0343291  1519.19
91694  25424.7  156  0.0343291  872.807
91734  9308.76  157  0.0345437  321.559
91735  18232.1  157  0.0345437  629.803
91736  13490.3  157  0.0345437  466.006
91737  19355.6  157  0.0345437  668.613
91739  8080.34  157  0.0345437  279.125
91740  9882.96  157  0.0345437  341.394
91741  8943.94  157  0.0345437  308.957
91743  10651.2  157  0.0345437  367.932
91742  8654.44  157  0.0345437  298.956
91744  9336.44  157  0.0345437  322.515
91745  7927.65  157  0.0345437  273.85
91747  15513.9  157  0.0345437  535.906
91748  30891.1  157  0.0345437  1067.09
91749  0  157  0.0345437  0
91750  0  157  0.0345437  0
91751  36049.3  157  0.0345437  1245.27
91789  75463.2  159  0.0349727  2639.15
91795  126935  159  0.0349727  4439.26
91805  34286.4  160  0.0351871  1206.44
91806  31203.5  160  0.0351871  1097.96
91816  37521.3  160  0.0351871  1320.27
91817  34385.9  160  0.0351871  1209.94
91818  42981  160  0.0351871  1512.38
91823  13881.8  160  0.0351871  488.459
91824  61340.2  160  0.0351871  2158.38
91825  35104.7  160  0.0351871  1235.23
91834  72967.2  161  0.0354015  2583.15
91835  73105.2  161  0.0354015  2588.03
91848  74069.1  162  0.0356158  2638.03
91849  72904.4  162  0.0356158  2596.55
91850  19383.7  162  0.0356158  690.365
91873  77820  163  0.0358301  2788.3
91874  27977  163  0.0358301  1002.42
91875  18164.9  163  0.0358301  650.851
91876  37594.7  163  0.0358301  1347.02
91877  90115.6  163  0.0358301  3228.85
91878  24994.8  163  0.0358301  895.565
91879  16127.1  163  0.0358301  577.837
91880  13913.7  163  0.0358301  498.529
91881  60675.2  163  0.0358301  2174
91892  15258  164  0.0360443  549.963
91893  41442.2  164  0.0360443  1493.76
91894  89936.9  164  0.0360443  3241.72
91917  80239  165  0.0362585  2909.35
91918  75259.4  165  0.0362585  2728.79
91919  77020.6  165  0.0362585  2792.65
91920  80146.8  165  0.0362585  2906
91921  95543.4  165  0.0362585  3464.26
91933  82274.3  166  0.0364727  3000.76
91934  84614.2  166  0.0364727  3086.11
91935  71464.4  166  0.0364727  2606.5
91936  85302  166  0.0364727  3111.19
91937  41679.3  166  0.0364727  1520.15
91948  79037.7  167  0.0366868  2899.64
91949  75495.8  167  0.0366868  2769.7
91950  69241.3  167  0.0366868  2540.24
91962  80700.9  167  0.0366868  2960.65
91963  80297.4  167  0.0366868  2945.85
91964  100925  167  0.0366868  3702.6
91965  88176.1  168  0.0369008  3253.77
91978  78706.5  169  0.0371148  2921.18
91979  75092  169  0.0371148  2787.03
91986  40537.6  169  0.0371148  1504.54
91988  82441.9  169  0.0371148  3059.81
91990  72202.8  169  0.0371148  2679.79
92005  78876.4  170  0.0373288  2944.36
92006  83942.1  170  0.0373288  3133.45
92007  106480  170  0.0373288  3974.75
92016  66139.3  171  0.0375427  2483.05
92017  75435  171  0.0375427  2832.03
92018  78587.4  171  0.0375427  2950.38
92019  49692  171  0.0375427  1865.57
