---------- H1 ----------
0.159,0.175,0.210,0.248,0.283,
0.239,0.258,0.301,0.344,0.387,
---------- D2 ----------
0.159,0.176,0.211,0.247,0.283,0.318,0.391,0.463,0.535,0.607,0.676,
0.239,0.258,0.301,0.344,0.386,0.428,0.509,0.590,0.671,0.755,0.829,
---------- He ----------
0.159,0.176,0.210,0.247,0.284,0.320,0.391,0.461,0.535,0.606,0.678,
0.238,0.259,0.301,0.345,0.385,0.429,0.513,0.594,0.673,0.751,0.829,
---------- H3 ----------
0.159,0.175,0.210,0.247,0.283,0.318,0.390,0.462,0.534,0.606,0.678,
0.238,0.259,0.300,0.343,0.386,0.428,0.512,0.591,0.673,0.755,0.828,
