x Q^2[GeV^2] y E[%] E'[%] AC[%] RC[%] RE[%] d^2_σ_meas/dxdQ^2[b*GeV^-2] F2d ∆F2_stat ∆F2_syst
0.1400 1.860 0.082 3.0 2.4 3.5 0.4 0.1 0.171E-06 0.3536   0.0201   0.0185
0.1400 2.480 0.110 2.2 1.6 2.0 0.4 0.1 0.922E-07 0.3345   0.0061   0.0113
0.1400 3.480 0.142 1.6 1.0 0.7 0.3 0.1 0.450E-07 0.3337   0.0051   0.0070
0.1400 4.460 0.173 1.4 0.7 0.3 0.3 0.1 0.265E-07 0.3236   0.0050   0.0051
0.1400 5.470 0.202 1.2 0.5 0.5 0.3 0.1 0.171E-07 0.3301   0.0059   0.0046
0.1400 6.830 0.218 1.0 0.4 0.8 0.2 0.2 0.107E-07 0.3245   0.0051   0.0044
0.1400 8.930 0.221 0.9 0.3 1.0 0.2 0.4 0.617E-08 0.3368   0.0081   0.0050
0.1400 11.370 0.220 0.3 0.2 1.2 0.3 0.7 0.383E-08 0.3224   0.0065   0.0046
0.1400 14.940 0.235 0.2 0.2 1.3 0.2 0.7 0.222E-08 0.3269   0.0051   0.0049
0.1400 19.770 0.290 0.2 0.1 1.4 0.2 0.7 0.122E-08 0.3236   0.0038   0.0050
0.1400 26.540 0.374 0.2 0.1 1.4 0.4 0.8 0.636E-09 0.3247   0.0039   0.0055
0.1400 35.200 0.488 0.2 0.5 1.4 0.8 1.0 0.332E-09 0.3335   0.0065   0.0068
0.1800 2.670 0.092 2.5 1.8 1.7 0.4 0.1 0.609E-07 0.3313   0.0092   0.0117
0.1800 3.480 0.114 1.9 1.2 1.1 0.3 0.1 0.341E-07 0.3099   0.0061   0.0079
0.1800 4.470 0.136 1.6 0.9 0.6 0.3 0.1 0.199E-07 0.3143   0.0061   0.0060
0.1800 5.470 0.159 1.3 0.6 0.4 0.3 0.1 0.129E-07 0.3030   0.0064   0.0047
0.1800 6.860 0.178 1.1 0.4 0.5 0.3 0.2 0.792E-08 0.3057   0.0056   0.0042
0.1800 8.880 0.181 1.0 0.3 0.8 0.2 0.3 0.461E-08 0.2991   0.0083   0.0040
0.1800 11.310 0.197 0.9 0.2 1.0 0.2 0.5 0.282E-08 0.3016   0.0077   0.0045
0.1800 14.970 0.184 0.2 0.3 1.3 0.2 0.6 0.163E-08 0.3020   0.0060   0.0045
0.1800 19.840 0.229 0.2 0.1 1.5 0.2 0.6 0.891E-09 0.2933   0.0043   0.0049
0.1800 26.650 0.294 0.2 0.0 1.7 0.2 0.7 0.468E-09 0.2957   0.0042   0.0056
0.1800 35.130 0.378 0.2 0.6 1.9 0.4 0.8 0.252E-09 0.2950   0.0052   0.0065
0.1800 45.710 0.489 0.2 0.5 2.1 0.8 1.0 0.136E-09 0.3133   0.0096   0.0079
0.2250 2.900 0.079 2.5 1.8 0.9 0.3 0.1 0.397E-07 0.2961   0.0263   0.0096
0.2250 3.510 0.097 2.0 1.3 0.8 0.3 0.1 0.256E-07 0.2950   0.0071   0.0075
0.2250 4.490 0.113 1.6 0.9 0.7 0.3 0.1 0.150E-07 0.2824   0.0061   0.0057
0.2250 5.460 0.129 1.4 0.6 0.6 0.3 0.1 0.974E-08 0.2868   0.0066   0.0048
0.2250 6.870 0.155 1.2 0.4 0.6 0.3 0.1 0.591E-08 0.2807   0.0056   0.0039
0.2250 8.850 0.159 1.0 0.3 0.6 0.2 0.2 0.345E-08 0.2785   0.0074   0.0035
0.2250 11.350 0.162 0.9 0.2 0.7 0.2 0.5 0.206E-08 0.2837   0.0076   0.0037
0.2250 15.020 0.150 0.3 0.2 1.0 0.3 0.6 0.118E-08 0.2564   0.0056   0.0032
0.2250 19.860 0.185 0.3 0.1 1.3 0.2 0.6 0.652E-09 0.2641   0.0041   0.0039
0.2250 26.710 0.238 0.3 0.1 1.7 0.2 0.6 0.342E-09 0.2631   0.0040   0.0047
0.2250 35.280 0.305 0.3 0.6 2.0 0.3 0.6 0.185E-09 0.2547   0.0045   0.0057
0.2250 46.550 0.401 0.3 0.5 2.4 0.5 0.8 0.978E-10 0.2554   0.0073   0.0069
0.2750 3.750 0.085 1.9 1.1 1.7 0.3 0.1 0.171E-07 0.2679   0.0117   0.0074
0.2750 4.470 0.101 1.5 0.7 1.3 0.3 0.1 0.113E-07 0.2695   0.0079   0.0058
0.2750 5.470 0.109 1.3 0.5 1.0 0.3 0.1 0.727E-08 0.2602   0.0074   0.0045
0.2750 6.890 0.129 1.1 0.3 0.7 0.3 0.1 0.437E-08 0.2489   0.0059   0.0034
0.2750 8.810 0.156 0.9 0.1 0.6 0.2 0.1 0.254E-08 0.2470   0.0083   0.0028
0.2750 11.420 0.138 0.8 0.0 0.7 0.2 0.4 0.148E-08 0.2370   0.0078   0.0028
0.2750 14.860 0.145 0.8 0.0 0.8 0.2 0.5 0.852E-09 0.2400   0.0076   0.0030
0.2750 19.860 0.153 0.3 0.1 0.9 0.2 0.6 0.469E-09 0.2301   0.0044   0.0027
0.2750 26.720 0.195 0.3 0.3 1.2 0.2 0.6 0.247E-09 0.2239   0.0040   0.0032
0.2750 35.340 0.253 0.3 0.4 1.8 0.2 0.6 0.133E-09 0.2268   0.0046   0.0044
0.2750 46.960 0.332 0.3 0.5 2.4 0.4 0.7 0.701E-10 0.2299   0.0069   0.0059
0.2750 59.800 0.417 0.4 0.5 2.9 0.6 1.3 0.401E-10 0.1675   0.0179   0.0056
0.3500 4.610 0.082 1.0 0.1 4.4 0.3 0.1 0.728E-08 0.2127 0.0081 0.0095
0.3500 5.450 0.097 0.8 0.2 3.3 0.2 0.1 0.484E-08 0.2217 0.0069 0.0076
0.3500 6.960 0.106 0.6 0.4 2.1 0.2 0.1 0.279E-08 0.2160 0.0049 0.0047
0.3500 8.810 0.125 0.5 0.5 1.2 0.2 0.1 0.164E-08 0.2016 0.0057 0.0028
0.3500 11.320 0.150 0.4 0.5 0.7 0.2 0.2 0.937E-09 0.1831 0.0073 0.0019
0.3500 14.810 0.126 0.3 0.6 0.9 0.2 0.6 0.534E-09 0.1680 0.0052 0.0021
0.3500 20.200 0.129 0.3 0.6 1.2 0.2 0.6 0.278E-09 0.1782 0.0038 0.0027
0.3500 26.640 0.155 0.4 0.6 1.4 0.2 0.6 0.153E-09 0.1677 0.0028 0.0028
0.3500 35.420 0.201 0.4 0.6 1.5 0.1 0.5 0.821E-10 0.1698 0.0030 0.0030
0.3500 46.630 0.259 0.4 0.5 1.6 0.2 0.5 0.445E-10 0.1633 0.0038 0.0031
0.3500 61.200 0.337 0.5 0.5 2.6 0.4 1.2 0.239E-10 0.1556 0.0103 0.0046
0.5000 5.720 0.071 2.2 3.3 9.4 0.2 0.1 0.191E-08 0.1148 0.0100 0.0117
0.5000 6.920 0.086 1.9 3.1 7.0 0.2 0.1 0.118E-08 0.1263 0.0047 0.0100
0.5000 8.880 0.093 1.8 3.0 4.4 0.2 0.1 0.641E-09 0.1053 0.0039 0.0060
0.5000 11.270 0.105 1.9 3.0 2.5 0.2 0.2 0.362E-09 0.1027 0.0044 0.0045
0.5000 14.370 0.133 1.4 2.6 1.5 0.1 0.2 0.206E-09 0.1085 0.0061 0.0036
0.5000 20.030 0.110 2.1 3.3 2.0 0.2 0.7 0.999E-10 0.0876 0.0035 0.0039
0.5000 27.190 0.116 0.9 0.7 2.8 0.1 0.6 0.509E-10 0.0848 0.0020 0.0026
0.5000 35.480 0.143 0.8 0.6 3.3 0.1 0.5 0.282E-10 0.0823 0.0016 0.0029
0.5000 46.620 0.183 0.8 0.6 3.6 0.1 0.5 0.153E-10 0.0805 0.0020 0.0030
0.5000 62.310 0.243 0.8 0.5 3.7 0.2 1.1 0.790E-11 0.0723 0.0047 0.0029
