1213  1  20.2 
1222  1  20.4
1240  1  20.5
1241  1  20.1
1263  1  20.5  
1264  1  20.2  
1286  1  20.2  
1287  1  20.5  
1300  1  20.2
1301  1  20.7  
2581  1  22.4
2582  1  22.1  
2583  1  22.4
2599  2  22.1  9.4
2600  1  21.8  
2601  1  21.9  
2602  2  22.1  9.0
1214  3  20.2  4.7  3.1 
1223  1  20.3  
1242  1  20.4  
1243  1  20.3 
1265  1  20.0  
1266  1  20.3  
1288  1  20.8  
1289  1  20.3  
1313  1  20.6  
1322  1  20.3  
1323  1  20.2  
1326  2  15.1  10.2  
1327  2  15.3  10.3  
1328  1  10.0  
2579  1  22.0  
2580  1  22.1  
2593  1  22.3  
2598  1  22.0  
