run No.    Charge     decay_time     fHi      Q*fHi
2500  9158.59  157  0.0345437  316.371
2501  17963.9  157  0.0345437  620.54
2502  13074.5  157  0.0345437  451.641
2503  19174.5  157  0.0345437  662.356
2505  8120.79  157  0.0345437  280.522
2506  9948.42  157  0.0345437  343.655
2507  8929.72  157  0.0345437  308.465
2508  8581.82  157  0.0345437  296.448
2509  10724.3  157  0.0345437  370.457
2510  9276.68  157  0.0345437  320.451
2511  7873.62  157  0.0345437  271.984
2513  14559.1  157  0.0345437  502.924
2514  14754.8  157  0.0345437  509.686
2516  9535.33  157  0.0345437  329.386
2519  16484.7  157  0.0345437  569.441
2520  15944.4  157  0.0345437  550.778
2521  16877.4  157  0.0345437  583.006
2522  13787.9  157  0.0345437  476.286
1215  32089.5  83  0.018536  594.812
1216  32705.7  83  0.018536  606.234
1224  35360.6  83  0.018536  655.445
1225  36749.2  83  0.018536  681.185
1245  14452.2  84  0.0187541  271.039
1246  31992.7  84  0.0187541  599.995
1247  28646.3  84  0.0187541  537.237
1248  31163.1  84  0.0187541  584.436
1267  24364.3  84  0.0187541  456.931
1268  17393.8  84  0.0187541  326.205
1271  7144.94  84  0.0187541  133.997
1272  24105.4  84  0.0187541  452.075
1273  24083  84  0.0187541  451.656
1290  30246.8  85  0.0189721  573.846
1291  25579  85  0.0189721  485.288
1292  34399.4  85  0.0189721  652.63
1293  19189.4  85  0.0189721  364.065
1294  22247.9  85  0.0189721  422.09
1329  18082.7  86  0.0191901  347.009
1331  12226.2  86  0.0191901  234.622
1333  15116.6  86  0.0191901  290.089
1334  14869  86  0.0191901  285.338
1335  15072.4  86  0.0191901  289.242
1336  16331  86  0.0191901  313.394
1337  14913.6  86  0.0191901  286.194
1338  17922.2  86  0.0191901  343.929
1339  2917.24  86  0.0191901  55.9823
2577  36324.7  159  0.0349727  1270.37
2578  38532.5  159  0.0349727  1347.58
2590  41230.6  159  0.0349727  1441.95
2591  40964  159  0.0349727  1432.62
2592  42165.2  159  0.0349727  1474.63
2605  34033.1  160  0.0351871  1197.53
1348  71456.5  86  0.0191901  1371.26
1354  36277.1  86  0.0191901  696.163
1355  33258.6  86  0.0191901  638.236
1358  38818.6  87  0.0194081  753.393
1359  43039.4  87  0.0194081  835.311
1369  47487.2  87  0.0194081  921.634
1370  40580  87  0.0194081  787.578
1377  41339.5  87  0.0194081  802.32
1378  41347.2  87  0.0194081  802.469
1379  26818.2  87  0.0194081  520.488
1389  39002.9  87  0.0194081  756.97
1390  38279.9  87  0.0194081  742.938
2616  37684.2  160  0.0351871  1326
2617  34304.8  160  0.0351871  1207.09
2618  43110.8  160  0.0351871  1516.94
2626  13903.7  160  0.0351871  489.232
2627  38605.2  160  0.0351871  1358.41
2628  20990.2  160  0.0351871  738.583
2629  35181.9  160  0.0351871  1237.95
1403  47439.1  88  0.0196259  931.037
1404  43225.8  88  0.0196259  848.347
1413  32800.2  88  0.0196259  643.735
1414  30079  88  0.0196259  590.33
1415  8313.08  88  0.0196259  163.152
1416  39245.9  88  0.0196259  770.238
1417  7021.22  88  0.0196259  137.798
1434  40446.2  89  0.0198438  802.606
1435  37507.6  89  0.0198438  744.293
1436  44844.5  89  0.0198438  889.885
1437  41072.4  89  0.0198438  815.033
1438  41690.9  89  0.0198438  827.305
1456  32502.9  89  0.0198438  644.98
1457  34097  89  0.0198438  676.614
1458  37081.5  89  0.0198438  735.837
1459  34654  89  0.0198438  687.666
1465  37541.4  90  0.0200616  753.14
1466  48435.5  90  0.0200616  971.693
2639  73108.4  161  0.0354015  2588.15
2640  73044.6  161  0.0354015  2585.89
2654  74639.7  162  0.0356158  2658.35
2655  75042.6  162  0.0356158  2672.7
2656  19841.8  162  0.0356158  706.682
1488  25003.5  90  0.0200616  501.61
1489  50845.2  90  0.0200616  1020.04
1490  41096  90  0.0200616  824.451
1491  43392.3  90  0.0200616  870.517
1492  40356.2  90  0.0200616  809.608
1540  25520.2  93  0.0207146  528.641
1541  22976.5  93  0.0207146  475.951
1542  11630.3  93  0.0207146  240.917
1543  26705.3  93  0.0207146  553.191
1545  31529.5  93  0.0207146  653.122
1546  37704.8  93  0.0207146  781.041
1547  42725.2  93  0.0207146  885.037
1562  39107.1  95  0.0211498  827.107
1563  37809.1  95  0.0211498  799.655
1564  37511.7  95  0.0211498  793.365
1565  39989.2  95  0.0211498  845.763
1566  40289.9  95  0.0211498  852.123
1585  40622.1  95  0.0211498  859.149
1586  42725.5  95  0.0211498  903.634
1589  42271  95  0.0211498  894.022
1590  46840.3  95  0.0211498  990.662
1591  44900.8  95  0.0211498  949.641
1592  38626.5  95  0.0211498  816.943
1593  36706.9  96  0.0213673  784.327
1607  41155  96  0.0213673  879.371
1608  41643.6  96  0.0213673  889.811
1609  42831.1  96  0.0213673  915.184
1610  42219.5  96  0.0213673  902.116
1611  43481.7  96  0.0213673  929.087
1612  48759.9  96  0.0213673  1041.87
2677  77754.6  163  0.0358301  2785.96
2678  28746.6  163  0.0358301  1029.99
2679  18839  163  0.0358301  675.005
2680  38219.4  163  0.0358301  1369.4
2681  90324.6  163  0.0358301  3236.34
2682  25213.6  163  0.0358301  903.406
2683  16127.1  163  0.0358301  577.835
2684  15207.8  163  0.0358301  544.897
2685  59295.7  163  0.0358301  2124.57
2696  15360.8  164  0.0360443  553.67
2697  41180.9  164  0.0360443  1484.34
2698  88483.4  164  0.0360443  3189.33
1634  65670.7  97  0.0215847  1417.48
1635  58516.8  97  0.0215847  1263.07
1636  54840.7  97  0.0215847  1183.72
1637  56616.6  97  0.0215847  1222.05
1638  3849.7  97  0.0215847  83.0948
1652  69069.3  97  0.0215847  1490.84
1653  29380.7  97  0.0215847  634.174
1654  53983.4  98  0.0218021  1176.95
1655  63108.6  98  0.0218021  1375.9
1665  43947.7  98  0.0218021  958.154
1666  72577.7  98  0.0218021  1582.35
1667  67167.4  98  0.0218021  1464.39
1668  69788.4  99  0.0220195  1536.7
1669  9385.86  99  0.0220195  206.672
1670  2231.31  99  0.0220195  49.1324
1685  59721.9  99  0.0220195  1315.05
1686  60577.4  99  0.0220195  1333.88
1687  43123.1  99  0.0220195  949.548
1688  54691.3  99  0.0220195  1204.27
1696  40242.5  100  0.0222368  894.864
1698  79514.8  100  0.0222368  1768.15
1699  67465.9  100  0.0222368  1500.23
1700  27461.9  100  0.0222368  610.666
1702  35988.5  100  0.0222368  800.269
1713  59574.9  101  0.0224541  1337.7
1714  70230.6  101  0.0224541  1576.96
1715  66383.7  101  0.0224541  1490.58
1716  60272.9  101  0.0224541  1353.37
1733  69989.8  101  0.0224541  1571.56
1734  67745.2  101  0.0224541  1521.16
1735  67593.5  102  0.0226713  1532.43
1736  53518.4  102  0.0226713  1213.33
1748  57550.5  102  0.0226713  1304.74
1749  46207.8  102  0.0226713  1047.59
1750  33932.9  102  0.0226713  769.301
1751  63970  102  0.0226713  1450.28
1752  58655.3  102  0.0226713  1329.79
1759  68492.3  103  0.0228884  1567.68
1760  72326.8  103  0.0228884  1655.45
1761  46858.9  103  0.0228884  1072.53
1762  49661.9  103  0.0228884  1136.68
1779  74733.4  104  0.0231055  1726.75
1781  81812.9  104  0.0231055  1890.33
1783  78515.6  104  0.0231055  1814.15
1800  64223.5  104  0.0231055  1483.92
1801  13499.9  104  0.0231055  311.923
1804  15627  105  0.0233226  364.463
1807  37269.8  105  0.0233226  869.229
1808  2238.09  105  0.0233226  52.1981
1809  7842.98  105  0.0233226  182.919
1810  63109.3  105  0.0233226  1471.87
1811  41266.9  105  0.0233226  962.451
2719  80238.8  165  0.0362585  2909.34
2720  75323.2  165  0.0362585  2731.11
2721  77229.5  165  0.0362585  2800.23
2722  80733.9  165  0.0362585  2927.29
2723  95693.4  165  0.0362585  3469.7
2735  82958.4  166  0.0364727  3025.71
2736  84328.1  166  0.0364727  3075.67
2737  70697  166  0.0364727  2578.51
2738  83755.6  166  0.0364727  3054.79
2739  41932.7  166  0.0364727  1529.4
1858  80388.7  106  0.0235396  1892.32
1859  80495.9  106  0.0235396  1894.84
1860  77702.3  107  0.0237566  1845.94
1861  79814.3  107  0.0237566  1896.11
1877  10135.5  107  0.0237566  240.786
1878  3468.02  107  0.0237566  82.3884
1879  68902.3  107  0.0237566  1636.88
1880  75582.6  107  0.0237566  1795.58
1881  78087  107  0.0237566  1855.08
1882  74271.4  108  0.0239735  1780.54
1918  31057.6  112  0.0248407  771.491
1919  61601.4  112  0.0248407  1530.22
1920  63511.4  112  0.0248407  1577.67
1921  63290.6  112  0.0248407  1572.18
1922  73461.3  113  0.0250574  1840.75
1932  75074.9  113  0.0250574  1881.18
1933  71533.8  113  0.0250574  1792.45
1934  54406.3  113  0.0250574  1363.28
1935  60073.5  113  0.0250574  1505.28
1945  41391.8  114  0.025274  1046.14
1946  59605.8  114  0.025274  1506.48
1947  60157.9  114  0.025274  1520.43
1948  68980  114  0.025274  1743.4
1963  48024.6  115  0.0254906  1224.17
1964  59938.4  115  0.0254906  1527.86
1965  58490.2  115  0.0254906  1490.95
1966  58065  115  0.0254906  1480.11
1967  26546.8  115  0.0254906  676.694
1974  14335.1  116  0.0257071  368.514
1975  22016.5  116  0.0257071  565.98
1976  15076.2  116  0.0257071  387.565
1988  75232.8  117  0.0259236  1950.3
1989  64366.7  117  0.0259236  1668.62
1990  67598.3  117  0.0259236  1752.39
1991  69483.3  117  0.0259236  1801.26
2001  54449.6  117  0.0259236  1411.53
2002  49640.9  117  0.0259236  1286.87
2003  38123.6  117  0.0259236  988.3
2004  65011.4  117  0.0259236  1685.33
2016  62778.1  118  0.02614  1641.02
2017  67668.2  118  0.02614  1768.85
2018  68155.8  118  0.02614  1781.59
2019  64414.3  118  0.02614  1683.79
2020  70608  118  0.02614  1845.7
2047  44241.3  119  0.0263564  1166.04
2048  68279.7  119  0.0263564  1799.61
2049  61041.8  120  0.0265728  1622.05
2050  64167.6  120  0.0265728  1705.11
2051  42030.7  120  0.0265728  1116.87
2062  71548.6  120  0.0265728  1901.24
2063  60550.7  121  0.0267891  1622.1
2064  60848.3  121  0.0267891  1630.07
2065  40993.6  121  0.0267891  1098.18
2066  22174  121  0.0267891  594.02
2074  42876.2  121  0.0267891  1148.61
2075  62748.4  121  0.0267891  1680.97
2076  61273.1  121  0.0267891  1641.45
2077  59186.5  121  0.0267891  1585.55
2088  66530.1  122  0.0270053  1796.67
2089  27871.9  122  0.0270053  752.69
2090  46377.7  122  0.0270053  1252.44
2091  63592.7  122  0.0270053  1717.34
2092  65158.1  122  0.0270053  1759.62
2102  69150.2  123  0.0272215  1882.37
2103  94883  123  0.0272215  2582.86
2104  69612.9  123  0.0272215  1894.97
2106  77582.1  123  0.0272215  2111.9
2121  71678.5  124  0.0274377  1966.69
2122  21192.3  124  0.0274377  581.467
2123  55504.3  124  0.0274377  1522.91
2124  73192.6  124  0.0274377  2008.23
2125  63336.8  124  0.0274377  1737.81
2126  74421.9  124  0.0274377  2041.96
2134  65450  124  0.0274377  1795.8
2135  71415.8  124  0.0274377  1959.48
2136  66269.3  124  0.0274377  1818.27
2137  63431.1  124  0.0274377  1740.4
2146  70285.4  125  0.0276538  1943.66
2147  64071.2  125  0.0276538  1771.81
2148  55908  125  0.0276538  1546.07
2149  76525.8  125  0.0276538  2116.23
2157  59822.1  125  0.0276538  1654.31
2158  60653.5  125  0.0276538  1677.3
2159  47241.9  125  0.0276538  1306.42
2160  67886.8  125  0.0276538  1877.32
2174  68100.1  126  0.0278698  1897.94
2175  73506.8  126  0.0278698  2048.62
2176  60981.3  126  0.0278698  1699.54
2177  80565.7  126  0.0278698  2245.35
2187  66828.3  127  0.0280858  1876.93
2188  58934.4  127  0.0280858  1655.22
2189  75282.9  127  0.0280858  2114.38
2190  66419.4  127  0.0280858  1865.44
2199  63537.9  128  0.0283018  1798.24
2200  71457.2  128  0.0283018  2022.37
2201  65999.9  128  0.0283018  1867.91
2202  64836.8  128  0.0283018  1835
2203  82477.5  128  0.0283018  2334.26
2211  73853.2  128  0.0283018  2090.17
2212  22236.6  128  0.0283018  629.334
2213  56416.7  128  0.0283018  1596.69
2214  75781.7  128  0.0283018  2144.76
2215  67491.6  129  0.0285177  1924.7
2226  74196.5  129  0.0285177  2115.91
2227  67491.6  129  0.0285177  1924.7
2228  69559.2  129  0.0285177  1983.67
2229  60834.4  129  0.0285177  1734.85
2238  61637.7  130  0.0287335  1771.07
2242  54867.4  130  0.0287335  1576.54
2243  65307.5  130  0.0287335  1876.52
2244  69730.7  130  0.0287335  2003.61
2245  60643.3  130  0.0287335  1742.5
2246  63547.1  130  0.0287335  1825.93
2261  61127.7  131  0.0289493  1769.61
2262  69086.1  131  0.0289493  2000
2263  67320.3  131  0.0289493  1948.88
2265  86686.8  131  0.0289493  2509.53
2266  86045.9  131  0.0289493  2490.97
2267  79277.8  132  0.0291651  2312.15
2273  72538.1  132  0.0291651  2115.58
2274  67986.3  132  0.0291651  1982.83
2275  71164.3  132  0.0291651  2075.51
2276  76807.8  132  0.0291651  2240.11
2282  25529.5  132  0.0291651  744.569
2283  52370.1  132  0.0291651  1527.38
2284  55416.4  132  0.0291651  1616.22
2285  38903.3  132  0.0291651  1134.62
2286  59538.1  133  0.0293808  1749.28
2287  63769  133  0.0293808  1873.59
2288  18027  133  0.0293808  529.649
2750  79203.8  167  0.0366868  2905.73
2751  75362.5  167  0.0366868  2764.81
2752  69365.7  167  0.0366868  2544.8
2764  80645.4  167  0.0366868  2958.62
2765  80294.8  167  0.0366868  2945.75
2766  101152  167  0.0366868  3710.93
2767  88291.3  168  0.0369008  3258.02
2781  78605.5  169  0.0371148  2917.43
2782  75144.5  169  0.0371148  2788.97
2811  78811.6  170  0.0373288  2941.94
2812  83925.5  170  0.0373288  3132.83
2813  106437  170  0.0373288  3973.17
2822  66053.5  171  0.0375427  2479.83
2823  75196.3  171  0.0375427  2823.07
2824  78531.1  171  0.0375427  2948.27
2825  49633.9  171  0.0375427  1863.39
