1213  5  20.2  17.4  22.4  29.0  36.1  
1222  4  20.4  14.1  24.1  27.2  
1240  3  20.5  8.0  18.3  
1241  5  20.1  17.4  22.5  18.4  9.5  
1263  3  20.5  17.0  18.4  
1264  1  20.2  
1286  1  20.2  
1287  1  20.5  
1300  2  20.2  14.2  
1301  1  20.7  
2581  2  22.4  3.9  
2582  1  22.1  
2583  2  22.4  3.6  
2599  6  11.2  22.1  4.0  9.4  13.7  16.2  
2600  1  21.8  
2601  1  21.9  
2602  2  22.1  6.0  
1214  5  20.2  18.1  28.8  22.6  4.7  
1223  6  20.3  15.3  18.8  29.3  14.1  89.8  
1242  3  20.4  14.4  6.7  
1243  2  20.3  17.4  
1265  4  20.0  22.6  18.4  21.1  
1266  3  20.3  24.7  22.7  
1288  1  20.8  
1289  3  5.7  20.3  22.8  
1313  1  20.6  
1322  1  20.3  
1323  1  20.2  
1326  3  19.2  15.1  10.2  
1327  5  17.0  19.5  5.6  10.3  3.2  
1328  1  10.0  
2579  1  22.0  
2580  2  22.1  4.0  
2593  3  22.3  3.9  6.0  
2598  2  22.0  3.2  
1213  5  20.2  17.4  22.4  29.0  36.1  
1222  4  20.4  14.1  24.1  27.2  
1240  3  20.5  8.0  18.3  
1241  5  20.1  17.4  22.5  18.4  9.5  
1263  3  20.5  17.0  18.4  
1264  1  20.2  
1286  1  20.2  
1287  1  20.5  
1300  2  20.2  14.2  
1301  1  20.7  
2581  2  22.4  3.9  
2582  1  22.1  
2583  2  22.4  3.6  
2599  6  11.2  22.1  4.0  9.4  13.7  16.2  
2600  1  21.8  
2601  1  21.9  
2602  2  22.1  6.0  
1214  5  20.2  18.1  28.8  22.6  4.7  
1223  6  20.3  15.3  18.8  29.3  14.1  89.8  
1242  3  20.4  14.4  6.7  
1243  2  20.3  17.4  
1265  4  20.0  22.6  18.4  21.1  
1266  3  20.3  24.7  22.7  
1288  1  20.8  
1289  3  5.7  20.3  22.8  
1313  1  20.6  
1322  1  20.3  
1323  1  20.2  
1326  3  19.2  15.1  10.2  
1327  5  17.0  19.5  5.6  10.3  3.2  
1328  1  10.0  
2579  1  22.0  
2580  2  22.1  4.0  
2593  3  22.3  3.9  6.0  
2598  2  22.0  3.2  
1213  5  20.2  17.4  22.4  29.0  36.1  
1222  4  20.4  14.1  24.1  27.2  
1240  3  20.5  8.0  18.3  
1241  5  20.1  17.4  22.5  18.4  9.5  
1263  3  20.5  17.0  18.4  
1264  1  20.2  
1286  1  20.2  
1287  1  20.5  
1300  2  20.2  14.2  
1301  1  20.7  
2581  2  22.4  3.9  
2582  1  22.1  
2583  2  22.4  3.6  
2599  6  11.2  22.1  4.0  9.4  13.7  16.2  
2600  1  21.8  
2601  1  21.9  
2602  2  22.1  6.0  
1214  5  20.2  18.1  28.8  22.6  4.7  
1223  6  20.3  15.3  18.8  29.3  14.1  89.8  
1242  3  20.4  14.4  6.7  
1243  2  20.3  17.4  
1265  4  20.0  22.6  18.4  21.1  
1266  3  20.3  24.7  22.7  
1288  1  20.8  
1289  3  5.7  20.3  22.8  
1313  1  20.6  
1322  1  20.3  
1323  1  20.2  
1326  3  19.2  15.1  10.2  
1327  5  17.0  19.5  5.6  10.3  3.2  
1328  1  10.0  
2579  1  22.0  
2580  2  22.1  4.0  
2593  3  22.3  3.9  6.0  
2598  2  22.0  3.2  
1213  5  20.2  17.4  22.4  29.0  36.1  
1222  4  20.4  14.1  24.1  27.2  
1213  5  20.2  17.4  22.4  29.0  36.1  
1222  4  20.4  14.1  24.1  27.2  
1213  5  20.2  17.4  22.4  29.0  36.1  
1222  4  20.4  14.1  24.1  27.2  
1240  3  20.5  8.0  18.3  
1241  5  20.1  17.4  22.5  18.4  9.5  
1263  3  20.5  17.0  18.4  
1264  1  20.2  
1286  1  20.2  
1287  1  20.5  
1300  2  20.2  14.2  
1301  1  20.7  
2581  2  22.4  3.9  
2582  1  22.1  
2583  2  22.4  3.6  
2599  6  11.2  22.1  4.0  9.4  13.7  16.2  
2600  1  21.8  
2601  1  21.9  
2602  2  22.1  6.0  
1214  5  20.2  18.1  28.8  22.6  4.7  
1223  6  20.3  15.3  18.8  29.3  14.1  89.8  
1242  3  20.4  14.4  6.7  
1243  2  20.3  17.4  
1265  4  20.0  22.6  18.4  21.1  
1266  3  20.3  24.7  22.7  
1288  1  20.8  
1289  3  5.7  20.3  22.8  
1313  1  20.6  
1322  1  20.3  
1323  1  20.2  
1326  3  19.2  15.1  10.2  
1327  5  17.0  19.5  5.6  10.3  3.2  
1328  1  10.0  
2579  1  22.0  
2580  2  22.1  4.0  
2593  3  22.3  3.9  6.0  
2598  2  22.0  3.2  
2581  2  22.4  3.9  
2582  1  22.1  
2583  2  22.4  3.6  
2599  6  11.2  22.1  4.0  9.4  13.7  16.2  
2600  1  21.8  
2601  1  21.9  
2602  2  22.1  6.0  
