1213  5  20.2  17.4  22.4  29.0  36.1  
1222  4  20.4  14.1  24.1  27.2  
1240  3  20.5  8.0  18.3  
1241  5  20.1  17.4  22.5  18.4  9.5  
1263  3  20.5  17.0  18.4  
1264  1  20.2  
1286  1  20.2  
1287  1  20.5  
1300  2  20.2  14.2  
1301  1  20.7  
2581  2  22.4  3.9  
2582  1  22.1  
2583  2  22.4  3.6  
2599  6  11.2  22.1  4.0  9.4  13.7  16.2  
2600  1  21.8  
2601  1  21.9  
2602  2  22.1  6.0  
1214  5  20.2  18.1  28.8  22.6  4.7  
1223  6  20.3  15.3  18.8  29.3  14.1  89.8  
1242  3  20.4  14.4  6.7  
1243  2  20.3  17.4  
1265  4  20.0  22.6  18.4  21.1  
1266  3  20.3  24.7  22.7  
1288  1  20.8  
1289  3  5.7  20.3  22.8  
1313  1  20.6  
1322  1  20.3  
1323  1  20.2  
1326  3  19.2  15.1  10.2  
1327  5  17.0  19.5  5.6  10.3  3.2  
1328  1  10.0  
2579  1  22.0  
2580  2  22.1  4.0  
2593  3  22.3  3.9  6.0  
2598  2  22.0  3.2  
1213  5  20.2  17.4  22.4  29.0  36.1  
1222  4  20.4  14.1  24.1  27.2  
1240  3  20.5  8.0  18.3  
1241  5  20.1  17.4  22.5  18.4  9.5  
1263  3  20.5  17.0  18.4  
1264  1  20.2  
1286  1  20.2  
1287  1  20.5  
1300  2  20.2  14.2  
1301  1  20.7  
2581  2  22.4  3.9  
2582  1  22.1  
2583  2  22.4  3.6  
2599  6  11.2  22.1  4.0  9.4  13.7  16.2  
2600  1  21.8  
2601  1  21.9  
2602  2  22.1  6.0  
1214  5  20.2  18.1  28.8  22.6  4.7  
1223  6  20.3  15.3  18.8  29.3  14.1  89.8  
1242  3  20.4  14.4  6.7  
1243  2  20.3  17.4  
1265  4  20.0  22.6  18.4  21.1  
1266  3  20.3  24.7  22.7  
1288  1  20.8  
1289  3  5.7  20.3  22.8  
1313  1  20.6  
1322  1  20.3  
1323  1  20.2  
1326  3  19.2  15.1  10.2  
1327  5  17.0  19.5  5.6  10.3  3.2  
1328  1  10.0  
2579  1  22.0  
2580  2  22.1  4.0  
2593  3  22.3  3.9  6.0  
2598  2  22.0  3.2  
1213  5  20.2  17.4  22.4  29.0  36.1  
1222  4  20.4  14.1  24.1  27.2  
1240  3  20.5  8.0  18.3  
1241  5  20.1  17.4  22.5  18.4  9.5  
1263  3  20.5  17.0  18.4  
1264  1  20.2  
1286  1  20.2  
1287  1  20.5  
1300  2  20.2  14.2  
1301  1  20.7  
2581  2  22.4  3.9  
2582  1  22.1  
2583  2  22.4  3.6  
2599  6  11.2  22.1  4.0  9.4  13.7  16.2  
2600  1  21.8  
2601  1  21.9  
2602  2  22.1  6.0  
1214  5  20.2  18.1  28.8  22.6  4.7  
1223  6  20.3  15.3  18.8  29.3  14.1  89.8  
1242  3  20.4  14.4  6.7  
1243  2  20.3  17.4  
1265  4  20.0  22.6  18.4  21.1  
1266  3  20.3  24.7  22.7  
1288  1  20.8  
1289  3  5.7  20.3  22.8  
1313  1  20.6  
1322  1  20.3  
1323  1  20.2  
1326  3  19.2  15.1  10.2  
1327  5  17.0  19.5  5.6  10.3  3.2  
1328  1  10.0  
2579  1  22.0  
2580  2  22.1  4.0  
2593  3  22.3  3.9  6.0  
2598  2  22.0  3.2  
1213  5  20.2  17.4  22.4  29.0  36.1  
1222  4  20.4  14.1  24.1  27.2  
1213  5  20.2  17.4  22.4  29.0  36.1  
1222  4  20.4  14.1  24.1  27.2  
1213  5  20.2  17.4  22.4  29.0  36.1  
1222  4  20.4  14.1  24.1  27.2  
1240  3  20.5  8.0  18.3  
1241  5  20.1  17.4  22.5  18.4  9.5  
1263  3  20.5  17.0  18.4  
1264  1  20.2  
1286  1  20.2  
1287  1  20.5  
1300  2  20.2  14.2  
1301  1  20.7  
2581  2  22.4  3.9  
2582  1  22.1  
2583  2  22.4  3.6  
2599  6  11.2  22.1  4.0  9.4  13.7  16.2  
2600  1  21.8  
2601  1  21.9  
2602  2  22.1  6.0  
1214  5  20.2  18.1  28.8  22.6  4.7  
1223  6  20.3  15.3  18.8  29.3  14.1  89.8  
1242  3  20.4  14.4  6.7  
1243  2  20.3  17.4  
1265  4  20.0  22.6  18.4  21.1  
1266  3  20.3  24.7  22.7  
1288  1  20.8  
1289  3  5.7  20.3  22.8  
1313  1  20.6  
1322  1  20.3  
1323  1  20.2  
1326  3  19.2  15.1  10.2  
1327  5  17.0  19.5  5.6  10.3  3.2  
1328  1  10.0  
2579  1  22.0  
2580  2  22.1  4.0  
2593  3  22.3  3.9  6.0  
2598  2  22.0  3.2  
2581  2  22.4  3.9  
2582  1  22.1  
2583  2  22.4  3.6  
2599  6  11.2  22.1  4.0  9.4  13.7  16.2  
2600  1  21.8  
2601  1  21.9  
2602  2  22.1  6.0  
1350  1  22.9  
1351  2  23.0  3.6  
1350  1  22.9  
1351  2  23.0  3.6  
1371  2  22.9  3.7  
1372  2  22.8  20.0  
1381  2  22.0  17.5  
1382  4  22.9  3.5  12.8  19.0  
1405  4  22.4  4.8  8.6  12.8  
1406  4  22.3  9.4  6.6  3.2  
1422  5  23.2  13.2  9.7  20.7  6.5  
1423  0  
1425  3  22.7  4.5  7.7  
1439  2  22.5  9.5  
1440  3  22.0  4.4  9.3  
1460  4  22.4  4.6  13.0  6.9  
1461  2  22.5  3.8  
1493  3  22.5  4.8  18.0  
1494  3  22.6  11.9  5.2  
1495  6  22.3  6.3  3.1  4.5  15.9  14.5  
1496  1  22.3  
1499  1  23.1  
1501  3  22.7  3.1  10.4  
1502  3  22.5  3.3  4.7  
1548  8  22.2  6.8  12.1  14.3  16.3  19.6  18.5  20.9  
1549  6  22.6  15.4  17.5  20.4  6.0  8.1  
1567  2  22.3  4.6  
1568  2  22.4  5.5  
1587  2  22.9  8.5  
1588  5  22.4  3.7  7.8  4.7  9.6  
1594  4  22.3  8.6  3.1  7.4  
1595  4  22.5  13.3  11.6  8.6  
1596  3  22.3  4.2  15.3  
1597  5  22.2  11.6  3.2  13.7  4.5  
1639  4  22.4  5.9  8.2  10.9  
1640  2  22.2  4.8  
1641  6  22.8  4.2  3.1  5.3  7.2  18.1  
1656  5  22.6  7.4  4.5  8.6  3.1  
1657  4  22.1  10.1  6.2  4.1  
1658  5  22.9  11.7  6.8  10.1  5.3  
1672  6  21.9  3.8  9.9  11.8  8.4  16.1  
1673  4  21.9  13.2  6.2  3.6  
1674  5  22.4  3.9  18.9  13.7  11.4  
1689  7  22.0  17.2  6.2  3.7  8.4  11.9  15.7  
1690  4  22.0  4.1  16.6  11.5  
1691  5  21.9  9.5  6.4  13.1  11.4  
1704  6  22.4  19.0  7.7  5.2  15.6  11.9  
1705  5  22.1  5.7  6.9  9.2  17.6  
1706  6  22.5  13.6  9.7  15.6  3.5  8.0  
1717  6  21.2  16.1  22.3  3.5  6.2  9.0  
1718  4  22.0  6.3  9.6  12.6  
1738  4  20.9  5.3  10.9  9.5  
1739  5  21.3  11.5  16.5  8.0  5.9  
1740  4  21.0  5.2  16.6  14.5  
1753  4  21.2  10.0  6.8  4.7  
1763  2  22.1  6.0  
1768  4  22.0  4.9  9.9  6.2  
1769  5  22.1  7.1  9.0  5.6  18.4  
1784  3  22.0  10.9  3.9  
1785  2  22.3  6.0  
1862  3  21.9  11.1  4.0  
1863  3  21.9  9.1  10.9  
1883  4  5.1  9.1  4.0  15.2  
1884  3  10.0  7.5  4.9  
1885  1  4.2  
1887  2  22.0  14.8  
1892  4  22.2  5.2  7.1  13.6  
1893  6  22.3  12.4  14.0  17.0  7.9  3.5  
1894  4  22.1  16.4  4.4  11.7  
1895  3  17.9  3.1  5.1  
1924  5  22.1  13.2  10.0  16.4  6.0  
1925  4  21.7  13.1  5.1  6.8  
1936  4  21.9  19.8  4.4  16.0  
1937  4  22.0  4.1  7.0  11.0  
1949  6  20.2  10.3  7.9  6.3  5.3  22.4  
1950  7  8.2  10.6  12.8  15.9  18.5  20.6  9.5  
1951  5  20.1  8.1  22.2  12.5  3.7  
1977  2  7.2  3.4  
1978  2  7.4  4.7  
1979  8  6.5  8.7  10.9  13.3  15.3  17.4  20.0  22.1  
1981  3  22.5  19.2  9.7  
1982  4  22.3  3.5  18.4  11.9  
1992  4  21.7  7.4  6.0  9.5  
1993  4  21.8  4.6  9.0  15.7  
1994  4  22.1  7.7  11.8  9.7  
2005  5  21.7  5.4  3.3  18.8  11.7  
2006  5  22.0  17.0  6.1  13.5  3.3  
2021  5  22.3  19.0  4.0  5.9  8.4  
2022  4  22.0  3.1  8.9  10.7  
2052  2  18.7  5.2  
2053  5  18.6  10.3  4.3  7.4  3.2  
2078  8  9.5  13.5  17.5  20.3  3.6  21.7  7.5  6.2  
2079  6  21.4  3.5  16.5  7.3  15.5  8.6  
2080  7  21.7  8.3  11.3  16.3  5.0  3.3  13.1  
2081  5  21.6  8.3  12.6  10.5  3.8  
2093  3  21.5  4.5  10.9  
2094  6  21.7  19.5  14.6  11.3  13.4  16.1  
2107  5  22.0  5.1  12.0  8.2  14.0  
2108  4  21.9  8.5  6.7  10.6  
2109  4  21.7  12.4  5.8  7.4  
2110  4  22.0  7.3  9.0  4.9  
2111  4  21.8  3.7  13.0  6.3  
2127  4  21.9  5.7  9.7  3.7  
2128  4  21.9  17.3  4.9  12.1  
2138  5  21.7  10.2  12.2  13.5  7.8  
2139  5  21.7  7.4  4.6  17.0  15.6  
2140  4  21.8  5.0  7.9  15.7  
2161  5  21.7  7.9  10.1  12.8  18.9  
2162  5  21.6  8.1  17.7  19.7  9.7  
2163  5  21.7  11.5  4.4  13.9  5.4  
2178  5  22.1  6.4  12.2  3.1  8.2  
2179  4  22.0  16.7  9.1  5.4  
2180  5  21.9  15.9  14.5  6.0  3.4  
2191  6  22.1  10.0  3.5  12.6  18.4  13.7  
2192  4  22.1  5.6  3.1  9.7  
2204  4  22.4  18.9  5.3  4.2  
2205  3  22.0  6.5  10.5  
2216  5  22.0  10.4  19.5  14.4  4.1  
2218  4  22.1  5.6  11.3  3.5  
2219  4  21.4  7.0  3.7  4.8  
2247  6  22.6  7.0  9.4  3.4  4.9  8.0  
2248  3  21.8  19.3  6.3  
2249  4  22.3  15.1  7.9  5.6  
2250  6  22.3  3.2  8.1  13.9  11.6  10.2  
2289  5  12.7  7.5  10.6  16.7  20.6  
2290  5  22.0  14.9  3.8  6.2  8.6  
1210  4  20.1  56.7  22.0  6.2  
1211  4  20.4  23.2  14.9  34.2  
1212  6  20.5  25.1  27.1  22.4  14.1  23.9  
1219  4  20.1  22.4  17.4  6.0  
1220  2  20.6  18.2  
1221  7  5.2  9.6  14.5  16.8  18.8  20.8  23.3  
1236  4  20.5  3.4  22.4  17.4  
1236  4  20.5  3.4  22.4  17.4  
1237  1  20.5  
1238  2  20.1  2373989376.0  
1239  1  20.3  
1250  2  19.9  34.0  
1251  1  20.4  
1258  1  20.6  
1260  3  20.2  10.7  23.2  
1261  2  20.4  22.5  
1262  1  20.3  
1236  4  20.5  3.4  22.4  17.4  
1237  1  20.5  
1238  2  20.1  2373989376.0  
1239  1  20.3  
1250  2  19.9  34.0  
1251  1  20.4  
1258  1  20.6  
1260  3  20.2  10.7  23.2  
1261  2  20.4  22.5  
1262  1  20.3  
1213  5  20.2  17.4  22.4  29.0  36.1  
1222  4  20.4  14.1  24.1  27.2  
1210  4  20.1  56.7  22.0  6.2  
1211  4  20.4  23.2  14.9  34.2  
1212  6  20.5  25.1  27.1  22.4  14.1  23.9  
1219  4  20.1  22.4  17.4  6.0  
1220  2  20.6  18.2  
1221  7  5.2  9.6  14.5  16.8  18.8  20.8  23.3  
1213  5  20.2  17.4  22.4  29.0  36.1  
1222  4  20.4  14.1  24.1  27.2  
1213  5  20.2  17.4  22.4  29.0  36.1  
1222  4  20.4  14.1  24.1  27.2  
1240  3  20.5  8.0  18.3  
1241  5  20.1  17.4  22.5  18.4  9.5  
1263  3  20.5  17.0  18.4  
1264  1  20.2  
1286  1  20.2  
1287  1  20.5  
1300  2  20.2  14.2  
1301  1  20.7  
2581  2  22.4  3.9  
2582  1  22.1  
2583  2  22.4  3.6  
2599  6  11.2  22.1  4.0  9.4  13.7  16.2  
2600  1  21.8  
2601  1  21.9  
2602  2  22.1  6.0  
1214  5  20.2  18.1  28.8  22.6  4.7  
1242  3  20.4  14.4  6.7  
1288  1  20.8  
1289  3  5.7  20.3  22.8  
1313  1  20.6  
2579  1  22.0  
1322  1  20.3  
1323  1  20.2  
1243  2  20.3  17.4  
1326  3  19.2  15.1  10.2  
2580  2  22.1  4.0  
1327  5  17.0  19.5  5.6  10.3  3.2  
2593  3  22.3  3.9  6.0  
1223  6  20.3  15.3  18.8  29.3  14.1  89.8  
1265  4  20.0  22.6  18.4  21.1  
1328  1  10.0  
2598  2  22.0  3.2  
1266  3  20.3  24.7  22.7  
1350  1  22.9  
1371  2  22.9  3.7  
1372  2  22.8  20.0  
1405  4  22.4  4.8  8.6  12.8  
1406  4  22.3  9.4  6.6  3.2  
1351  2  23.0  3.6  
1422  5  23.2  13.2  9.7  20.7  6.5  
1423  0  
1381  2  22.0  17.5  
1493  3  22.5  4.8  18.0  
1425  3  22.7  4.5  7.7  
1494  3  22.6  11.9  5.2  
1495  6  22.3  6.3  3.1  4.5  15.9  14.5  
1382  4  22.9  3.5  12.8  19.0  
1496  1  22.3  
1499  1  23.1  
1439  2  22.5  9.5  
1501  3  22.7  3.1  10.4  
1440  3  22.0  4.4  9.3  
1502  3  22.5  3.3  4.7  
1460  4  22.4  4.6  13.0  6.9  
1639  4  22.4  5.9  8.2  10.9  
1548  8  22.2  6.8  12.1  14.3  16.3  19.6  18.5  20.9  
1549  6  22.6  15.4  17.5  20.4  6.0  8.1  
1461  2  22.5  3.8  
1640  2  22.2  4.8  
1567  2  22.3  4.6  
1641  6  22.8  4.2  3.1  5.3  7.2  18.1  
1656  5  22.6  7.4  4.5  8.6  3.1  
1657  4  22.1  10.1  6.2  4.1  
1862  3  21.9  11.1  4.0  
1568  2  22.4  5.5  
1658  5  22.9  11.7  6.8  10.1  5.3  
1863  3  21.9  9.1  10.9  
1587  2  22.9  8.5  
1883  4  5.1  9.1  4.0  15.2  
1672  6  21.9  3.8  9.9  11.8  8.4  16.1  
1884  3  10.0  7.5  4.9  
1885  1  4.2  
1588  5  22.4  3.7  7.8  4.7  9.6  
1887  2  22.0  14.8  
1673  4  21.9  13.2  6.2  3.6  
1594  4  22.3  8.6  3.1  7.4  
1892  4  22.2  5.2  7.1  13.6  
1674  5  22.4  3.9  18.9  13.7  11.4  
1595  4  22.5  13.3  11.6  8.6  
1893  6  22.3  12.4  14.0  17.0  7.9  3.5  
1689  7  22.0  17.2  6.2  3.7  8.4  11.9  15.7  
1596  3  22.3  4.2  15.3  
1690  4  22.0  4.1  16.6  11.5  
1894  4  22.1  16.4  4.4  11.7  
1895  3  17.9  3.1  5.1  
1597  5  22.2  11.6  3.2  13.7  4.5  
1691  5  21.9  9.5  6.4  13.1  11.4  
1924  5  22.1  13.2  10.0  16.4  6.0  
1704  6  22.4  19.0  7.7  5.2  15.6  11.9  
1925  4  21.7  13.1  5.1  6.8  
1705  5  22.1  5.7  6.9  9.2  17.6  
1936  4  21.9  19.8  4.4  16.0  
1706  6  22.5  13.6  9.7  15.6  3.5  8.0  
1937  4  22.0  4.1  7.0  11.0  
1717  6  21.2  16.1  22.3  3.5  6.2  9.0  
1949  6  20.2  10.3  7.9  6.3  5.3  22.4  
1718  4  22.0  6.3  9.6  12.6  
1950  7  8.2  10.6  12.8  15.9  18.5  20.6  9.5  
1738  4  20.9  5.3  10.9  9.5  
1951  5  20.1  8.1  22.2  12.5  3.7  
1977  2  7.2  3.4  
1978  2  7.4  4.7  
1739  5  21.3  11.5  16.5  8.0  5.9  
1979  8  6.5  8.7  10.9  13.3  15.3  17.4  20.0  22.1  
1740  4  21.0  5.2  16.6  14.5  
1981  3  22.5  19.2  9.7  
1753  4  21.2  10.0  6.8  4.7  
1982  4  22.3  3.5  18.4  11.9  
1763  2  22.1  6.0  
1992  4  21.7  7.4  6.0  9.5  
1768  4  22.0  4.9  9.9  6.2  
1993  4  21.8  4.6  9.0  15.7  
1769  5  22.1  7.1  9.0  5.6  18.4  
1994  4  22.1  7.7  11.8  9.7  
2005  5  21.7  5.4  3.3  18.8  11.7  
1784  3  22.0  10.9  3.9  
1785  2  22.3  6.0  
2006  5  22.0  17.0  6.1  13.5  3.3  
2021  5  22.3  19.0  4.0  5.9  8.4  
2022  4  22.0  3.1  8.9  10.7  
2052  2  18.7  5.2  
2053  5  18.6  10.3  4.3  7.4  3.2  
2078  8  9.5  13.5  17.5  20.3  3.6  21.7  7.5  6.2  
2079  6  21.4  3.5  16.5  7.3  15.5  8.6  
2080  7  21.7  8.3  11.3  16.3  5.0  3.3  13.1  
2081  5  21.6  8.3  12.6  10.5  3.8  
2093  3  21.5  4.5  10.9  
2094  6  21.7  19.5  14.6  11.3  13.4  16.1  
2107  5  22.0  5.1  12.0  8.2  14.0  
2108  4  21.9  8.5  6.7  10.6  
2109  4  21.7  12.4  5.8  7.4  
2110  4  22.0  7.3  9.0  4.9  
2111  4  21.8  3.7  13.0  6.3  
2127  4  21.9  5.7  9.7  3.7  
2128  4  21.9  17.3  4.9  12.1  
2138  5  21.7  10.2  12.2  13.5  7.8  
2139  5  21.7  7.4  4.6  17.0  15.6  
2140  4  21.8  5.0  7.9  15.7  
2161  5  21.7  7.9  10.1  12.8  18.9  
2162  5  21.6  8.1  17.7  19.7  9.7  
2163  5  21.7  11.5  4.4  13.9  5.4  
2178  5  22.1  6.4  12.2  3.1  8.2  
2179  4  22.0  16.7  9.1  5.4  
2180  5  21.9  15.9  14.5  6.0  3.4  
2191  6  22.1  10.0  3.5  12.6  18.4  13.7  
2192  4  22.1  5.6  3.1  9.7  
2204  4  22.4  18.9  5.3  4.2  
2205  3  22.0  6.5  10.5  
2216  5  22.0  10.4  19.5  14.4  4.1  
2218  4  22.1  5.6  11.3  3.5  
2219  4  21.4  7.0  3.7  4.8  
2247  6  22.6  7.0  9.4  3.4  4.9  8.0  
2248  3  21.8  19.3  6.3  
2249  4  22.3  15.1  7.9  5.6  
2250  6  22.3  3.2  8.1  13.9  11.6  10.2  
2289  5  12.7  7.5  10.6  16.7  20.6  
2290  5  22.0  14.9  3.8  6.2  8.6  
1282  1  20.1  
1283  2  20.3  5.7  
2574  1  22.2  
1236  4  20.5  3.4  22.4  17.4  
1210  4  20.1  56.7  22.0  6.2  
2575  1  22.2  
1284  1  20.4  
1237  1  20.5  
2576  1  22.4  
1285  3  20.6  8.8  4.0  
2585  1  22.5  
1297  2  20.5  4.9  
1238  2  20.1  2373989376.0  
2587  2  21.9  3.2  
1298  2  19.8  23.2  
1211  4  20.4  23.2  14.9  34.2  
1299  2  20.1  10.2  
2588  3  22.4  7.7  5.1  
2589  1  22.3  
2603  3  21.7  11.4  5.5  
1239  1  20.3  
1212  6  20.5  25.1  27.1  22.4  14.1  23.9  
2604  2  21.8  3.2  
1250  2  19.9  34.0  
1251  1  20.4  
1258  1  20.6  
1219  4  20.1  22.4  17.4  6.0  
1260  3  20.2  10.7  23.2  
1367  6  22.8  7.8  11.5  16.4  10.5  4.0  
1347  4  20.8  3.9  22.5  16.0  
1368  1  23.1  
1374  3  22.6  10.7  3.3  
1220  2  20.6  18.2  
1261  2  20.4  22.5  
1375  4  22.7  5.1  8.9  3.1  
1352  3  23.0  4.1  5.8  
1376  2  22.4  3.9  
1383  3  22.5  9.1  14.5  
1384  1  22.5  
1386  3  22.5  19.1  6.7  
1353  3  22.8  5.0  11.8  
1387  4  22.3  3.8  8.6  12.9  
1388  1  22.1  
1262  1  20.3  
1373  2  22.3  3.2  
2613  4  21.7  9.4  6.2  17.6  
1356  3  23.6  25.7  6.0  
2614  4  21.7  4.7  7.3  9.8  
2615  1  22.3  
1221  7  5.2  9.6  14.5  16.8  18.8  20.8  23.3  
1357  4  22.9  4.7  6.7  3.6  
1399  5  22.9  14.6  6.2  12.3  5.1  
1402  5  22.2  5.3  11.8  15.9  3.7  
1408  2  22.1  3.2  
1482  4  22.4  10.9  5.5  3.0  
1409  2  23.0  3.1  
1483  3  22.7  15.3  7.8  
1484  5  22.3  13.6  3.7  6.1  16.4  
1410  4  23.1  3.0  9.8  5.6  
1485  3  22.7  6.4  4.0  
1411  2  22.9  9.4  
1486  3  22.3  9.6  12.8  
1412  2  23.0  14.5  
1487  2  22.5  4.9  
1427  5  23.0  15.1  5.4  4.1  12.1  
1505  3  22.5  3.0  5.0  
1506  3  22.8  18.3  5.9  
1428  3  22.9  6.5  3.4  
1507  2  23.0  5.0  
1841  5  21.9  3.9  6.0  17.1  8.4  
1530  2  22.2  5.7  
1430  4  22.6  17.3  5.0  10.5  
1531  3  22.8  8.2  5.8  
1842  5  22.2  3.9  8.1  13.6  9.5  
1431  4  22.7  5.9  6.9  17.0  
1843  1  21.9  
1432  4  22.8  4.3  3.0  20.1  
1532  1  21.9  
1844  5  22.0  4.5  15.3  9.0  7.3  
1533  3  22.2  8.5  3.4  
1433  5  22.3  11.3  3.1  8.4  4.6  
1845  5  22.4  4.6  5.9  11.4  9.9  
1557  2  22.2  3.2  
1846  1  22.4  
1450  4  22.8  18.3  5.7  6.7  
1847  1  22.0  
1558  3  22.0  8.8  16.8  
1849  3  22.2  10.4  7.8  
1451  3  23.1  4.4  10.3  
1559  4  22.4  4.2  13.7  14.8  
1452  3  22.7  3.1  10.1  
1850  3  22.4  12.4  15.0  
1560  2  22.3  3.4  
1453  4  22.9  17.2  15.8  3.6  
1851  5  22.2  5.4  16.6  15.2  8.9  
1561  2  22.3  7.8  
1454  3  22.7  5.5  3.9  
1857  6  23.1  6.5  3.1  5.5  12.4  10.2  
1569  3  22.3  15.0  3.9  
1570  1  22.3  
1455  6  22.9  15.1  13.7  7.7  5.7  9.2  
1868  2  22.4  11.3  
1571  5  22.4  7.0  5.0  3.3  16.5  
1462  5  22.4  8.7  5.2  10.1  3.1  
1579  2  22.4  9.8  
1869  3  22.1  8.5  10.7  
1463  2  23.0  10.1  
1870  4  22.3  11.4  20.0  6.4  
1580  7  22.3  6.1  9.8  4.3  13.1  16.2  18.8  
1464  3  22.6  10.3  3.0  
1871  5  11.3  21.9  15.3  8.1  4.6  
1581  7  22.2  7.0  8.9  5.3  10.8  14.0  17.3  
1872  1  22.2  
1582  4  22.0  11.4  13.6  4.7  
1874  7  22.1  14.5  3.8  15.7  9.6  18.0  20.8  
1875  5  22.2  4.1  17.2  10.0  5.9  
1583  6  22.4  10.4  15.1  5.2  11.7  3.8  
1876  4  21.8  8.5  15.1  4.1  
1599  4  22.5  9.7  7.4  4.4  
1600  2  22.1  15.3  
1896  5  18.4  5.0  7.2  20.2  14.2  
1604  5  22.1  13.0  8.7  7.3  5.5  
1897  7  20.2  7.6  16.1  10.0  6.4  18.2  4.9  
1605  6  22.6  13.4  17.9  3.6  20.4  12.4  
1898  5  17.1  4.7  3.3  7.2  10.5  
1606  3  22.7  3.2  5.9  
1899  4  17.0  12.2  7.8  13.7  
1900  2  17.0  5.1  
1613  2  21.8  5.6  
1614  2  22.2  11.2  
1917  4  22.7  16.9  5.1  3.6  
1615  6  22.1  10.2  12.4  15.2  18.4  4.6  
1926  4  21.9  8.7  5.2  15.8  
1616  4  22.5  4.6  12.2  17.0  
1617  2  22.4  4.8  
1927  4  21.6  15.0  6.7  10.6  
1618  7  22.2  12.2  5.1  3.4  15.7  17.8  21.0  
1928  3  22.5  4.6  9.7  
1929  4  21.8  4.8  8.9  18.4  
1619  3  21.9  16.6  14.6  
1930  4  22.1  6.7  15.5  7.8  
1931  4  22.0  17.4  7.6  4.3  
1938  7  21.8  14.9  17.2  20.1  9.9  3.8  7.2  
1939  5  21.9  9.7  4.3  7.5  11.6  
1941  6  20.6  18.5  22.1  8.0  4.7  11.5  
1942  5  16.8  11.9  3.2  9.9  15.0  
1943  5  17.2  20.1  4.0  22.1  11.9  
1944  5  20.2  5.0  3.3  13.6  7.4  
1955  5  7.4  22.3  4.1  8.9  15.0  
1957  7  21.9  17.8  14.5  11.0  8.1  5.5  3.1  
1958  6  22.1  15.4  4.6  7.3  16.6  13.4  
1960  6  22.4  14.5  16.7  19.2  8.0  10.1  
1961  4  22.3  14.4  10.3  6.4  
1962  6  22.2  16.2  13.9  3.2  18.6  7.5  
1983  5  22.6  4.3  6.9  11.9  9.2  
1984  5  22.7  3.8  6.5  10.2  16.9  
1985  4  22.4  13.3  19.9  5.2  
1841  5  21.9  3.9  6.0  17.1  8.4  
1842  5  22.2  3.9  8.1  13.6  9.5  
1843  1  21.9  
1844  5  22.0  4.5  15.3  9.0  7.3  
1845  5  22.4  4.6  5.9  11.4  9.9  
1846  1  22.4  
1847  1  22.0  
1849  3  22.2  10.4  7.8  
1850  3  22.4  12.4  15.0  
1851  5  22.2  5.4  16.6  15.2  8.9  
1857  6  23.1  6.5  3.1  5.5  12.4  10.2  
1868  2  22.4  11.3  
1869  3  22.1  8.5  10.7  
1870  4  22.3  11.4  20.0  6.4  
1871  5  11.3  21.9  15.3  8.1  4.6  
1872  1  22.2  
1874  7  22.1  14.5  3.8  15.7  9.6  18.0  20.8  
1875  5  22.2  4.1  17.2  10.0  5.9  
1876  4  21.8  8.5  15.1  4.1  
1896  5  18.4  5.0  7.2  20.2  14.2  
1897  7  20.2  7.6  16.1  10.0  6.4  18.2  4.9  
1898  5  17.1  4.7  3.3  7.2  10.5  
1899  4  17.0  12.2  7.8  13.7  
1900  2  17.0  5.1  
1917  4  22.7  16.9  5.1  3.6  
1926  4  21.9  8.7  5.2  15.8  
1927  4  21.6  15.0  6.7  10.6  
1928  3  22.5  4.6  9.7  
1929  4  21.8  4.8  8.9  18.4  
1930  4  22.1  6.7  15.5  7.8  
1931  4  22.0  17.4  7.6  4.3  
1938  7  21.8  14.9  17.2  20.1  9.9  3.8  7.2  
1939  5  21.9  9.7  4.3  7.5  11.6  
1941  6  20.6  18.5  22.1  8.0  4.7  11.5  
1942  5  16.8  11.9  3.2  9.9  15.0  
1943  5  17.2  20.1  4.0  22.1  11.9  
1944  5  20.2  5.0  3.3  13.6  7.4  
1955  5  7.4  22.3  4.1  8.9  15.0  
1957  7  21.9  17.8  14.5  11.0  8.1  5.5  3.1  
1958  6  22.1  15.4  4.6  7.3  16.6  13.4  
1960  6  22.4  14.5  16.7  19.2  8.0  10.1  
1961  4  22.3  14.4  10.3  6.4  
1962  6  22.2  16.2  13.9  3.2  18.6  7.5  
1983  5  22.6  4.3  6.9  11.9  9.2  
1984  5  22.7  3.8  6.5  10.2  16.9  
1985  4  22.4  13.3  19.9  5.2  
1628  1  22.3  
1629  3  22.2  13.8  4.7  
1630  8  10.6  14.2  17.2  19.2  15.7  22.2  5.8  3.4  
1631  4  22.2  11.2  7.5  3.9  
1632  3  22.0  4.5  8.3  
1633  6  22.2  4.4  7.6  13.4  15.1  18.0  
1644  4  22.8  3.1  6.0  11.9  
1645  6  21.6  3.6  22.9  7.8  11.9  5.4  
1646  5  23.0  4.6  8.2  17.5  9.4  
1647  1  22.7  
1628  1  22.3  
1629  3  22.2  13.8  4.7  
1630  8  10.6  14.2  17.2  19.2  15.7  22.2  5.8  3.4  
1631  4  22.2  11.2  7.5  3.9  
1632  3  22.0  4.5  8.3  
1633  6  22.2  4.4  7.6  13.4  15.1  18.0  
1644  4  22.8  3.1  6.0  11.9  
1645  6  21.6  3.6  22.9  7.8  11.9  5.4  
1646  5  23.0  4.6  8.2  17.5  9.4  
1647  1  22.7  
1651  5  22.8  3.2  5.9  18.3  10.0  
1628  1  22.3  
1629  3  22.2  13.8  4.7  
1630  8  10.6  14.2  17.2  19.2  15.7  22.2  5.8  3.4  
1631  4  22.2  11.2  7.5  3.9  
1632  3  22.0  4.5  8.3  
1633  6  22.2  4.4  7.6  13.4  15.1  18.0  
1644  4  22.8  3.1  6.0  11.9  
1645  6  21.6  3.6  22.9  7.8  11.9  5.4  
1646  5  23.0  4.6  8.2  17.5  9.4  
1647  1  22.7  
1651  5  22.8  3.2  5.9  18.3  10.0  
1659  6  22.4  5.8  3.2  14.0  8.4  17.1  
1660  8  22.8  4.5  7.5  9.9  13.1  15.7  17.8  20.7  
1661  5  22.4  7.0  14.7  3.5  10.3  
1664  5  21.7  4.1  12.0  16.3  10.8  
1681  4  22.1  6.5  5.2  7.6  
1682  6  21.9  5.3  7.5  17.8  3.5  16.1  
1683  3  22.0  15.3  12.2  
1684  5  21.6  4.8  9.5  15.5  19.5  
1692  5  22.0  6.2  12.8  15.6  14.0  
1693  3  21.7  5.2  13.0  
1694  5  22.0  3.5  4.9  8.2  10.3  
1695  5  21.6  15.2  5.7  11.3  4.1  
1709  6  22.0  18.7  7.5  5.0  16.7  10.1  
1710  5  21.9  8.0  16.6  5.1  12.5  
1711  6  22.3  3.5  16.7  15.3  7.0  9.6  
1712  5  22.0  11.9  17.0  6.1  9.8  
1721  5  21.7  4.5  3.0  18.2  8.1  
1722  5  22.0  15.0  7.4  13.9  3.1  
1723  2  22.4  7.1  
1730  5  22.0  4.8  3.4  6.7  15.3  
1731  1  21.8  
1732  6  21.7  3.2  7.2  8.4  17.0  6.0  
1743  3  21.0  5.0  13.6  
1744  5  21.2  5.8  18.9  10.9  8.1  
1745  4  21.3  8.9  13.5  6.5  
1746  3  20.7  15.5  5.0  
1747  7  21.4  9.5  5.4  12.6  15.7  18.7  8.4  
1754  4  21.4  4.8  3.2  13.2  
1755  4  21.5  3.9  14.1  5.5  
1756  5  22.0  3.5  8.1  12.2  14.0  
1757  5  22.6  6.5  3.3  13.5  7.9  
1758  5  22.5  4.2  3.1  7.1  13.8  
1076129556  5  21.9  3.2  7.0  5.3  8.6  
1772  4  22.5  5.5  3.2  7.9  
1773  5  22.1  15.0  10.6  5.5  19.7  
1774  5  22.1  4.6  13.2  7.7  14.6  
1775  5  22.0  3.0  7.5  4.6  8.8  
1791  5  21.9  17.8  7.4  14.7  5.5  
1792  4  22.1  4.0  14.8  8.7  
1793  6  22.0  7.3  4.7  16.7  12.3  9.0  
1794  5  21.9  3.1  4.4  14.7  17.2  
1795  3  22.5  3.1  19.5  
1798  4  22.1  11.9  8.1  3.8  
1799  2  22.0  4.3  
1812  5  21.2  4.8  13.7  8.1  9.7  
1813  2  21.9  15.9  
1628  1  22.3  
1629  3  22.2  13.8  4.7  
1630  8  10.6  14.2  17.2  19.2  15.7  22.2  5.8  3.4  
1631  4  22.2  11.2  7.5  3.9  
1632  3  22.0  4.5  8.3  
1633  6  22.2  4.4  7.6  13.4  15.1  18.0  
1644  4  22.8  3.1  6.0  11.9  
1645  6  21.6  3.6  22.9  7.8  11.9  5.4  
1646  5  23.0  4.6  8.2  17.5  9.4  
1647  1  22.7  
1651  5  22.8  3.2  5.9  18.3  10.0  
1659  6  22.4  5.8  3.2  14.0  8.4  17.1  
1660  8  22.8  4.5  7.5  9.9  13.1  15.7  17.8  20.7  
1661  5  22.4  7.0  14.7  3.5  10.3  
1664  5  21.7  4.1  12.0  16.3  10.8  
1681  4  22.1  6.5  5.2  7.6  
1682  6  21.9  5.3  7.5  17.8  3.5  16.1  
1683  3  22.0  15.3  12.2  
1684  5  21.6  4.8  9.5  15.5  19.5  
1692  5  22.0  6.2  12.8  15.6  14.0  
1693  3  21.7  5.2  13.0  
1694  5  22.0  3.5  4.9  8.2  10.3  
1695  5  21.6  15.2  5.7  11.3  4.1  
1709  6  22.0  18.7  7.5  5.0  16.7  10.1  
1710  5  21.9  8.0  16.6  5.1  12.5  
1711  6  22.3  3.5  16.7  15.3  7.0  9.6  
1712  5  22.0  11.9  17.0  6.1  9.8  
1721  5  21.7  4.5  3.0  18.2  8.1  
1722  5  22.0  15.0  7.4  13.9  3.1  
1723  2  22.4  7.1  
1730  5  22.0  4.8  3.4  6.7  15.3  
1731  1  21.8  
1732  6  21.7  3.2  7.2  8.4  17.0  6.0  
1743  3  21.0  5.0  13.6  
1744  5  21.2  5.8  18.9  10.9  8.1  
1745  4  21.3  8.9  13.5  6.5  
1746  3  20.7  15.5  5.0  
1747  7  21.4  9.5  5.4  12.6  15.7  18.7  8.4  
1754  4  21.4  4.8  3.2  13.2  
1755  4  21.5  3.9  14.1  5.5  
1756  5  22.0  3.5  8.1  12.2  14.0  
1757  5  22.6  6.5  3.3  13.5  7.9  
1758  5  22.5  4.2  3.1  7.1  13.8  
1076129556  5  21.9  3.2  7.0  5.3  8.6  
1772  4  22.5  5.5  3.2  7.9  
1773  5  22.1  15.0  10.6  5.5  19.7  
1774  5  22.1  4.6  13.2  7.7  14.6  
1775  5  22.0  3.0  7.5  4.6  8.8  
1791  5  21.9  17.8  7.4  14.7  5.5  
1792  4  22.1  4.0  14.8  8.7  
1793  6  22.0  7.3  4.7  16.7  12.3  9.0  
1794  5  21.9  3.1  4.4  14.7  17.2  
1795  3  22.5  3.1  19.5  
1798  4  22.1  11.9  8.1  3.8  
1799  2  22.0  4.3  
1812  5  21.2  4.8  13.7  8.1  9.7  
1813  2  21.9  15.9  
1841  5  21.9  3.9  6.0  17.1  8.4  
1842  5  22.2  3.9  8.1  13.6  9.5  
1843  1  21.9  
1844  5  22.0  4.5  15.3  9.0  7.3  
1845  5  22.4  4.6  5.9  11.4  9.9  
1846  1  22.4  
1847  1  22.0  
1849  3  22.2  10.4  7.8  
1850  3  22.4  12.4  15.0  
1851  5  22.2  5.4  16.6  15.2  8.9  
1857  6  23.1  6.5  3.1  5.5  12.4  10.2  
1868  2  22.4  11.3  
1869  3  22.1  8.5  10.7  
1870  4  22.3  11.4  20.0  6.4  
1871  5  11.3  21.9  15.3  8.1  4.6  
1872  1  22.2  
1874  7  22.1  14.5  3.8  15.7  9.6  18.0  20.8  
1875  5  22.2  4.1  17.2  10.0  5.9  
1876  4  21.8  8.5  15.1  4.1  
1896  5  18.4  5.0  7.2  20.2  14.2  
1897  7  20.2  7.6  16.1  10.0  6.4  18.2  4.9  
1898  5  17.1  4.7  3.3  7.2  10.5  
1899  4  17.0  12.2  7.8  13.7  
1900  2  17.0  5.1  
1917  4  22.7  16.9  5.1  3.6  
1926  4  21.9  8.7  5.2  15.8  
1927  4  21.6  15.0  6.7  10.6  
1928  3  22.5  4.6  9.7  
1929  4  21.8  4.8  8.9  18.4  
1930  4  22.1  6.7  15.5  7.8  
1931  4  22.0  17.4  7.6  4.3  
1938  7  21.8  14.9  17.2  20.1  9.9  3.8  7.2  
1939  5  21.9  9.7  4.3  7.5  11.6  
1941  6  20.6  18.5  22.1  8.0  4.7  11.5  
1942  5  16.8  11.9  3.2  9.9  15.0  
1943  5  17.2  20.1  4.0  22.1  11.9  
1944  5  20.2  5.0  3.3  13.6  7.4  
1955  5  7.4  22.3  4.1  8.9  15.0  
1957  7  21.9  17.8  14.5  11.0  8.1  5.5  3.1  
1958  6  22.1  15.4  4.6  7.3  16.6  13.4  
1960  6  22.4  14.5  16.7  19.2  8.0  10.1  
1961  4  22.3  14.4  10.3  6.4  
1962  6  22.2  16.2  13.9  3.2  18.6  7.5  
1983  5  22.6  4.3  6.9  11.9  9.2  
1984  5  22.7  3.8  6.5  10.2  16.9  
1985  4  22.4  13.3  19.9  5.2  
1986  4  22.4  8.8  3.7  6.7  
1987  7  22.7  7.1  21.4  5.8  8.2  18.3  3.2  
1995  4  22.2  9.6  6.1  3.6  
1996  5  21.8  3.7  6.9  11.2  5.6  
1997  5  21.2  19.1  5.7  12.1  4.1  
1998  6  22.2  17.1  14.3  4.0  13.1  6.4  
1999  5  21.9  10.4  7.7  5.8  8.8  
2000  5  21.9  19.7  6.6  13.7  10.9  
2011  5  21.6  12.3  10.7  3.2  17.2  
2012  3  21.8  3.4  7.6  
2013  5  21.9  5.9  7.7  17.5  14.0  
2014  6  22.0  12.0  5.6  16.1  7.3  18.7  
2015  5  22.4  15.2  6.3  4.6  16.9  
2033  7  22.0  4.8  16.9  3.3  6.7  15.8  10.0  
2034  6  21.5  11.4  4.8  8.0  12.5  22.6  
2035  4  22.3  16.2  9.1  18.7  
2045  5  21.6  16.8  12.8  4.7  19.3  
2046  5  21.2  11.0  4.8  15.6  7.1  
2054  5  18.0  8.2  11.3  12.4  9.6  
2055  2  18.0  11.5  
2058  3  21.4  17.5  15.1  
2059  6  21.8  17.9  6.0  14.9  8.6  4.3  
2060  6  21.5  8.4  10.6  12.9  15.1  19.5  
2061  4  21.6  16.4  4.0  10.3  
2069  4  21.7  10.2  16.3  6.9  
2070  4  21.1  11.9  5.3  16.8  
2071  4  21.3  4.8  3.5  6.7  
2072  6  21.9  11.1  14.7  4.6  7.5  6.1  
2073  7  21.5  4.4  8.1  11.4  13.5  15.5  18.4  
2083  4  21.5  6.0  18.2  3.7  
2084  6  21.6  9.4  4.6  18.4  6.5  3.1  
2085  3  21.9  9.7  12.4  
2086  4  21.3  13.6  7.6  18.6  
2087  5  21.9  5.1  6.2  12.5  3.0  
2097  5  22.4  3.3  7.9  5.0  6.9  
2098  5  22.3  6.3  3.0  13.9  17.2  
2099  5  21.9  10.3  4.9  17.9  7.5  
2100  4  21.8  11.3  3.3  10.2  
2101  6  22.1  12.7  6.8  16.2  3.6  4.9  
2116  5  22.0  7.9  11.9  15.1  3.1  
2117  5  21.8  13.5  16.3  12.0  4.9  
2118  5  22.0  3.7  5.7  7.5  15.5  
2119  5  22.2  4.7  17.2  8.5  13.5  
2120  3  22.0  5.1  10.9  
2129  4  21.8  14.3  13.2  8.9  
2130  2  21.7  6.9  
2131  4  21.7  19.3  3.2  7.7  
2132  4  21.5  4.3  19.2  3.1  
2133  4  21.6  4.9  8.9  7.3  
2141  4  21.8  14.0  5.1  3.5  
2142  6  21.7  9.7  16.4  6.8  4.6  12.0  
2143  4  22.0  4.3  17.9  8.1  
2144  4  21.9  18.5  11.1  4.7  
2145  5  22.0  5.5  10.2  4.0  12.5  
2152  4  21.7  15.0  3.5  8.4  
2153  5  21.7  8.3  11.3  4.7  7.2  
2154  5  21.3  7.2  13.8  4.6  18.5  
2155  6  21.6  5.9  3.3  9.1  4.6  13.5  
2156  4  21.7  4.0  7.0  18.9  
2164  5  21.8  3.2  18.7  9.0  14.2  
2165  6  21.8  9.7  14.2  16.9  19.4  12.3  
2166  5  21.9  9.4  10.8  6.4  17.4  
2167  7  21.7  7.4  5.3  14.0  17.1  19.6  9.2  
2168  6  21.8  8.8  4.1  14.6  12.4  11.2  
2169  5  21.9  19.5  5.8  3.6  9.8  
2181  3  22.1  8.0  10.1  
2182  6  22.0  3.3  10.6  8.9  17.8  7.7  
2183  5  22.3  11.3  3.9  12.7  8.3  
2184  4  22.0  6.0  14.3  18.5  
2185  5  22.3  8.2  18.2  13.0  11.6  
2186  4  21.9  11.1  6.2  16.5  
2193  4  22.0  10.2  6.6  8.1  
2194  2  22.0  5.7  
2195  5  22.1  18.5  4.6  8.6  13.7  
2196  5  21.9  3.6  4.9  8.2  6.5  
2198  5  22.2  3.6  8.1  11.9  18.2  
2206  4  22.2  4.1  18.7  7.7  
2207  5  21.7  6.5  9.7  13.1  14.2  
2208  4  21.8  11.7  19.6  8.8  
2209  4  22.2  14.5  3.4  6.2  
2210  4  21.8  4.2  3.1  7.7  
2220  5  22.1  12.0  14.5  7.1  3.8  
2221  4  22.1  7.8  4.5  15.5  
2222  4  22.0  6.3  9.5  14.4  
2223  5  22.0  11.0  18.3  9.9  6.6  
2224  5  22.4  13.6  12.4  18.7  15.3  
2225  5  21.7  13.4  4.6  6.0  3.4  
2233  4  22.0  10.1  6.9  13.2  
2234  6  21.9  6.6  14.2  17.1  3.0  10.6  
2235  5  22.1  6.4  15.9  7.5  12.0  
2236  4  22.1  18.5  12.8  7.1  
2237  5  22.2  8.4  4.2  13.2  5.7  
2255  6  12.1  9.3  18.9  21.6  3.3  4.7  
2256  4  22.0  8.7  12.2  3.7  
2257  6  22.1  3.4  12.7  16.8  19.8  6.7  
2258  5  22.0  5.7  18.3  3.6  20.0  
2259  4  22.2  16.6  4.6  12.0  
2260  4  22.0  6.7  7.8  10.1  
2268  4  22.3  9.3  5.6  7.8  
2269  4  22.3  10.4  4.6  12.6  
2270  5  21.9  16.2  11.8  8.0  19.6  
2272  6  22.5  17.7  13.4  16.0  8.9  4.9  
2277  4  22.0  10.8  6.4  15.8  
2278  5  21.6  3.2  5.0  11.2  14.9  
2279  4  22.1  3.2  11.5  5.6  
2280  5  22.3  5.2  6.6  7.7  9.3  
2281  4  21.8  8.6  11.7  6.3  
1215  4  20.5  16.8  18.4  29.0  
1216  6  20.6  18.4  7.2  17.1  39.6  22.4  
1224  4  20.3  16.0  23.2  17.4  
1225  4  20.5  17.4  22.5  42.4  
1245  2  20.5  16.6  
1246  3  20.5  22.7  13.6  
1247  3  20.3  25.1  22.2  
1248  2  20.2  23.5  
1267  3  20.5  18.2  22.8  
1268  3  21.2  19.2  3.5  
1271  2  20.3  22.4  
1272  1  20.0  
1273  4  20.3  25.9  27.1  22.7  
1290  3  20.4  3.5  24.4  
1291  3  20.6  17.2  22.4  
1292  1  20.1  
1293  1  20.5  
1294  1  20.2  
1329  2  10.2  4.2  
1331  5  11.1  14.2  16.8  19.0  21.2  
1333  1  20.6  
1334  1  20.3  
1335  1  20.5  
1336  3  20.6  17.1  18.6  
1337  2  20.5  3.3  
1338  2  20.2  22.5  
1339  1  20.3  
2577  1  22.3  
2578  1  22.2  
2590  1  22.2  
2591  1  22.1  
2592  1  22.2  
2605  1  21.9  
1348  6  23.3  4.7  8.7  12.4  16.2  19.0  
1354  1  22.8  
1355  1  23.3  
1358  2  23.0  3.6  
1359  3  23.0  12.1  19.3  
1369  1  23.3  
1370  3  23.2  4.7  6.9  
1377  2  22.1  4.0  
1378  2  22.4  4.0  
1379  2  22.7  4.6  
1389  2  22.7  3.4  
1390  4  22.5  6.1  8.5  4.7  
2616  2  22.0  4.9  
1403  2  22.4  3.4  
1404  2  22.0  3.6  
1413  3  22.9  12.6  3.4  
1414  3  23.2  8.4  9.7  
1415  1  23.0  
1416  3  23.0  6.7  5.2  
1417  1  22.6  
1434  4  22.5  4.9  10.8  6.6  
1435  4  22.4  3.2  6.4  7.7  
1436  2  22.3  7.1  
1437  4  22.2  17.2  6.1  11.3  
1438  3  22.3  3.1  8.5  
1456  4  22.7  5.0  10.1  19.9  
1457  1  22.2  
1458  2  22.9  6.6  
1459  4  22.7  7.4  5.1  11.3  
1465  4  22.4  4.9  6.8  19.4  
1466  2  22.8  5.1  
1488  4  22.7  6.2  3.3  10.9  
1489  6  22.5  11.4  3.7  5.9  13.7  16.5  
1490  4  22.5  12.4  3.9  5.8  
1491  4  22.5  3.5  14.0  7.3  
1492  4  22.4  8.4  3.2  16.4  
1540  6  18.1  7.6  12.7  4.6  10.4  15.5  
1541  7  18.0  4.8  10.4  13.4  16.5  6.5  8.5  
1542  5  18.3  6.3  8.4  10.9  13.8  
1543  7  18.3  12.1  14.2  16.9  3.3  9.6  6.2  
1488  4  22.7  6.2  3.3  10.9  
1489  6  22.5  11.4  3.7  5.9  13.7  16.5  
1490  4  22.5  12.4  3.9  5.8  
1491  4  22.5  3.5  14.0  7.3  
1492  4  22.4  8.4  3.2  16.4  
1540  6  18.1  7.6  12.7  4.6  10.4  15.5  
1541  7  18.0  4.8  10.4  13.4  16.5  6.5  8.5  
1542  5  18.3  6.3  8.4  10.9  13.8  
1543  7  18.3  12.1  14.2  16.9  3.3  9.6  6.2  
1543  9  18.3  12.1  14.2  16.9  3.3  9.6  6.2  15.4  7.5  
1545  10  7.1  5.0  9.6  12.4  14.6  17.8  20.0  22.6  10.7  3.2  
1488  4  22.7  6.2  3.3  10.9  
1489  6  22.5  11.4  3.7  5.9  13.7  16.5  
1490  3  22.5  12.4  3.9  
1491  4  22.5  3.5  14.0  7.3  
1492  4  22.4  8.4  3.2  16.4  
1540  6  18.1  7.6  12.7  4.6  10.4  15.5  
1541  5  18.0  4.8  10.4  13.4  7.0  
1542  6  18.3  6.3  8.4  10.9  13.8  4.1  
1543  6  18.3  12.1  14.2  3.3  9.6  6.2  
1545  8  7.1  5.0  9.6  12.4  14.6  17.8  20.0  22.6  
1546  7  22.0  6.8  10.1  12.2  14.8  18.0  4.4  
1547  8  6.1  9.9  12.7  15.2  17.3  20.0  22.3  3.2  
1562  2  22.5  15.7  
1563  1  22.6  
1564  1  22.3  
1565  2  22.5  4.1  
1566  3  21.9  6.8  11.7  
1585  3  22.3  12.8  7.4  
1586  3  22.3  5.0  9.5  
1589  4  22.1  4.9  15.6  7.2  
1590  4  22.3  4.1  7.4  16.1  
1591  3  22.2  16.7  3.4  
1592  5  22.2  9.5  15.8  18.1  5.6  
1593  3  22.3  10.9  5.8  
1607  4  22.6  7.0  4.1  12.6  
1608  3  22.8  6.3  3.2  
1609  3  22.4  9.5  4.4  
1610  3  22.0  6.3  9.8  
1611  3  22.6  4.5  12.0  
1612  3  7.4  22.0  3.5  
1634  5  22.1  8.5  16.2  18.8  3.7  
1635  3  22.5  3.6  14.6  
1636  4  22.1  5.8  9.5  15.1  
1637  4  22.4  13.2  6.1  9.5  
1638  1  22.5  
1652  6  22.7  12.0  8.5  4.4  14.3  20.3  
1653  5  22.5  9.6  4.2  11.7  15.8  
1654  4  22.4  7.0  3.0  17.5  
1655  5  22.7  7.6  11.2  4.1  18.3  
1665  4  22.0  13.2  8.2  3.1  
1666  5  21.8  18.4  6.8  8.9  3.8  
1667  4  22.2  8.7  17.7  15.6  
1668  4  22.0  9.0  15.9  3.2  
1669  3  21.9  3.1  6.7  
1670  1  21.9  
1685  4  21.9  4.7  17.8  7.1  
1686  3  22.1  3.1  7.9  
1687  5  21.8  17.3  4.3  7.9  10.4  
1688  3  21.9  3.4  6.8  
1696  3  21.9  5.0  10.7  
1698  4  21.9  4.9  15.7  12.2  
1699  4  21.8  3.5  14.8  9.6  
1700  4  22.0  14.2  5.3  7.5  
1701  4  22.2  9.7  13.3  17.0  
1702  3  21.7  10.1  12.9  
1713  4  22.2  13.9  6.7  3.1  
1714  4  22.2  6.1  11.0  3.6  
1715  3  22.1  5.3  7.3  
1716  3  22.0  3.3  14.5  
1733  6  21.8  3.3  14.9  5.7  17.2  7.8  
1734  5  22.0  5.2  8.3  18.8  3.0  
1735  5  22.1  3.1  13.2  9.7  15.3  
1736  6  21.8  3.0  13.8  16.1  5.3  9.6  
1748  3  20.9  5.0  9.1  
1749  4  21.2  4.0  17.1  12.5  
1750  6  21.2  4.6  15.5  18.3  9.6  6.7  
1751  4  21.3  8.9  14.9  4.6  
1752  4  21.1  9.1  5.3  16.9  
1759  3  22.1  13.0  10.0  
1760  3  21.9  3.9  11.1  
1761  6  22.0  4.2  6.8  12.8  9.9  17.7  
1762  3  22.3  5.5  8.5  
1779  4  22.2  9.9  7.2  4.4  
1781  3  22.0  17.0  4.8  
1783  4  21.8  16.3  3.2  12.0  
1800  4  22.1  11.1  7.2  3.7  
1801  3  21.9  7.2  5.2  
1804  2  21.9  14.0  
1807  4  22.4  11.0  7.9  5.2  
1808  1  22.3  
1809  2  21.5  3.5  
1810  3  21.8  7.1  4.9  
1811  5  21.9  8.4  10.8  17.8  4.7  
1858  4  22.3  6.3  3.4  15.4  
1859  2  21.7  6.0  
1860  4  21.8  8.9  6.3  14.3  
1861  5  22.3  19.2  13.5  16.5  6.6  
1877  6  9.7  13.4  17.3  20.1  22.3  6.6  
1878  3  22.0  12.1  3.8  
1879  7  22.3  3.2  11.0  16.1  18.9  7.6  5.5  
1880  5  22.0  7.9  15.7  3.2  11.8  
1881  5  22.0  6.5  10.6  18.6  13.9  
1882  2  21.9  9.9  
1918  4  22.3  6.8  11.2  20.2  
1919  5  22.5  6.0  11.1  19.2  15.4  
1920  8  10.5  12.7  15.0  17.0  19.1  21.2  6.6  3.6  
1921  3  21.8  5.3  12.0  
1922  7  21.6  8.3  19.5  14.0  5.9  11.0  3.6  
1932  4  7.3  22.2  3.1  14.2  
1933  5  22.0  14.6  9.5  6.5  3.4  
1934  7  22.2  4.6  7.9  10.2  14.0  16.5  19.1  
1935  6  22.0  4.4  6.6  10.7  18.1  15.5  
1945  2  20.0  4.5  
1946  4  20.0  4.3  8.2  12.8  
1947  4  19.9  4.2  11.2  6.7  
1948  6  20.3  22.4  11.5  5.3  17.8  14.7  
1963  5  22.0  4.7  13.0  18.4  8.2  
1964  6  22.3  5.7  11.6  19.5  16.0  8.0  
1965  6  22.1  8.5  11.3  14.6  4.0  6.2  
1966  5  22.1  4.0  18.2  9.7  15.9  
1967  6  22.0  8.1  4.9  10.5  14.5  17.2  
1974  6  5.1  7.4  9.5  12.3  14.5  18.1  
1975  3  10.3  5.1  7.2  
1976  2  7.2  3.2  
1988  4  22.6  9.7  4.7  16.0  
1989  7  22.7  3.3  17.0  10.3  14.6  6.3  19.5  
1990  6  22.5  16.7  8.1  12.6  3.1  5.8  
1991  4  22.8  7.0  10.6  14.7  
2001  6  21.7  4.7  7.9  13.9  11.9  19.3  
2002  6  21.8  11.1  7.9  19.1  4.4  15.4  
2003  4  21.9  7.8  17.3  11.4  
2004  6  21.9  18.1  5.0  15.4  7.3  11.5  
2016  5  22.2  9.6  3.9  7.4  16.2  
2017  4  21.9  3.5  6.2  10.1  
2018  5  22.4  4.8  13.3  7.6  20.1  
2019  7  22.3  18.3  8.5  12.0  6.4  15.5  3.7  
2020  3  22.2  4.5  9.4  
2047  3  20.8  8.4  14.5  
2048  5  20.3  4.6  13.8  7.5  10.7  
2049  5  20.3  8.8  3.7  5.9  16.3  
2050  5  19.6  11.2  8.3  3.4  14.3  
2051  5  18.9  14.9  7.3  9.7  3.2  
2062  3  21.6  3.6  9.6  
2063  6  21.6  3.1  11.3  16.2  6.6  14.0  
2064  4  21.8  4.2  11.2  7.8  
2065  5  21.6  3.8  12.3  19.1  6.4  
2066  2  21.4  6.3  
2074  6  21.4  14.7  17.1  11.2  4.9  8.8  
2075  6  21.2  13.9  8.5  4.7  11.9  18.3  
2076  4  21.6  14.9  6.5  9.4  
2077  6  21.7  10.9  13.8  16.0  19.4  8.4  
2088  5  21.9  5.9  10.8  8.0  3.9  
2089  4  21.6  12.7  4.9  9.7  
2090  5  21.1  7.7  16.0  4.0  11.0  
2091  3  21.2  6.0  17.8  
2092  3  21.1  5.3  16.4  
2102  5  21.8  12.7  16.9  19.2  3.6  
2103  4  21.8  4.6  15.7  8.5  
2104  4  22.0  8.9  19.5  14.2  
2106  5  22.3  6.2  8.3  18.5  11.2  
2121  5  21.9  4.3  14.6  8.2  19.2  
2122  3  22.0  5.0  14.6  
2123  6  22.1  3.1  6.4  11.6  18.3  14.8  
2124  4  22.1  4.3  18.7  11.7  
2125  4  22.1  14.8  4.6  18.3  
2126  4  22.0  16.4  6.5  11.4  
2134  4  21.3  4.6  12.0  7.1  
2135  4  21.7  3.4  7.2  18.5  
2136  5  21.5  11.2  7.5  3.5  17.5  
2137  3  21.4  8.6  4.5  
2146  5  21.7  4.3  14.5  9.8  12.0  
2147  4  22.2  11.9  17.4  3.1  
2148  4  21.7  15.3  4.2  12.7  
2149  5  21.2  3.0  7.4  12.8  9.5  
2157  6  21.4  16.2  3.1  9.2  13.9  11.3  
2158  4  21.6  5.7  3.7  11.0  
2159  6  21.6  5.1  13.6  15.8  18.3  11.4  
2160  4  21.3  6.9  4.6  18.0  
2174  5  22.1  16.8  20.0  4.1  7.6  
2175  4  22.1  19.1  3.3  9.3  
2176  2  21.8  4.4  
2177  4  22.0  4.2  17.3  8.2  
2187  6  22.0  11.2  4.4  7.0  14.6  17.9  
2188  3  22.2  15.6  7.0  
2189  5  21.8  14.5  18.4  6.3  11.1  
2190  4  22.2  8.8  16.1  3.0  
2199  4  22.0  13.7  5.0  7.6  
2200  6  22.2  5.6  3.1  16.7  9.8  12.2  
2201  7  22.1  9.9  4.5  14.6  19.2  16.9  6.7  
2202  5  22.2  16.2  3.4  12.5  10.0  
2203  3  21.9  13.4  3.8  
2211  5  22.0  4.4  12.2  8.0  10.0  
2212  3  22.0  14.3  9.0  
2213  5  21.8  7.5  5.3  14.9  11.4  
2214  3  22.0  10.1  5.9  
2215  5  22.1  9.8  13.5  6.6  3.1  
2226  5  22.0  18.3  4.8  8.0  15.8  
2227  4  21.9  7.2  3.5  16.8  
2228  6  22.1  10.2  17.9  5.7  7.8  3.6  
2229  5  21.7  10.5  15.4  6.1  3.7  
2238  5  22.0  12.8  3.4  9.9  17.2  
2242  7  22.1  3.2  6.7  11.6  14.1  16.9  19.9  
2243  7  21.8  5.8  9.9  12.1  15.7  19.2  3.4  
2244  5  22.0  4.7  8.0  13.8  10.8  
2245  7  22.3  14.3  5.0  16.6  8.3  19.6  11.0  
2246  6  22.1  10.8  6.3  17.6  3.6  13.6  
2261  4  21.9  4.2  17.7  10.2  
2262  6  22.0  3.9  18.1  12.3  9.0  5.9  
2263  6  22.1  10.9  14.4  6.9  17.6  3.3  
2265  4  22.2  14.0  5.2  10.4  
2266  6  9.7  7.3  22.2  3.4  15.2  19.9  
2267  5  22.8  7.3  3.3  11.6  19.4  
2273  3  22.2  4.5  15.5  
2274  6  22.3  7.0  14.7  18.9  11.4  3.3  
2275  5  22.0  3.4  12.9  5.7  10.0  
2276  4  21.9  4.2  8.7  17.5  
2282  4  22.0  8.3  18.0  11.7  
2283  6  22.2  16.7  4.6  9.6  7.2  12.9  
2284  4  22.2  9.4  6.2  17.2  
2285  3  22.0  15.4  6.7  
2286  5  22.4  3.4  10.0  16.9  5.4  
2287  6  22.3  16.7  8.1  5.0  3.0  12.5  
2288  6  22.2  7.9  19.4  4.3  14.3  16.8  
1213  7  20.2  17.4  22.4  29.0  36.1  12.8  149.7  
1222  5  20.4  14.1  24.1  27.2  18.3  
2483  1  10.6  
2484  1  10.7  
2485  1  10.5  
2486  2  10.6  12.6  
2487  1  10.9  
2488  1  10.8  
2489  1  10.8  
2490  2  10.9  13.6  
2476  3  21.7  23.8  19.5  
2477  4  21.6  19.5  24.2  15.9  
2478  3  22.0  19.0  24.2  
2479  4  21.7  24.4  19.5  17.3  
2556  3  15.7  13.2  17.8  
2557  2  15.5  17.7  
2558  3  15.4  13.0  17.5  
2559  3  15.8  18.1  13.4  
2560  4  15.8  18.2  13.6  3.3  
2561  3  15.7  18.2  13.6  
2492  3  21.7  24.5  19.6  
2493  3  21.7  19.4  24.0  
2495  2  10.7  12.9  
2496  1  10.8  
2497  3  10.8  13.0  8.6  
2498  1  10.7  
1371  2  22.9  3.7  
1372  2  22.8  20.0  
2564  3  15.6  13.5  17.7  
1381  2  22.0  17.5  
1382  4  22.9  3.5  12.8  19.0  
2619  4  21.6  18.2  8.0  5.7  
2620  2  21.3  5.4  
2565  4  16.0  18.0  4.0  13.3  
2566  3  15.8  13.0  18.5  
1405  5  22.4  4.8  8.6  12.8  18.0  
1406  4  22.3  9.4  6.6  3.2  
1493  3  22.5  4.8  18.0  
1422  5  23.2  13.2  9.7  20.7  6.5  
1494  3  22.6  11.9  5.2  
1495  4  22.3  6.3  3.1  15.9  
1425  3  22.7  4.5  7.7  
1496  1  22.3  
1499  1  23.1  
1501  3  22.7  3.1  10.4  
1439  2  22.5  9.5  
1502  2  22.5  3.3  
1440  3  22.0  4.4  9.3  
1548  6  22.2  6.8  12.1  14.3  16.3  19.6  
1460  4  22.4  4.6  13.0  6.9  
1549  6  22.6  15.4  17.5  20.4  6.0  8.1  
1461  2  22.5  3.8  
1567  2  22.3  4.6  
1568  2  22.4  5.5  
2641  3  21.6  7.7  4.5  
1587  2  22.9  8.5  
1588  3  22.4  3.7  7.8  
2642  4  21.7  19.2  7.2  16.8  
1594  3  22.3  8.6  3.1  
2644  2  21.5  6.8  
1595  3  22.5  13.3  8.6  
2657  3  21.6  6.5  3.3  
1596  3  22.3  4.2  15.3  
1597  4  22.2  11.6  3.2  13.7  
2686  5  21.9  19.5  4.1  6.3  11.4  
2687  5  22.0  11.1  4.0  9.0  17.6  
2688  5  22.1  7.8  13.0  3.0  17.5  
2699  3  22.2  4.3  9.4  
1639  4  22.4  5.9  8.2  10.9  
1640  2  22.2  4.8  
1641  5  22.8  4.2  7.2  18.1  12.9  
1862  3  21.9  11.1  4.0  
1656  5  22.6  7.4  4.5  15.1  9.5  
1863  2  21.9  9.1  
1657  4  22.1  10.1  6.2  4.1  
1658  3  22.9  11.7  6.8  
1883  3  5.1  9.1  15.2  
1884  3  10.0  7.5  4.9  
1885  1  4.2  
1672  4  21.9  3.8  9.9  16.1  
1887  2  22.0  14.8  
1892  3  22.2  5.2  13.6  
1673  4  21.9  13.2  6.2  3.6  
1893  5  22.3  12.4  17.0  7.9  3.5  
1674  6  22.4  3.9  18.9  13.7  11.4  16.1  
1894  4  22.1  16.4  4.4  11.7  
1689  7  22.0  17.2  6.2  3.7  8.4  11.9  19.9  
1895  3  17.9  3.1  5.1  
1690  4  22.0  4.1  16.6  11.5  
1924  5  22.1  13.2  10.0  16.4  6.0  
1691  5  21.9  9.5  6.4  13.1  3.8  
1925  4  21.7  13.1  5.1  8.6  
1704  6  22.4  19.0  7.7  5.2  15.6  11.9  
1936  5  21.9  19.8  4.4  16.0  11.3  
1705  4  22.1  5.7  9.2  17.6  
1937  4  22.0  4.1  7.0  11.0  
1706  4  22.5  13.6  9.7  3.5  
1717  5  21.2  16.1  3.5  6.2  9.0  
1949  7  20.2  10.3  7.9  5.3  22.4  17.2  13.0  
1718  5  22.0  6.3  9.6  12.6  15.4  
1950  7  8.2  10.6  12.8  15.9  18.5  20.6  4.1  
1738  3  20.9  5.3  10.9  
1951  5  20.1  8.1  22.2  12.5  3.7  
1977  2  7.2  3.4  
1739  5  21.3  11.5  16.5  8.0  5.9  
1978  2  7.4  4.7  
1740  4  21.0  5.2  16.6  14.5  
1979  8  6.5  8.7  10.9  13.3  15.3  17.4  20.0  22.1  
1753  5  21.2  10.0  6.8  4.7  16.5  
1981  3  22.5  19.2  9.7  
1763  2  22.1  6.0  
1982  6  22.3  3.5  18.4  11.9  5.5  9.7  
1768  3  22.0  4.9  9.9  
1769  3  22.1  7.1  18.4  
1992  3  21.7  7.4  9.5  
1784  3  22.0  10.9  3.9  
1993  4  21.8  4.6  9.0  15.7  
1785  2  22.3  6.0  
1994  3  22.1  7.7  11.8  
2724  4  22.0  15.9  12.2  4.0  
2005  5  21.7  5.4  3.3  18.8  11.7  
2006  6  22.0  17.0  6.1  13.5  3.3  19.4  
2725  4  21.8  4.0  17.4  19.5  
2021  5  22.3  19.0  4.0  8.4  12.3  
2726  4  21.8  5.5  8.6  14.7  
2022  5  22.0  3.1  8.9  12.5  14.6  
2052  2  18.7  5.2  
2727  6  21.6  3.7  6.4  13.8  9.3  16.4  
2053  5  18.6  10.3  4.3  7.4  15.5  
2740  4  22.2  11.1  8.0  4.5  
2078  6  9.5  13.5  17.5  20.3  3.6  7.5  
2741  1  21.7  
2079  4  21.4  3.5  16.5  7.3  
2080  6  21.7  8.3  11.3  16.3  5.0  14.3  
2081  6  21.6  8.3  12.6  10.5  3.8  16.0  
2093  3  21.5  4.5  10.9  
2094  6  21.7  19.5  14.6  11.3  3.9  8.1  
2107  6  22.0  5.1  12.0  8.2  14.0  19.3  
2108  4  21.9  8.5  6.1  10.6  
2109  3  21.7  12.4  5.8  
2110  3  22.0  7.3  4.9  
2111  4  21.8  3.7  13.0  6.3  
2127  3  21.9  5.7  9.7  
2128  4  21.9  17.3  4.9  12.1  
2138  6  21.7  10.2  12.2  7.8  3.7  15.3  
2139  4  21.7  7.4  4.6  17.0  
2140  4  21.8  5.0  7.9  15.7  
2161  5  21.7  7.9  10.1  12.8  18.9  
2162  3  21.6  8.1  17.7  
2163  4  21.7  11.5  4.4  13.9  
2178  4  22.1  6.4  12.2  3.1  
2179  4  22.0  16.7  9.1  5.4  
2180  4  21.9  15.9  6.0  3.4  
2191  7  22.1  10.0  3.5  12.6  18.4  15.0  7.0  
2192  4  22.1  5.6  3.1  9.7  
2204  3  22.4  18.9  5.3  
2205  3  22.0  6.5  10.5  
2216  5  22.0  10.4  19.5  14.4  4.1  
2218  4  22.1  5.6  11.3  3.5  
2219  5  21.4  7.0  3.7  14.9  11.1  
2247  5  22.6  7.0  9.4  3.4  11.9  
2248  3  21.8  19.3  6.3  
2249  5  22.3  15.1  7.9  5.6  12.8  
2250  6  22.3  3.2  8.1  13.9  11.6  6.0  
2289  5  12.7  7.5  10.6  16.7  20.6  
2290  6  22.0  14.9  3.8  6.2  8.6  10.9  
2746  4  21.9  11.3  8.4  4.2  
2747  5  21.8  8.0  18.3  13.1  4.8  
2748  5  21.9  4.7  15.5  11.3  18.6  
2749  4  22.0  19.5  6.0  17.1  
2759  3  21.7  7.9  11.1  
2760  4  21.9  12.6  3.4  5.6  
2761  2  22.0  9.8  
2762  2  22.2  6.7  
2763  4  22.1  5.5  7.7  16.1  
2820  5  20.1  22.1  3.6  10.4  7.2  
2821  4  21.6  15.4  4.5  9.4  
2525  3  21.4  23.5  18.8  
2526  3  21.3  19.1  23.4  
2527  3  21.4  18.7  23.4  
2528  3  21.4  18.7  23.5  
2529  3  21.3  19.0  23.7  
2530  3  21.3  18.8  23.7  
1367  5  22.8  7.8  11.5  16.4  4.0  
1368  1  23.1  
2531  3  21.5  24.1  19.4  
1374  3  22.6  10.7  3.3  
1375  3  22.7  5.1  8.9  
1376  2  22.4  3.9  
1383  3  22.5  9.1  14.5  
1384  1  22.5  
1386  3  22.5  19.1  6.7  
1387  4  22.3  3.8  8.6  12.9  
1388  1  22.1  
1373  2  22.3  3.2  
2613  4  21.7  9.4  6.2  17.6  
2533  1  10.6  
2614  4  21.7  4.7  7.3  9.8  
2615  1  22.3  
2623  4  21.8  7.6  13.5  4.0  
2624  3  21.3  5.1  15.0  
2625  3  21.6  3.1  10.1  
2534  1  10.8  
2535  1  10.6  
2536  1  10.5  
2537  2  10.5  12.5  
2538  1  10.7  
2539  1  10.7  
2540  1  10.5  
2542  1  10.7  
2542  1  10.7  
2543  1  10.8  
2546  3  15.5  13.4  17.5  
1399  4  22.9  14.6  6.2  12.3  
1402  4  22.2  5.3  11.8  15.9  
1408  2  22.1  3.2  
1409  2  23.0  3.1  
2547  1  15.5  
1410  4  23.1  3.0  9.8  5.6  
2548  1  15.5  
2549  2  15.6  18.7  
2550  2  15.5  17.6  
2551  2  15.7  17.8  
2552  1  15.8  
2553  3  15.7  13.7  17.9  
2554  3  15.6  17.8  13.4  
1482  4  22.4  10.9  5.5  3.0  
1483  3  22.7  15.3  7.8  
1484  5  22.3  13.6  3.7  6.1  16.4  
1485  3  22.7  6.4  4.0  
1486  3  22.3  9.6  12.8  
1487  2  22.5  4.9  
1505  3  22.5  3.0  5.9  
1506  3  22.8  18.3  5.9  
1507  2  23.0  5.0  
1530  2  22.2  5.7  
1531  3  22.8  8.2  5.8  
1532  1  21.9  
1533  3  22.2  8.5  3.4  
1557  2  22.2  3.2  
1558  3  22.0  8.8  16.8  
1559  3  22.4  4.2  13.7  
1560  2  22.3  3.4  
1561  2  22.3  7.8  
1569  3  22.3  15.0  3.9  
1570  1  22.3  
1571  4  22.4  7.0  5.0  16.5  
1579  2  22.4  9.8  
1580  7  22.3  6.1  9.8  13.1  16.2  18.8  4.0  
1581  6  22.2  7.0  10.8  14.0  17.3  20.1  
1582  4  22.0  11.4  13.6  4.7  
1583  4  22.4  10.4  15.1  5.2  
1628  1  22.3  
1599  4  22.5  9.7  7.4  4.4  
1629  3  22.2  13.8  4.7  
1600  2  22.1  15.3  
1630  7  10.6  14.2  17.2  19.2  22.2  5.8  3.4  
1604  4  22.1  13.0  8.7  5.5  
1631  5  22.2  11.2  7.5  3.9  14.7  
1605  6  22.6  13.4  17.9  3.6  20.4  6.3  
1632  3  22.0  4.5  8.3  
1606  3  22.7  3.2  5.9  
1633  5  22.2  4.4  7.6  13.4  18.0  
1613  2  21.8  5.6  
1644  7  22.8  3.1  6.0  11.9  14.3  16.9  19.3  
1614  2  22.2  11.2  
1645  4  21.6  3.6  7.8  11.9  
1615  6  22.1  10.2  12.4  15.2  18.4  4.6  
1646  4  23.0  4.6  8.2  17.5  
1616  4  22.5  4.6  12.2  17.0  
1647  1  22.7  
1617  2  22.4  4.8  
1618  5  22.2  12.2  5.1  15.7  17.8  
1651  6  22.8  3.2  5.9  18.3  10.0  14.8  
1619  3  21.9  16.6  14.6  
1659  6  22.4  5.8  3.2  14.0  8.4  17.1  
2670  2  21.8  4.0  
2671  3  22.0  4.4  12.5  
1660  8  22.8  4.5  7.5  9.9  13.1  15.7  17.8  20.7  
2672  4  21.6  4.2  6.9  17.2  
1661  5  22.4  7.0  14.7  3.5  10.3  
1664  6  21.7  4.1  12.0  16.3  19.1  8.6  
2673  6  21.8  19.3  3.2  15.5  12.6  6.8  
1681  5  22.1  6.5  4.4  10.7  19.4  
2674  2  22.1  4.3  
1682  4  21.9  5.3  7.5  17.8  
2675  4  22.2  14.6  4.2  11.4  
1683  3  22.0  15.3  12.2  
2676  5  21.8  19.0  5.0  9.0  13.1  
1684  5  21.6  4.8  9.5  15.5  19.5  
2689  2  22.0  19.8  
1692  5  22.0  6.2  12.8  15.6  4.0  
2690  5  22.3  7.5  3.4  19.0  10.1  
1693  3  21.7  5.2  13.0  
1694  5  22.0  3.5  8.2  10.3  5.5  
2691  7  21.5  6.4  8.8  11.6  14.9  17.9  3.5  
1695  6  21.6  15.2  5.7  11.3  3.3  8.7  
1709  7  22.0  18.7  7.5  5.0  16.7  10.1  14.4  
2692  6  22.6  10.5  12.8  6.7  3.2  16.8  
2693  6  11.9  14.7  18.1  22.6  6.5  8.8  
1710  5  21.9  8.0  16.6  5.1  12.5  
2694  5  22.3  18.4  4.4  9.5  15.6  
1711  5  22.3  3.5  16.7  7.0  9.6  
1712  5  22.0  11.9  17.0  6.1  9.8  
1721  4  21.7  4.5  18.2  8.1  
1722  5  22.0  15.0  7.4  3.1  10.5  
1723  2  22.4  7.1  
1730  3  22.0  4.8  15.3  
1731  1  21.8  
1732  5  21.7  3.2  7.2  17.0  10.0  
1743  4  21.0  5.0  13.6  8.9  
1744  6  21.2  5.8  18.9  10.9  8.1  13.4  
1745  4  21.3  8.9  13.5  6.5  
1746  3  20.7  15.5  5.0  
1747  7  21.4  9.5  5.4  12.6  15.7  18.7  3.4  
1754  3  21.4  4.8  13.2  
1755  3  21.5  3.9  14.1  
1756  4  22.0  3.5  8.1  12.2  
1757  4  22.6  6.5  3.3  13.5  
1758  5  22.5  4.2  7.1  13.8  19.3  
1771  6  21.9  3.2  7.0  14.1  11.9  16.8  
1772  4  22.5  5.5  3.2  7.9  
1773  5  22.1  15.0  10.6  5.5  19.7  
1774  4  22.1  4.6  13.2  7.7  
1775  3  22.0  3.0  7.5  
1791  5  21.9  17.8  7.4  14.7  4.9  
1792  4  22.1  4.0  14.8  8.7  
1793  5  22.0  7.3  4.7  16.7  12.3  
1794  4  21.9  3.1  14.7  17.2  
1795  3  22.5  3.1  19.5  
1798  4  22.1  11.9  8.1  3.8  
1799  2  22.0  4.3  
1812  4  21.2  4.8  13.7  8.1  
1813  2  21.9  15.9  
2705  5  21.9  19.3  17.2  5.0  13.0  
2706  5  21.9  4.5  15.1  7.8  11.0  
2707  3  22.0  3.5  12.4  
2708  3  22.0  18.9  4.2  
2709  3  22.0  15.5  10.7  
2710  4  21.9  8.9  4.3  19.5  
2711  3  22.2  13.5  6.0  
2728  3  22.0  4.0  8.5  
2729  3  22.2  3.5  14.5  
2730  5  21.7  9.2  13.7  3.1  6.4  
2731  5  21.9  12.1  3.2  8.7  6.5  
2732  4  21.9  6.2  3.4  11.5  
2733  6  21.6  11.0  7.9  15.4  18.3  4.4  
2734  4  21.8  7.5  14.5  4.4  
1841  5  21.9  3.9  6.0  17.1  8.4  
1842  4  22.2  3.9  8.1  13.6  
1843  1  21.9  
1844  5  22.0  4.5  15.3  9.0  6.8  
1845  3  22.4  4.6  11.4  
1846  1  22.4  
1847  1  22.0  
1849  3  22.2  10.4  7.8  
1850  3  22.4  12.4  15.0  
1851  5  22.2  5.4  16.6  8.9  11.0  
1857  5  23.1  6.5  3.1  12.4  10.2  
1868  2  22.4  11.3  
1869  3  22.1  8.5  10.7  
1870  4  22.3  11.4  20.0  6.4  
1871  6  11.3  21.9  15.3  8.1  4.6  17.6  
1872  1  22.2  
1874  5  22.1  14.5  3.8  9.6  18.0  
1875  6  22.2  4.1  17.2  10.0  7.4  14.4  
1876  6  21.8  8.5  15.1  4.1  11.2  19.6  
1896  5  18.4  5.0  7.2  14.2  20.6  
1897  7  20.2  7.6  16.1  10.0  4.9  18.2  12.3  
1898  4  17.1  4.7  7.2  10.5  
1899  3  17.0  12.2  7.8  
1900  2  17.0  5.1  
1917  7  22.7  16.9  5.1  3.1  9.7  11.7  14.7  
1926  4  21.9  8.7  5.2  15.8  
1927  4  21.6  15.0  6.7  10.6  
2500  4  21.2  11.3  18.3  23.4  
1928  3  22.5  4.6  9.7  
1929  4  21.8  4.8  8.9  18.4  
1930  3  22.1  6.7  15.5  
1931  5  22.0  17.4  7.6  4.3  10.0  
1938  6  21.8  14.9  17.2  9.9  3.8  7.2  
1939  8  21.9  9.7  4.3  7.5  12.1  15.4  17.6  19.8  
1941  6  20.6  18.5  8.0  4.7  11.5  14.3  
1942  7  16.8  11.9  3.2  9.9  19.3  7.0  22.1  
1943  7  17.2  20.1  4.0  22.1  11.9  7.9  15.1  
1944  6  20.2  5.0  13.6  7.4  3.0  11.0  
1955  4  7.4  22.3  4.1  15.0  
1957  7  21.9  17.8  14.5  11.0  8.1  5.5  3.1  
1958  4  22.1  15.4  4.6  7.3  
2501  5  21.2  23.5  18.9  5.2  16.4  
1960  8  22.4  14.5  16.7  19.2  8.0  10.1  5.8  3.3  
1961  5  22.3  14.4  10.3  6.4  16.7  
1962  7  22.2  16.2  13.9  3.2  18.6  7.5  11.6  
1983  6  22.6  4.3  6.9  11.9  9.2  16.3  
1984  6  22.7  3.8  6.5  10.2  16.9  19.1  
1985  5  22.4  13.3  19.9  5.2  8.8  
1986  6  22.4  8.8  3.7  6.7  16.9  12.1  
1987  5  22.7  7.1  18.3  3.2  11.4  
1995  4  22.2  9.6  6.1  3.6  
1996  6  21.8  3.7  6.9  11.2  9.1  17.2  
1997  5  21.2  19.1  5.7  12.1  8.4  
1998  6  22.2  17.1  14.3  4.0  6.4  19.8  
1999  8  21.9  10.4  7.7  13.4  15.5  17.6  4.2  19.7  
2000  7  21.9  19.7  6.6  13.7  10.9  16.5  4.6  
2011  5  21.6  12.3  3.2  17.2  6.0  
2012  4  21.8  3.4  7.6  14.1  
2013  5  21.9  5.9  17.5  8.6  14.0  
2502  3  21.2  23.3  19.1  
2014  5  22.0  12.0  5.6  16.1  18.7  
2015  4  22.4  15.2  6.3  9.1  
2033  6  22.0  4.8  16.9  10.0  14.0  19.6  
2034  4  21.5  11.4  4.8  8.0  
2035  6  22.3  16.2  9.1  18.7  3.1  6.0  
2045  5  21.6  16.8  12.8  4.7  19.3  
2046  5  21.2  11.0  4.8  15.6  7.1  
2054  4  18.0  8.2  11.3  5.6  
2055  2  18.0  11.5  
2058  3  21.4  17.5  15.1  
2059  6  21.8  17.9  6.0  14.9  8.6  12.0  
2060  7  21.5  8.4  10.6  12.9  15.1  19.5  3.9  
2061  5  21.6  16.4  4.0  10.3  18.6  
2069  4  21.7  10.2  16.3  6.9  
2070  4  21.1  11.9  5.3  16.8  
2071  6  21.3  4.8  8.1  11.0  13.8  18.2  
2503  4  21.4  19.2  23.6  16.9  
2072  5  21.9  11.1  14.7  4.6  7.5  
2073  7  21.5  4.4  8.1  11.4  13.5  15.5  18.4  
2083  5  21.5  6.0  18.2  3.7  16.1  
2084  4  21.6  9.4  4.6  18.4  
2085  3  21.9  9.7  12.4  
2086  4  21.3  13.6  7.6  18.6  
2087  6  21.9  5.1  12.5  3.0  17.0  19.2  
2097  5  22.4  3.3  7.9  11.4  5.6  
2098  7  22.3  6.3  3.0  13.9  17.2  19.4  11.4  
2099  5  21.9  10.3  4.9  17.9  7.5  
2100  5  21.8  11.3  3.3  7.4  5.3  
2101  6  22.1  12.7  6.8  16.2  3.6  10.7  
2116  6  22.0  7.9  11.9  15.1  3.1  17.1  
2117  5  21.8  13.5  16.3  4.9  10.2  
2505  1  10.8  
2118  5  22.0  3.7  5.7  15.5  19.0  
2119  6  22.2  4.7  17.2  8.5  13.5  10.5  
2120  3  22.0  5.1  10.9  
2129  3  21.8  14.3  8.9  
2130  2  21.7  6.9  
2131  4  21.7  19.3  3.2  7.7  
2132  3  21.5  4.3  19.2  
2133  4  21.6  4.9  8.9  15.8  
2141  3  21.8  14.0  5.1  
2506  2  10.8  12.8  
2142  6  21.7  9.7  16.4  6.8  4.6  12.0  
2143  4  22.0  4.3  17.9  8.1  
2144  4  21.9  18.5  11.1  4.7  
2145  4  22.0  5.5  10.2  12.5  
2152  4  21.7  15.0  3.5  8.4  
2153  6  21.7  8.3  11.3  4.7  18.2  13.5  
2154  6  21.3  7.2  13.8  4.6  18.5  10.9  
2155  5  21.6  5.9  3.3  9.1  13.5  
2156  5  21.7  4.0  7.0  18.9  16.7  
2164  6  21.8  3.2  18.7  9.0  14.2  16.7  
2507  2  10.8  13.2  
2165  6  21.8  9.7  14.2  16.9  19.4  3.4  
2166  4  21.9  9.4  6.4  17.4  
2167  7  21.7  7.4  5.3  14.0  17.1  19.6  10.7  
2168  7  21.8  8.8  4.1  14.6  12.4  16.9  19.0  
2169  6  21.9  19.5  5.8  3.6  9.8  12.3  
2181  3  22.1  8.0  10.1  
2182  5  22.0  3.3  10.6  17.8  7.7  
2508  1  10.9  
2183  5  22.3  11.3  3.9  13.4  8.3  
2184  4  22.0  6.0  14.3  18.5  
2185  5  22.3  8.2  18.2  13.0  3.4  
2186  4  21.9  11.1  6.2  16.5  
2193  3  22.0  10.2  6.6  
2194  2  22.0  5.7  
2195  5  22.1  18.5  4.6  8.6  13.7  
2196  3  21.9  3.6  8.2  
2198  5  22.2  3.6  8.1  11.9  18.2  
2509  2  10.7  12.9  
2206  4  22.2  4.1  18.7  7.7  
2207  4  21.7  6.5  9.7  13.1  
2208  5  21.8  11.7  19.6  8.8  5.3  
2209  4  22.2  14.5  3.4  6.2  
2210  4  21.8  4.2  7.7  16.5  
2220  5  22.1  12.0  14.5  7.1  3.8  
2221  4  22.1  7.8  4.5  15.5  
2222  4  22.0  6.3  9.5  14.4  
2223  4  22.0  11.0  18.3  6.6  
2510  2  10.7  12.7  
2224  3  22.4  13.6  18.7  
2225  4  21.7  13.4  4.6  17.1  
2233  5  22.0  10.1  6.9  13.2  16.9  
2234  6  21.9  6.6  14.2  17.1  3.0  10.6  
2235  6  22.1  6.4  15.9  12.0  8.5  4.1  
2236  5  22.1  18.5  12.8  7.1  4.6  
2237  5  22.2  8.4  4.2  13.2  15.5  
2511  1  10.8  
2255  5  12.1  9.3  18.9  21.6  3.3  
2256  4  22.0  8.7  12.2  3.7  
2257  7  22.1  3.4  12.7  16.8  19.8  6.7  10.5  
2258  4  22.0  5.7  18.3  3.6  
2259  4  22.2  16.6  4.6  12.0  
2260  3  22.0  6.7  10.1  
2268  3  22.3  9.3  5.6  
2269  6  22.3  10.4  4.6  12.6  7.3  14.6  
2270  6  21.9  16.2  11.8  8.0  19.6  3.4  
2272  5  22.5  17.7  13.4  8.9  4.9  
2513  3  15.4  17.6  13.3  
2277  6  22.0  10.8  6.4  15.8  12.8  3.2  
2278  7  21.6  3.2  11.2  14.9  5.3  18.3  7.9  
2279  5  22.1  3.2  11.5  5.6  8.5  
2280  4  22.3  5.2  7.7  16.7  
2281  4  21.8  8.6  11.7  6.3  
2753  4  22.2  16.5  3.1  10.8  
2754  6  21.9  3.7  12.0  14.1  8.9  19.0  
2755  3  21.6  4.6  8.5  
2756  3  21.8  19.5  8.8  
2768  4  21.9  5.9  3.5  10.4  
2769  6  22.1  6.9  18.8  9.8  4.0  12.7  
2770  4  21.9  7.5  3.3  15.7  
2771  4  22.0  9.2  11.8  17.0  
2772  2  21.9  4.1  
2514  4  15.5  13.4  17.5  11.4  
2775  6  17.2  22.7  3.6  12.2  6.4  19.7  
2776  5  22.1  12.6  18.2  15.4  10.6  
2778  6  22.2  5.3  19.9  11.7  14.0  7.5  
2779  4  21.9  11.4  5.9  3.6  
2780  3  22.0  10.0  15.7  
2783  6  22.1  7.0  11.1  13.2  17.4  4.5  
2784  5  22.0  4.2  18.6  9.0  15.8  
2814  5  22.0  13.6  7.4  3.4  11.1  
2815  5  21.4  12.4  6.1  10.2  3.8  
2816  2  21.7  8.7  
2818  1  21.8  
2516  3  15.6  17.8  13.0  
2519  4  15.4  11.9  18.5  9.6  
2520  4  15.5  13.1  17.7  4.2  
2521  3  15.4  13.3  18.6  
2522  3  15.6  17.9  13.5  
1399  4  22.9  14.6  6.2  12.3  
1402  4  22.2  5.3  11.8  15.9  
1408  2  22.1  3.2  
1409  2  23.0  3.1  
1410  4  23.1  3.0  9.8  5.6  
1411  2  22.9  9.4  
1412  2  23.0  14.5  
1427  4  23.0  15.1  5.4  12.1  
1428  3  22.9  6.5  3.4  
1430  4  22.6  17.3  5.0  10.5  
1431  3  22.7  5.9  17.0  
1432  3  22.8  4.3  20.1  
1433  4  22.3  11.3  3.1  8.4  
1450  3  22.8  18.3  5.7  
1451  3  23.1  4.4  10.3  
1452  3  22.7  3.1  10.1  
1453  3  22.9  17.2  3.6  
1454  2  22.7  5.5  
1455  4  22.9  15.1  7.7  5.5  
1462  4  22.4  8.7  5.2  3.1  
1463  2  23.0  10.1  
1464  3  22.6  10.3  3.0  
2636  5  21.5  8.2  3.3  13.2  10.6  
2637  4  21.8  11.4  3.1  8.9  
2638  4  21.8  12.4  3.3  6.9  
2648  1  21.8  
2649  3  21.7  5.6  8.5  
2650  3  21.9  13.1  7.5  
2651  2  21.7  6.4  
2652  2  14.3  21.8  
2653  5  22.2  8.2  3.1  11.8  17.1  
1369  1  23.3  
1403  2  22.4  3.4  
1370  3  23.2  4.7  6.9  
1404  2  22.0  3.6  
1377  2  22.1  4.0  
1413  3  22.9  12.6  3.4  
1414  2  23.2  8.4  
1378  2  22.4  4.0  
1415  1  23.0  
1416  2  23.0  6.7  
1379  2  22.7  4.6  
1417  1  22.6  
1434  3  22.5  4.9  10.8  
1389  2  22.7  3.4  
1435  3  22.4  3.2  6.4  
1390  3  22.5  6.1  8.5  
1436  2  22.3  7.1  
1437  4  22.2  17.2  6.1  11.3  
2616  2  22.0  4.9  
1438  3  22.3  3.1  8.5  
1456  4  22.7  5.0  10.1  19.9  
2617  1  21.8  
1457  1  22.2  
2618  2  21.8  5.2  
1458  2  22.9  6.6  
1459  4  22.7  7.4  5.1  11.3  
2626  5  21.4  4.3  11.2  14.3  18.0  
1465  3  22.4  4.9  19.4  
2627  6  12.7  15.1  18.6  8.6  20.9  5.1  
1466  2  22.8  5.1  
2628  2  21.4  14.1  
2629  1  21.6  
2639  4  21.8  3.2  10.3  6.0  
2640  2  21.7  4.0  
2654  6  21.8  3.7  14.2  6.3  17.9  10.6  
2655  3  21.7  10.7  5.9  
2656  3  22.1  9.3  18.6  
1488  4  22.7  6.2  3.3  10.9  
1489  6  22.5  11.4  3.7  5.9  13.7  16.5  
1490  3  22.5  12.4  3.9  
1491  4  22.5  3.5  14.0  7.3  
1492  4  22.4  8.4  3.2  16.4  
1540  6  18.1  7.6  12.7  4.6  10.4  15.5  
1541  5  18.0  4.8  10.4  13.4  7.0  
1542  6  18.3  6.3  8.4  10.9  13.8  4.1  
1543  6  18.3  12.1  14.2  3.3  9.6  6.2  
1545  8  7.1  5.0  9.6  12.4  14.6  17.8  20.0  22.6  
1634  5  22.1  8.5  16.2  18.8  3.7  
1546  7  22.0  6.8  10.1  12.2  14.8  18.0  4.4  
1635  3  22.5  3.6  14.6  
1547  8  6.1  9.9  12.7  15.2  17.3  20.0  22.3  3.2  
1636  4  22.1  5.8  9.5  15.1  
1562  2  22.5  15.7  
1637  4  22.4  13.2  6.1  9.5  
1563  1  22.6  
1638  1  22.5  
1564  1  22.3  
1652  6  22.7  12.0  8.5  4.4  14.3  20.3  
1565  2  22.5  4.1  
1653  5  22.5  9.6  4.2  11.7  15.8  
1566  3  21.9  6.8  11.7  
1654  4  22.4  7.0  3.0  17.5  
1585  3  22.3  12.8  7.4  
1655  5  22.7  7.6  11.2  4.1  18.3  
1586  3  22.3  5.0  9.5  
1665  4  22.0  13.2  8.2  3.1  
1589  4  22.1  4.9  15.6  7.2  
1666  5  21.8  18.4  6.8  8.9  3.8  
1590  4  22.3  4.1  7.4  16.1  
1667  4  22.2  8.7  17.7  15.6  
1591  3  22.2  16.7  3.4  
1668  4  22.0  9.0  15.9  3.2  
1592  5  22.2  9.5  15.8  18.1  5.6  
1669  3  21.9  3.1  6.7  
1670  1  21.9  
1593  3  22.3  10.9  5.8  
1685  4  21.9  4.7  17.8  7.1  
1607  4  22.6  7.0  4.1  12.6  
1686  3  22.1  3.1  7.9  
1608  3  22.8  6.3  3.2  
1687  5  21.8  17.3  4.3  7.9  10.4  
1609  3  22.4  9.5  4.4  
1688  3  21.9  3.4  6.8  
1610  3  22.0  6.3  9.8  
1696  3  21.9  5.0  10.7  
1611  3  22.6  4.5  12.0  
1698  4  21.9  4.9  15.7  12.2  
1612  3  7.4  22.0  3.5  
1699  4  21.8  3.5  14.8  9.6  
2677  5  21.9  4.5  16.3  11.0  8.8  
1700  4  22.0  14.2  5.3  7.5  
2678  3  21.8  6.5  4.3  
1702  3  21.7  10.1  12.9  
2679  4  21.9  10.5  8.4  3.6  
1713  4  22.2  13.9  6.7  3.1  
2680  3  21.8  15.1  4.2  
2681  4  21.7  12.9  7.6  5.0  
1714  4  22.2  6.1  11.0  3.6  
1715  3  22.1  5.3  7.3  
2682  3  21.9  13.0  5.0  
2683  4  21.7  17.9  15.1  3.1  
2684  1  22.0  
1716  3  22.0  3.3  14.5  
1733  6  21.8  3.3  14.9  5.7  17.2  7.8  
2685  4  21.7  3.5  13.9  8.3  
2695  0  
2696  4  22.5  8.9  4.2  18.4  
1734  5  22.0  5.2  8.3  18.8  3.0  
2697  3  22.2  8.2  15.0  
1735  5  22.1  3.1  13.2  9.7  15.3  
2698  3  22.4  4.6  12.6  
1736  6  21.8  3.0  13.8  16.1  5.3  9.6  
1748  3  20.9  5.0  9.1  
1749  4  21.2  4.0  17.1  12.5  
1750  6  21.2  4.6  15.5  18.3  9.6  6.7  
1751  4  21.3  8.9  14.9  4.6  
1752  4  21.1  9.1  5.3  16.9  
1759  3  22.1  13.0  10.0  
1760  3  21.9  3.9  11.1  
1761  6  22.0  4.2  6.8  12.8  9.9  17.7  
1762  3  22.3  5.5  8.5  
1779  4  22.2  9.9  7.2  4.4  
1781  3  22.0  17.0  4.8  
1783  4  21.8  16.3  3.2  12.0  
1800  4  22.1  11.1  7.2  3.7  
1801  3  21.9  7.2  5.2  
1804  2  21.9  14.0  
1807  4  22.4  11.0  7.9  5.2  
1808  1  22.3  
1809  2  21.5  3.5  
1810  3  21.8  7.1  4.9  
1811  5  21.9  8.4  10.8  17.8  4.7  
2719  5  21.4  4.1  18.2  14.5  8.5  
2720  6  21.5  5.6  13.1  8.6  16.6  3.5  
2721  5  21.8  8.0  12.4  18.8  3.1  
2722  5  21.1  5.5  11.1  14.0  7.8  
2723  5  21.6  9.2  5.9  3.5  12.6  
2735  4  22.4  5.6  12.9  9.7  
2736  4  21.8  10.4  4.6  6.6  
2737  4  21.7  11.8  6.4  3.9  
2738  3  22.2  11.8  5.7  
2739  6  21.6  17.7  15.1  3.9  8.0  12.9  
1858  4  22.3  6.3  3.4  15.4  
1859  2  21.7  6.0  
1860  4  21.8  8.9  6.3  14.3  
1861  5  22.3  19.2  13.5  16.5  6.6  
1877  6  9.7  13.4  17.3  20.1  22.3  6.6  
1878  3  22.0  12.1  3.8  
1879  7  22.3  3.2  11.0  16.1  18.9  7.6  5.5  
1880  5  22.0  7.9  15.7  3.2  11.8  
1881  5  22.0  6.5  10.6  18.6  13.9  
1882  2  21.9  9.9  
1918  4  22.3  6.8  11.2  20.2  
1919  5  22.5  6.0  11.1  19.2  15.4  
1920  8  10.5  12.7  15.0  17.0  19.1  21.2  6.6  3.6  
1921  3  21.8  5.3  12.0  
1922  7  21.6  8.3  19.5  14.0  5.9  11.0  3.6  
1932  4  7.3  22.2  3.1  14.2  
1933  5  22.0  14.6  9.5  6.5  3.4  
1934  7  22.2  4.6  7.9  10.2  14.0  16.5  19.1  
1935  6  22.0  4.4  6.6  10.7  18.1  15.5  
1945  2  20.0  4.5  
1946  4  20.0  4.3  8.2  12.8  
1947  4  19.9  4.2  11.2  6.7  
1948  6  20.3  22.4  11.5  5.3  17.8  14.7  
1963  5  22.0  4.7  13.0  18.4  8.2  
1964  6  22.3  5.7  11.6  19.5  16.0  8.0  
1965  6  22.1  8.5  11.3  14.6  4.0  6.2  
1966  5  22.1  4.0  18.2  9.7  15.9  
1967  6  22.0  8.1  4.9  10.5  14.5  17.2  
1974  6  5.1  7.4  9.5  12.3  14.5  18.1  
1975  3  10.3  5.1  7.2  
1976  2  7.2  3.2  
1988  4  22.6  9.7  4.7  16.0  
1989  7  22.7  3.3  17.0  10.3  14.6  6.3  19.5  
1990  6  22.5  16.7  8.1  12.6  3.1  5.8  
1991  4  22.8  7.0  10.6  14.7  
2001  6  21.7  4.7  7.9  13.9  11.9  19.3  
2002  6  21.8  11.1  7.9  19.1  4.4  15.4  
2003  4  21.9  7.8  17.3  11.4  
2004  6  21.9  18.1  5.0  15.4  7.3  11.5  
2016  5  22.2  9.6  3.9  7.4  16.2  
2017  4  21.9  3.5  6.2  10.1  
2018  5  22.4  4.8  13.3  7.6  20.1  
2019  7  22.3  18.3  8.5  12.0  6.4  15.5  3.7  
2020  3  22.2  4.5  9.4  
2047  3  20.8  8.4  14.5  
2048  5  20.3  4.6  13.8  7.5  10.7  
2049  5  20.3  8.8  3.7  5.9  16.3  
2050  5  19.6  11.2  8.3  3.4  14.3  
2051  5  18.9  14.9  7.3  9.7  3.2  
2062  3  21.6  3.6  9.6  
2063  6  21.6  3.1  11.3  16.2  6.6  14.0  
2064  4  21.8  4.2  11.2  7.8  
2065  5  21.6  3.8  12.3  19.1  6.4  
2066  2  21.4  6.3  
2074  6  21.4  14.7  17.1  11.2  4.9  8.8  
2075  6  21.2  13.9  8.5  4.7  11.9  18.3  
2076  4  21.6  14.9  6.5  9.4  
2077  6  21.7  10.9  13.8  16.0  19.4  8.4  
2088  5  21.9  5.9  10.8  8.0  3.9  
2089  4  21.6  12.7  4.9  9.7  
2090  5  21.1  7.7  16.0  4.0  11.0  
2091  3  21.2  6.0  17.8  
2092  3  21.1  5.3  16.4  
2102  5  21.8  12.7  16.9  19.2  3.6  
2103  4  21.8  4.6  15.7  8.5  
2104  4  22.0  8.9  19.5  14.2  
2106  5  22.3  6.2  8.3  18.5  11.2  
2121  5  21.9  4.3  14.6  8.2  19.2  
2122  3  22.0  5.0  14.6  
2123  6  22.1  3.1  6.4  11.6  18.3  14.8  
2124  4  22.1  4.3  18.7  11.7  
2125  4  22.1  14.8  4.6  18.3  
2126  4  22.0  16.4  6.5  11.4  
2134  4  21.3  4.6  12.0  7.1  
2135  4  21.7  3.4  7.2  18.5  
2136  5  21.5  11.2  7.5  3.5  17.5  
2137  3  21.4  8.6  4.5  
2146  5  21.7  4.3  14.5  9.8  12.0  
2147  4  22.2  11.9  17.4  3.1  
2148  4  21.7  15.3  4.2  12.7  
2149  5  21.2  3.0  7.4  12.8  9.5  
2157  6  21.4  16.2  3.1  9.2  13.9  11.3  
2158  4  21.6  5.7  3.7  11.0  
2159  6  21.6  5.1  13.6  15.8  18.3  11.4  
2160  4  21.3  6.9  4.6  18.0  
2174  5  22.1  16.8  20.0  4.1  7.6  
2175  4  22.1  19.1  3.3  9.3  
2176  2  21.8  4.4  
2177  4  22.0  4.2  17.3  8.2  
2187  6  22.0  11.2  4.4  7.0  14.6  17.9  
2188  3  22.2  15.6  7.0  
2189  5  21.8  14.5  18.4  6.3  11.1  
2190  4  22.2  8.8  16.1  3.0  
2199  4  22.0  13.7  5.0  7.6  
2200  6  22.2  5.6  3.1  16.7  9.8  12.2  
2201  7  22.1  9.9  4.5  14.6  19.2  16.9  6.7  
2202  5  22.2  16.2  3.4  12.5  10.0  
2203  3  21.9  13.4  3.8  
2211  5  22.0  4.4  12.2  8.0  10.0  
2212  3  22.0  14.3  9.0  
2213  5  21.8  7.5  5.3  14.9  11.4  
2214  3  22.0  10.1  5.9  
2215  5  22.1  9.8  13.5  6.6  3.1  
2226  5  22.0  18.3  4.8  8.0  15.8  
2227  4  21.9  7.2  3.5  16.8  
2228  6  22.1  10.2  17.9  5.7  7.8  3.6  
2229  5  21.7  10.5  15.4  6.1  3.7  
2238  5  22.0  12.8  3.4  9.9  17.2  
2242  7  22.1  3.2  6.7  11.6  14.1  16.9  19.9  
2243  7  21.8  5.8  9.9  12.1  15.7  19.2  3.4  
2244  5  22.0  4.7  8.0  13.8  10.8  
2245  7  22.3  14.3  5.0  16.6  8.3  19.6  11.0  
2246  6  22.1  10.8  6.3  17.6  3.6  13.6  
2261  4  21.9  4.2  17.7  10.2  
2262  6  22.0  3.9  18.1  12.3  9.0  5.9  
2263  6  22.1  10.9  14.4  6.9  17.6  3.3  
2265  4  22.2  14.0  5.2  10.4  
2266  6  9.7  7.3  22.2  3.4  15.2  19.9  
2267  5  22.8  7.3  3.3  11.6  19.4  
2273  3  22.2  4.5  15.5  
2274  6  22.3  7.0  14.7  18.9  11.4  3.3  
2275  5  22.0  3.4  12.9  5.7  10.0  
2276  4  21.9  4.2  8.7  17.5  
2282  4  22.0  8.3  18.0  11.7  
2283  6  22.2  16.7  4.6  9.6  7.2  12.9  
2284  4  22.2  9.4  6.2  17.2  
2285  3  22.0  15.4  6.7  
2286  5  22.4  3.4  10.0  16.9  5.4  
2287  6  22.3  16.7  8.1  5.0  3.0  12.5  
2288  6  22.2  7.9  19.4  4.3  14.3  16.8  
2750  3  22.6  3.8  12.2  
2751  4  21.9  4.0  11.3  6.2  
2752  4  21.9  15.4  9.8  5.7  
2764  3  22.0  7.9  12.3  
2765  3  22.2  8.6  14.9  
2766  5  21.9  19.5  14.9  10.6  3.8  
2767  4  22.3  7.1  3.2  10.4  
2781  4  22.0  4.9  11.0  17.1  
2782  4  21.7  5.1  7.9  10.8  
2811  4  21.7  3.7  12.9  17.2  
2812  4  21.8  9.3  3.6  12.0  
2813  3  22.2  7.3  17.3  
2822  2  21.8  5.6  
2823  3  21.6  3.5  8.9  
2824  2  21.7  9.3  
2825  3  21.9  8.2  13.2  
1207  1  10.2  
1213  7  20.2  17.4  22.4  29.0  36.1  12.8  149.7  
1222  5  20.4  14.1  24.1  27.2  18.3  
1213  7  20.2  17.4  22.4  29.0  36.1  12.8  149.7  
1222  5  20.4  14.1  24.1  27.2  18.3  
1213  7  20.2  17.4  22.4  29.0  36.1  12.8  149.7  
1222  5  20.4  14.1  24.1  27.2  18.3  
1213  7  20.2  17.4  22.4  29.0  36.1  12.8  149.7  
1222  5  20.4  14.1  24.1  27.2  18.3  
1213  7  20.2  17.4  22.4  29.0  36.1  12.8  149.7  
1214  8  20.2  18.1  28.8  22.6  4.7  8.6  11.0  14.0  
1222  5  20.4  14.1  24.1  27.2  18.3  
1223  4  20.3  15.3  29.3  89.8  
